1743688428.108046,1d5ab4ef-0f65-dd99-0b6e-312f5d6add59,f829de4d-5121-0c8a-e598-ed495f139305,2,-52.0,-73.0,-73.0,nan,-49.0,-52.0,-53.0,2.985038728909485,-0.9179346361029858,-0.5412451472972729,nan,0.7264667793789538,2.106299228258971,-0.15264438774352354,0.1265796970715731,1.0487712796637527,1.44933421000829,nan,0.4369879081266198,0.47183267373089943,0.41455024337039503,nan,nan,nan,nan,nan,nan
1743688428.321469,d500a44f-2051-d64b-3d63-8985cc792954,0ed212ae-863a-3af1-6caf-29372e6c43e0,18,nan,-91.0,-82.0,-87.0,-65.0,-71.0,-68.0,nan,-0.847365660905848,-0.3184642652610924,0.1128581090948329,0.6859986729999404,1.791237261654889,-0.2557486025169582,nan,0.8175465790753671,1.4541029994142405,0.2020436455760605,0.3173518618595028,0.2728899315441687,0.4751131154588586,-1.0029332637786865,1.9282739162445068,0.8644388914108276,nan,nan,nan
1743688428.47124,9c071f5d-0b8f-e641-6d63-2e3e3c3d7179,3b04e074-ff7c-11d1-19ab-80b6cd927f95,13,-71.0,-83.0,-83.0,-81.0,-64.0,-62.0,-62.0,1.8368328038883621,0.9043048439600692,-0.6681056247715245,-0.04610943848141391,0.7552998354084223,1.7566688253710152,0.1680525931357924,0.6661673761301647,0.32129087786307525,1.3702560356541857,0.30544919727679337,0.219021414312458,0.6037784873996596,0.36179740116831477,-1.14165461063385,1.378321886062622,0.7696641087532043,nan,nan,nan
1743688428.805778,d500a44f-2051-d64b-3d63-8985cc792954,aad45c63-ae5c-1250-d62f-31a67c88ef63,30,-77.0,nan,-93.0,-69.0,-65.0,nan,-56.0,0.9587313345258006,nan,-0.218900123695717,0.03951119056463359,0.9305683935921855,nan,0.560187277999916,0.34268405089968174,nan,1.0727369997343486,0.15765878699279784,0.5232471050777611,nan,0.34519808473594304,nan,nan,nan,nan,nan,nan
1743688429.33975,d500a44f-2051-d64b-3d63-8985cc792954,7ea8cdc3-78e1-c7a2-d954-7da5ddc90f07,10,nan,nan,-80.0,nan,-75.0,-61.0,-70.0,nan,nan,-0.36847150631394626,nan,-2.67745737893433,2.0015578399414746,0.04161420535287941,nan,nan,1.5030491039307523,nan,1.4927555168309459,0.274537825085971,0.5755631023373488,-1.01262092590332,1.864445447921753,0.9676470756530762,nan,nan,nan
1743688429.472352,4ecede9a-77ff-0ac2-8fa7-335dd98ec107,b83dce2c-2ef9-1441-09ef-9173d8b7378d,16,-85.0,-79.0,-80.0,-87.0,-64.0,-54.0,-56.0,0.9271252050248492,0.9491828367534304,-1.0531804757435155,-0.020278906436517367,0.8274745199963088,1.8345544088683587,0.28746049113072625,0.7213775684256791,0.5593672261459623,1.3908663724883634,0.34123758824311884,0.3862042946568501,0.5966116675119874,0.4205010374807627,-1.1879202127456665,1.2702840566635132,0.7620245218276978,nan,nan,nan
1743688429.813095,4ecede9a-77ff-0ac2-8fa7-335dd98ec107,6a8f2893-205b-be5d-f42b-e9c57cc11600,15,-78.0,nan,-85.0,-76.0,-79.0,-62.0,-60.0,0.9284080497219404,nan,-0.2143551729793878,0.0870960202899514,1.037229631949743,1.897959222193733,0.5898411990069171,0.2751958204515478,nan,1.1114349940601265,0.18857993481662405,0.5293811299995167,0.41644133160080793,0.3087975233735641,nan,nan,nan,nan,nan,nan
1743688430.099113,1d5ab4ef-0f65-dd99-0b6e-312f5d6add59,a335cdc2-6047-8715-c46e-056e7f23c906,35,-62.0,-79.0,-76.0,nan,-50.0,-58.0,-54.0,3.0277995086362335,-0.8834552221019478,-0.7939197462534838,nan,0.8602753162657625,1.8898008886134372,0.35261460011900764,0.14883107376945767,1.0727267465641517,1.4839329336261635,nan,0.3208447350690553,0.7112290520732972,0.46284322610773637,nan,nan,nan,nan,nan,nan
1743688430.321278,d500a44f-2051-d64b-3d63-8985cc792954,c563e136-f117-4d58-2e2d-a69c368a4d40,2,nan,-92.0,-84.0,nan,-67.0,-64.0,-70.0,nan,-0.8537710959597066,-0.6177367264426378,nan,0.5080077204004596,1.9736489868857956,0.4164002034356015,nan,0.8136769394324547,1.4955780049666987,nan,0.9683680824710793,0.39798152910149187,0.38668434166050236,-1.0173633098602295,1.8377383947372437,0.8577537536621094,nan,nan,nan
1743688430.472016,9c071f5d-0b8f-e641-6d63-2e3e3c3d7179,01f6146a-cfa6-3d51-7aa1-80112e0723f7,7,-81.0,-74.0,-81.0,-87.0,-62.0,-62.0,-61.0,1.8247441830682745,0.9221943622665674,-1.1442672429269505,-0.022026206427718357,0.8255997049529236,2.144358646708766,0.517317302583818,0.6527034989231602,0.22129532084586387,1.4367421185841232,0.27625098152019395,0.3326759586997372,0.4544733413015111,0.48127887733698854,-1.241010069847107,1.197212815284729,0.7925530672073364,nan,nan,nan
1743688430.811352,d500a44f-2051-d64b-3d63-8985cc792954,699c6554-bf26-cca3-42c7-7480fb0ee83d,24,-80.0,nan,-89.0,nan,-61.0,-63.0,-57.0,0.908331543528269,nan,-0.2402237882278725,nan,0.9393360401933148,2.008952744595256,0.5046773050184515,0.26465411339538947,nan,1.0087447674281889,nan,0.5643636300690953,0.4403436531927594,0.43560418920370214,nan,nan,nan,nan,nan,nan
1743688431.099513,1d5ab4ef-0f65-dd99-0b6e-312f5d6add59,2e40fc9e-a243-a88f-68eb-0970c8707b8e,26,-62.0,-74.0,-67.0,nan,-55.0,-54.0,-46.0,3.0549467075240653,-0.8835353832507592,-0.7717675723062047,nan,0.9085113217412811,2.1054893324771506,0.571869187498759,0.18466831709702924,1.1257016811777354,1.4756305289278413,nan,0.3411439131345333,0.44360184977180694,0.31222969307436127,nan,nan,nan,nan,nan,nan
1743688431.32193,d500a44f-2051-d64b-3d63-8985cc792954,440d67d1-5889-2a23-05c2-91d3bc37144f,11,nan,-89.0,-87.0,nan,-62.0,-60.0,-66.0,nan,-0.8812674352664478,-0.8912817199134726,nan,0.5059951312638847,2.1608908076625633,0.20810970365598555,nan,0.8737386122857665,1.3867252901513447,nan,0.6331524770571677,0.32265861881156344,0.3936397175071791,-0.977981209754944,1.8664718866348267,0.673321783542633,nan,nan,nan
1743688431.471074,1d5ab4ef-0f65-dd99-0b6e-312f5d6add59,5c500d52-ddd8-4d9f-c9aa-b956492ba195,2,-72.0,-80.0,-81.0,-69.0,nan,-63.0,-61.0,0.9241709604276243,0.9355069719236555,-1.0803869299656013,-0.11164956659215494,nan,1.4615174527374333,0.40541074222843565,0.675866009608988,0.7763543346516482,1.4575667067279976,0.3327327167229236,nan,0.44132260659974437,0.5212461932864292,-1.2469472885131836,1.1721583604812622,0.882181406021118,nan,nan,nan
1743688431.807037,4ecede9a-77ff-0ac2-8fa7-335dd98ec107,e0c2fc39-2c45-bd98-485f-518959b8999c,32,-88.0,nan,-84.0,-71.0,nan,nan,-56.0,0.9023064078780738,nan,-0.25911092667871444,0.07602419437405598,nan,nan,0.6386856171194135,0.24066519053379629,nan,1.0840078303627,0.18478556276402,nan,nan,0.41872459061687556,nan,nan,nan,nan,nan,nan
1743688432.101115,1d5ab4ef-0f65-dd99-0b6e-312f5d6add59,b6393b83-3c06-5195-8f14-b0d084a493b4,32,-64.0,-69.0,-72.0,-69.0,-54.0,-54.0,-53.0,3.047711964106756,-0.8713468938897936,-0.9525892861037508,-0.14179947960905104,1.0433364849686544,2.1377519731713566,0.5892836782230763,0.2566474693808775,1.305112851703921,1.4645610998569272,0.3555490497565548,0.4524415002148457,0.49285927051525974,0.3852139455701848,-1.0122448205947876,2.254206418991089,0.99496990442276,nan,nan,nan
1743688432.322181,d500a44f-2051-d64b-3d63-8985cc792954,4442096e-4d06-265a-e8b4-a06f12e39c08,10,nan,-87.0,-84.0,nan,-63.0,-63.0,-65.0,nan,-0.8600127466065254,-1.3174820365448485,nan,0.6164224688998949,1.5382635017603667,0.4942693217283341,nan,1.0292192164677454,1.3850719997466236,nan,0.47150711366494336,0.7499236657096606,0.29431393121208,-0.933592438697815,1.741129994392395,0.57249516248703,nan,nan,nan
1743688432.472499,9c071f5d-0b8f-e641-6d63-2e3e3c3d7179,6f83b382-0f2b-0c30-16c2-630e356f37fa,20,nan,-87.0,-86.0,-95.0,-60.0,-61.0,-61.0,nan,0.938075590795037,-1.0644762735070863,-0.2166702589149937,0.8150823708591345,1.9051508425051926,0.314661091688954,nan,0.3044353984288275,1.466715464020747,0.29961754027979237,0.44768921108406556,0.4998818759504096,0.6734597224405898,-1.2451484203338623,1.1579430103302,0.948979914188385,nan,nan,nan
1743688432.807403,4ecede9a-77ff-0ac2-8fa7-335dd98ec107,7727a5f6-450c-332e-4811-603d5491353d,2,-82.0,nan,-87.0,-67.0,-62.0,-65.0,-54.0,0.9496560804791375,nan,-0.17288735796187296,0.14390124634134155,0.6286315626959001,2.1537427306127848,0.7512065045995484,0.22766318868359553,nan,1.2465388872145549,0.20322262699063856,0.6462148867341252,0.50321634837366,0.6818398219838935,-4.356735706329346,1.2701971530914307,1.1294944286346436,nan,nan,nan
1743688433.102461,1d5ab4ef-0f65-dd99-0b6e-312f5d6add59,6b0c1fa6-a475-0d7d-f52a-ab79e1156bb2,10,-75.0,-63.0,nan,-67.0,-56.0,-50.0,-46.0,3.034701356917283,-0.8763208798577347,nan,-0.13849343143182666,1.303430093424089,1.9462043585482556,0.6968219723827884,0.2590748741354575,1.1642898201085476,nan,0.3773913316214895,0.49642858897318887,0.6663239428651317,0.28629272847715315,-1.3456699848175049,2.3106532096862793,1.1008483171463013,nan,nan,nan
1743688433.322609,d500a44f-2051-d64b-3d63-8985cc792954,a1e670fe-beb2-0b02-3200-e52496950a11,0,nan,-87.0,-78.0,nan,-83.0,-61.0,-64.0,nan,-0.861317429224555,-1.2907175339056611,nan,0.8652031912943179,2.1332139145037368,-0.05776126306906948,nan,1.0951202694852193,1.456721019923843,nan,0.28108030858252153,0.6331381613758742,0.4356933496644565,-0.980430543422699,1.7190585136413574,0.5667282938957214,nan,nan,nan
1743688433.472189,4ecede9a-77ff-0ac2-8fa7-335dd98ec107,c125c826-afdc-5201-8adc-bda86480b164,19,-80.0,-89.0,-85.0,-80.0,-57.0,-67.0,-49.0,0.9243126405976164,0.9364872815209137,-1.095706497820173,-0.10742206467776318,1.037229631949743,2.2358786432519135,0.4601848918773536,0.6384460662903392,1.0570888643802883,1.4367968465445242,0.15709769224063175,0.5293811299995167,0.5221929494500035,0.74796606476244,-1.2539681196212769,1.15924870967865,1.0010138750076294,nan,nan,nan
1743688433.805598,d500a44f-2051-d64b-3d63-8985cc792954,8d33ee29-9064-f1bd-ae82-22c25236c001,19,-76.0,nan,-79.0,-73.0,-65.0,-72.0,nan,0.9280264187377318,nan,-0.28463812467545097,0.22186049356344908,1.5707963265582765,2.2484318844849844,nan,0.2622042215743551,nan,1.3572414337230778,0.18818816717551654,1.1344640137963142,0.46978569167294576,nan,-4.37545108795166,1.3016250133514404,1.1111600399017334,nan,nan,nan
1743688434.100116,1d5ab4ef-0f65-dd99-0b6e-312f5d6add59,ed0b15af-6ab4-198e-9c98-36e2a5bfc606,36,-78.0,-74.0,nan,-66.0,-55.0,-50.0,-43.0,2.985168691170681,-0.823129030773364,nan,-0.10367712755289374,1.7314636939422623,2.217304759402123,0.7959514140769243,0.3220855984218685,1.3888709990416217,nan,0.28953021843987203,0.4820829579689381,0.48239679065902946,0.23638956400927819,-1.8511918783187866,2.26115608215332,1.1102687120437622,nan,nan,nan
1743688434.325369,d500a44f-2051-d64b-3d63-8985cc792954,841b1404-8511-3f93-49dc-c3572247a153,21,nan,-92.0,-81.0,-81.0,-67.0,-66.0,-55.0,nan,-0.8626956150886711,-1.2629186594990875,0.2931791486074441,0.6018301379236058,2.0726773875471163,0.34957067653400015,nan,1.1695132111125746,1.4630083437833563,0.3063065021212035,0.27655629911441737,0.6561044434167792,0.5478357141298608,-1.024430274963379,1.8357659578323364,0.5402732491493225,nan,nan,nan
1743688434.481197,9c071f5d-0b8f-e641-6d63-2e3e3c3d7179,bda98ccd-fbd7-d850-4ecb-65893383899f,23,nan,-90.0,-76.0,-83.0,-70.0,-60.0,-64.0,nan,0.9293481455867383,-1.087454560024508,0.35916189409135624,1.1813439117998594,2.289410898632529,0.8351951926038808,nan,0.3949673625781719,1.3956175850311194,0.19349899308708216,0.5290628587616333,0.3499088370913043,0.5910193432501158,-1.2822829484939575,1.17520809173584,1.019624948501587,nan,nan,nan
1743688434.818321,4ecede9a-77ff-0ac2-8fa7-335dd98ec107,2d3ec7d4-1bbc-e803-5099-8b76c832d990,9,-76.0,nan,-89.0,-65.0,-64.0,-59.0,nan,0.9878772358117367,nan,-0.2747878907515749,0.26792385935800467,1.9938273234972124,2.3614983416541273,nan,0.32054975342121983,nan,1.3305596222357372,0.16794652834950344,0.9306772713518893,0.4180090237563268,nan,-4.437429904937744,1.3140145540237427,1.0851037502288818,nan,nan,nan
1743688435.099731,1d5ab4ef-0f65-dd99-0b6e-312f5d6add59,8ea8306c-2e18-dade-3801-8c239ad1e73e,6,-73.0,-73.0,nan,-64.0,-53.0,-60.0,-47.0,-3.08166620274083,-0.9508620929787799,nan,-0.10994620875894029,1.3490461837735428,2.174308533466988,1.104352997026364,0.22020134420432974,1.4684332029238478,nan,0.2201391261033628,0.45882576661707686,0.5946869064853756,0.5880437282744669,-2.254936456680298,1.9877402782440186,1.1815499067306519,nan,nan,nan
1743688435.339635,d500a44f-2051-d64b-3d63-8985cc792954,a677e8fb-d36b-5d10-bd13-1b9ae0748052,5,nan,-86.0,nan,-80.0,-63.0,-56.0,-47.0,nan,-0.8513015466808761,nan,0.2640971631876698,0.48954712061429717,2.3002889173404197,0.8880892100077922,nan,1.4134758111948094,nan,0.20996227211654528,0.26354532580090806,0.494911904543697,0.8705058823760284,-1.0955134630203247,1.927337646484375,0.57076495885849,nan,nan,nan
1743688435.481477,9c071f5d-0b8f-e641-6d63-2e3e3c3d7179,e3694b4d-b6ed-9905-3a40-1c74155bbfa1,14,-78.0,-84.0,-90.0,-67.0,-71.0,-64.0,-53.0,0.9321338120869612,0.9164757564578403,-1.057301451214304,0.5057313615288482,1.570796326676979,2.3184287502608663,0.9640656897402949,0.6603346538687277,1.1215259777465458,1.3921203218876275,0.20493593838842744,0.5585053606381855,0.26808659189345285,1.0528410766802856,-1.3080973625183105,1.210289478302002,1.024452567100525,nan,nan,nan
1743688435.810357,d500a44f-2051-d64b-3d63-8985cc792954,51e361ef-87a9-9604-9d3f-0bb329936d6f,13,-78.0,nan,-90.0,-74.0,-58.0,-64.0,-48.0,1.0208383816753204,nan,-0.3016384134939718,0.3432005044140754,2.0726773875471163,2.294109928454836,1.3248062298627301,0.2836793866830224,nan,1.304286339659615,0.1702611482319186,0.6561044434167792,0.3383875618034145,1.0473627037730469,-4.4495038986206055,1.3276454210281372,0.9951558709144592,nan,nan,nan
1743688436.100045,1d5ab4ef-0f65-dd99-0b6e-312f5d6add59,e19af7f4-03a5-54db-400c-627a29137fc0,18,-66.0,-71.0,nan,-71.0,-64.0,-58.0,-43.0,2.9572731440165367,-0.8856912121531784,nan,-0.1822140144154395,1.6429060237516233,2.3087916712743244,1.6309293722512772,0.26430988317973986,1.4429984166169372,nan,0.15260458994177498,0.8003322394289033,0.39798152911237294,0.8536362199306764,nan,nan,nan,nan,nan,nan
1743688436.330194,d500a44f-2051-d64b-3d63-8985cc792954,211c226c-3f84-4eda-138b-da9ac133c700,30,nan,nan,-77.0,-90.0,-68.0,-65.0,nan,nan,nan,-1.2364424440479007,0.2405337801787577,0.7527199085097922,1.467299288256595,nan,nan,nan,1.3689578777808267,0.20268709858493728,0.20629867986450529,0.8681418174635999,nan,-1.0968652963638306,1.990462064743042,0.5547151565551758,nan,nan,nan
1743688436.471341,9c071f5d-0b8f-e641-6d63-2e3e3c3d7179,ab4554bb-6386-e230-a6ad-6b8bf13a5711,25,nan,-75.0,nan,-74.0,-54.0,-80.0,-53.0,nan,0.9525549313256887,nan,0.5102193205978498,1.8437936498875627,3.141592653589793,1.900234456450511,nan,0.34849813103348826,nan,0.13941769813289548,0.6123224472564955,0.33161255791147953,1.2566678125410475,-1.574857473373413,1.2404844760894775,1.0345594882965088,nan,nan,nan
1743688436.814088,4ecede9a-77ff-0ac2-8fa7-335dd98ec107,34223e48-3691-ae17-1079-d671d70f7905,32,-90.0,nan,-86.0,-70.0,-60.0,-66.0,-61.0,0.9692204607951866,nan,-0.1381392310068461,0.4269143101196262,1.9179032542670578,2.388411596444874,1.8267996325440006,0.32115136151146867,nan,1.281234549896107,0.23885910126153181,0.6998147975536355,0.2866277682421222,1.0641047136087058,-4.48592710494995,1.330035924911499,0.9024598002433777,nan,nan,nan
1743688437.099562,1d5ab4ef-0f65-dd99-0b6e-312f5d6add59,63a7a12d-bf1f-2682-0f4a-79c849e9e0a1,15,-70.0,-81.0,nan,-54.0,-48.0,nan,-46.0,-2.926212962539052,-1.1064727260009817,nan,-0.14573802854516918,2.0136137180044544,nan,2.3758118860563937,0.47855862958406536,1.3449739816357908,nan,0.16979596056850899,0.48668470653188217,nan,0.8565946368723143,nan,nan,nan,nan,nan,nan
1743688437.325211,d500a44f-2051-d64b-3d63-8985cc792954,9d69fb44-c500-84fc-e4c4-7b4e39d01020,9,nan,-83.0,nan,-78.0,-63.0,-58.0,-41.0,nan,-0.8580246968527813,nan,0.18806178353703548,1.2637402949115528,0.950810265655018,2.0378867264527947,nan,1.527238596111942,nan,0.20621282426257956,0.8117219924216064,0.6056322189413818,1.197565113291126,-1.1709258556365967,1.9228684902191162,0.5886566042900085,nan,nan,nan
1743688437.48314,9c071f5d-0b8f-e641-6d63-2e3e3c3d7179,49aa16ca-e30a-6346-36e8-0aa224006ca1,22,-77.0,-83.0,nan,nan,-56.0,-60.0,-53.0,0.9431068347264145,0.9613191281570306,nan,nan,2.1537427306127848,2.9267998736294363,2.7591634682651005,0.5595413303022263,1.2951603523941861,nan,nan,0.50321634837366,0.46189956574303437,1.086793382919723,-1.8783493041992188,1.27094304561615,1.0379743576049805,nan,nan,nan
1743688437.819973,4ecede9a-77ff-0ac2-8fa7-335dd98ec107,d8b69073-a71c-cacd-ea96-d29eb7b7bcbe,5,-76.0,nan,nan,nan,nan,nan,-52.0,0.9725813700908665,nan,nan,nan,nan,nan,2.5543476440056536,0.35111551904233174,nan,nan,nan,nan,nan,1.118950119276356,nan,nan,nan,nan,nan,nan
1743688438.097526,4ecede9a-77ff-0ac2-8fa7-335dd98ec107,6a0637eb-ef83-6bda-0425-a0186b36ca49,3,-70.0,-67.0,-85.0,-54.0,-61.0,-61.0,-44.0,-2.987125049307453,-1.084447984311863,-2.94345826217786,0.04889936603938093,1.7435166549630392,2.273770476750161,2.7784115843189703,0.5255620246643916,1.432957100884848,1.0135468463477653,0.1857386082496185,0.6799332995952472,0.6912673266985924,0.8216808095445772,nan,nan,nan,nan,nan,nan
1743688438.323883,d500a44f-2051-d64b-3d63-8985cc792954,689770b8-ce38-0238-7f1c-53fd91c5fafd,15,nan,-79.0,-85.0,-63.0,-69.0,-76.0,-58.0,nan,-0.9583080250705325,-1.4279009563972778,0.3263858379235331,1.9202086645441492,1.9236555688128953,2.6907487969258503,nan,1.4968832202169462,1.382826422315469,0.235618333820528,0.6787014800595071,0.8162050261921747,0.9821729096872774,-1.3914518356323242,1.818273901939392,1.065492033958435,nan,nan,nan
1743688438.477665,9c071f5d-0b8f-e641-6d63-2e3e3c3d7179,eb3ec6f1-893c-96e3-bfee-ad9a21bafde0,15,nan,-78.0,nan,nan,-57.0,-67.0,-51.0,nan,0.942410950733577,nan,nan,-3.0610229190592015,1.79405967690798,3.0822516438327043,nan,0.34329987361224895,nan,nan,0.522192949468939,1.194488679271461,0.9416398246273296,-2.08657956123352,1.3210562467575073,1.0451009273529053,nan,nan,nan
1743688438.806486,d500a44f-2051-d64b-3d63-8985cc792954,2050b6b1-e72d-4ed4-3de7-2c590a7ad3cf,19,-89.0,nan,nan,nan,-51.0,-63.0,nan,0.9785026424585488,nan,nan,nan,2.0344439356825657,-0.7860838648217299,nan,0.36179742488512595,nan,nan,nan,0.6590580358537951,1.4967652031176155,nan,nan,nan,nan,nan,nan,nan
1743688439.098475,4ecede9a-77ff-0ac2-8fa7-335dd98ec107,311b5353-7f12-091b-eb11-b225be02a914,1,-72.0,-64.0,-70.0,-63.0,-47.0,-54.0,-43.0,-2.8847310327677596,-1.0972171759485205,-2.9679127388875126,0.02405899728777584,2.137247994609506,1.2006799796412646,-3.0946366642141525,0.4248835166303862,1.4430141292673684,0.9272421177967036,0.1636057089307288,0.5221929494459893,0.8100320184726074,0.732489919439598,nan,nan,nan,nan,nan,nan
1743688439.324943,d500a44f-2051-d64b-3d63-8985cc792954,1fe65b77-dc13-7070-a04a-1be7f03c53b4,22,nan,-94.0,nan,-57.0,-77.0,-71.0,-54.0,nan,-1.2340305522066706,nan,0.4352092579668959,1.7780753491458028,2.24487092905112,-3.026184162053681,nan,1.5025096806519567,nan,0.8435514150136092,0.6900442017509127,0.5424452603509033,0.7122818312310487,-2.1446735858917236,1.55900239944458,1.2840559482574463,nan,nan,nan
1743688439.472129,4ecede9a-77ff-0ac2-8fa7-335dd98ec107,fa3d8791-8d52-1b0f-3f90-e16c51057120,12,-84.0,-79.0,nan,nan,-58.0,nan,-65.0,0.9443119151196756,0.9613798482298844,nan,nan,2.8260074314977053,nan,-2.633584933017643,0.40327662491630084,1.4309444168910204,nan,nan,0.7600858644858935,nan,0.9683680826150609,nan,nan,nan,nan,nan,nan
1743688439.811421,d500a44f-2051-d64b-3d63-8985cc792954,752b02e9-21ea-75eb-a07e-48070c5744dd,24,-81.0,nan,nan,nan,nan,nan,nan,0.9143217917681843,nan,nan,nan,nan,nan,nan,0.751566230436436,nan,nan,nan,nan,nan,nan,nan,nan,nan,nan,nan,nan
1743688440.09921,1d5ab4ef-0f65-dd99-0b6e-312f5d6add59,c580f228-fe32-58b7-ea68-ef5bfebdfc1f,20,-75.0,-69.0,-68.0,-58.0,nan,-52.0,-41.0,-2.876326362683579,-1.0630658633937804,-2.964605092813634,0.010138920586040667,nan,2.296485439347545,-2.827578532608326,0.372977608167874,1.4608431938171218,0.951278012162023,0.17629327467997533,nan,1.3365223542013018,0.4682048197189086,nan,nan,nan,nan,nan,nan
1743688440.339129,d500a44f-2051-d64b-3d63-8985cc792954,27644cb1-0c0b-e739-1b9c-208927dc0f38,8,nan,-86.0,-81.0,-63.0,-69.0,nan,nan,nan,-1.2915923823237523,-1.4796750716753448,0.4386998632076628,1.8898008886134372,nan,nan,nan,1.5247946131795762,1.3914557300375978,0.8739922118005693,0.7112290520732972,nan,nan,-2.8922269344329834,1.4662976264953613,1.4408652782440186,nan,nan,nan
1743688440.482173,9c071f5d-0b8f-e641-6d63-2e3e3c3d7179,7150a5db-292a-39f7-ddf8-f31ad3371916,35,nan,-76.0,nan,nan,-55.0,-54.0,-61.0,nan,0.9617849150316854,nan,nan,2.4713305489652804,2.705717088998073,-1.5707963264712899,nan,0.3913407030952156,nan,nan,0.7512469327445366,0.8594514487049104,1.2566370614359172,-2.439978837966919,1.4801814556121826,1.0708966255187988,nan,nan,nan
1743688440.805731,d500a44f-2051-d64b-3d63-8985cc792954,8aa37b6d-acbd-2e03-0a22-c45e01de8965,14,-78.0,nan,nan,nan,-45.0,nan,-61.0,0.9564543317937828,nan,nan,nan,2.194384443978889,nan,2.8788189259896133,0.6192878846195544,nan,nan,nan,0.5438679928897621,nan,1.1566550996797498,nan,nan,nan,nan,nan,nan
1743688441.099453,4ecede9a-77ff-0ac2-8fa7-335dd98ec107,82e89daf-3f51-5bd1-8c26-742badd0ecea,25,-75.0,-72.0,-78.0,nan,-38.0,-59.0,-48.0,-2.9563471629055162,-1.1874666452852347,-2.9652245440831866,nan,2.251198608543294,-2.7130094549338852,-2.625867798636172,0.3095963050157784,1.4524708811401856,0.7793681674782634,nan,0.5004395108672411,0.7904542644498758,0.4012741022921072,nan,nan,nan,nan,nan,nan
1743688441.322867,d500a44f-2051-d64b-3d63-8985cc792954,eaa8e446-0db9-282e-65cb-aac2aa6533be,36,nan,-82.0,-86.0,-66.0,-67.0,-67.0,nan,nan,-1.4007327185368346,-1.4427554031674674,0.4430658494987387,2.002472891105801,2.4643830550423065,nan,nan,1.4525101627662644,1.3969267950230027,0.9590660272957962,0.5900103348387198,0.562962621763673,nan,-3.8641891479492188,1.6202969551086426,1.5566949844360352,nan,nan,nan
1743688441.476429,1d5ab4ef-0f65-dd99-0b6e-312f5d6add59,e701a17d-99ab-408a-f512-ac71cee5c920,31,-83.0,-74.0,-93.0,nan,-52.0,-64.0,-63.0,0.9644102592342855,0.9805647280905971,-2.736927456481125,nan,2.3053471676494097,2.627303602056259,-2.144716247922101,0.3688314991142977,1.4778314984107377,0.8354855655991135,nan,0.5586150362892573,0.5973274928515834,0.9553707611818056,-2.8065364360809326,1.6083011627197266,0.9717503786087036,nan,nan,nan
1743688441.805874,d500a44f-2051-d64b-3d63-8985cc792954,3431ad4c-ef6c-e70c-a70e-97ff7db625c1,14,-79.0,nan,nan,nan,nan,nan,nan,0.9784528413461644,nan,nan,nan,nan,nan,nan,0.7250766991797993,nan,nan,nan,nan,nan,nan,nan,nan,nan,nan,nan,nan
1743688442.112012,1d5ab4ef-0f65-dd99-0b6e-312f5d6add59,212bf5ee-078a-a126-bb0b-e4c7bca3f432,33,-82.0,-60.0,-70.0,nan,-39.0,-51.0,-56.0,-2.8884168477164294,-1.2179567771313884,-2.9368198005286192,nan,2.397880595858148,-3.076903461906909,3.0922473181479835,0.21140352496422574,1.3464308639101188,0.6889878703529994,nan,0.4758323706538902,0.6273231892227885,0.7847891758824176,-2.611049175262451,1.801507830619812,1.1957988739013672,nan,nan,nan
1743688442.322219,d500a44f-2051-d64b-3d63-8985cc792954,bc132eb0-dff3-d247-4e77-c4995d2cf96c,12,nan,-78.0,-86.0,-66.0,-63.0,-62.0,nan,nan,-1.3871298243209278,-1.4212451842009517,0.46608594764527467,2.194222866532672,2.7679369253285295,nan,nan,1.4591885718318558,1.2752926380299767,1.2152464780900145,0.4144568782644529,0.7149489922896295,nan,-3.96070146560669,2.0646121501922607,1.579481840133667,nan,nan,nan
1743688442.479814,9c071f5d-0b8f-e641-6d63-2e3e3c3d7179,da6a86b4-8480-fc1d-b7f7-591723753fce,24,-87.0,nan,-85.0,-84.0,-50.0,-61.0,-63.0,3.0861749344663343,nan,-2.7784466705076785,0.7757676402635038,2.4933665038158686,0.46670462588457307,2.956578252847883,0.5551658564997669,nan,0.6766043710212125,1.1420421718361893,0.7954523165691167,1.3758613261318087,0.8466784374296883,-3.2005319595336914,1.7139067649841309,0.831346094608307,nan,nan,nan
1743688442.808806,4ecede9a-77ff-0ac2-8fa7-335dd98ec107,7489f11b-a217-af52-97f9-eb3dbf3fc69d,19,-81.0,nan,nan,-76.0,-40.0,-55.0,-56.0,0.9312754752676285,nan,nan,1.1838155845887905,2.4713305489652804,0.45387268574838335,-2.6976283757041335,0.7470025044344216,nan,nan,1.2393685922956255,0.7512469327445366,0.8909622636972838,0.8220927473937428,-4.585285663604736,1.334367275238037,0.8076019883155823,nan,nan,nan
1743688443.109277,1d5ab4ef-0f65-dd99-0b6e-312f5d6add59,77b7d7ce-625f-b9d3-d92c-f331697112c9,33,-76.0,-61.0,-79.0,nan,-40.0,-52.0,-58.0,-2.9169917672646526,-1.203291015324431,-2.9342581058760726,nan,2.6292269956221888,1.1295787323888624,-2.763161027972889,0.5169242281162878,1.4931963400038408,0.6925039753612037,nan,0.5314697238843976,1.1436432790047328,0.49241947153321713,-3.0900399684906,1.9231401681900024,1.3450548648834229,nan,nan,nan
1743688443.322257,d500a44f-2051-d64b-3d63-8985cc792954,1eb21d10-c157-97fc-8590-ac0b64a42925,5,nan,-80.0,nan,-65.0,-67.0,nan,nan,nan,-1.2386033329563912,nan,0.4487413120978066,2.377947838491905,nan,nan,nan,1.35424897276421,nan,1.2744750475753228,0.5927697102469566,nan,nan,-4.367748260498047,2.213149070739746,1.47181236743927,nan,nan,nan
1743688443.482037,9c071f5d-0b8f-e641-6d63-2e3e3c3d7179,364bc8cf-5248-bfe5-c0f9-40c04b22be74,33,nan,-83.0,nan,-78.0,-47.0,-60.0,nan,nan,0.9611356363579241,nan,0.7821224752566508,2.6076794968579464,2.6679612156067973,nan,nan,1.4889087838068678,nan,1.2956331966457295,0.8337960202535195,1.2207226084042704,nan,nan,nan,nan,nan,nan,nan
1743688443.807451,4ecede9a-77ff-0ac2-8fa7-335dd98ec107,d8cc5757-48aa-7729-5283-5eb2f91a3b58,1,-80.0,nan,-73.0,-82.0,-43.0,-49.0,-57.0,0.96617806556588,nan,3.1074024588831377,1.3001983873863432,2.878384471840506,2.428969291695272,-2.399236908767099,0.8775359471050832,nan,0.7063544769794604,1.1630023148795487,0.9257246164381425,1.2746496967090468,0.738295408112607,-4.85608196258545,1.3182424306869507,0.71572744846344,nan,nan,nan
1743688444.108929,1d5ab4ef-0f65-dd99-0b6e-312f5d6add59,1f99de60-2db9-8744-ffbf-11753c0346ca,6,-64.0,-66.0,-63.0,nan,-36.0,nan,-51.0,-2.894515486612711,-1.1098208521234294,-2.9513641221898697,nan,2.69856700965785,nan,-1.325940789167913,0.5733357058005096,1.4727295475524185,0.7161027784126137,nan,0.5808620510311733,nan,1.1019597249143818,-3.5355920791625977,2.03912878036499,1.447334885597229,nan,nan,nan
1743688444.325255,d500a44f-2051-d64b-3d63-8985cc792954,9f010bcc-6ab8-bfbb-ba70-831482d1fdcc,28,nan,-72.0,nan,-79.0,-63.0,-77.0,-70.0,nan,-1.1809614748485529,nan,0.3847860311517717,2.588141521799905,2.6707280845315218,-2.63661268586321,nan,1.4172049025111926,nan,1.4059067079026406,0.6367573703297306,0.45882576666628766,0.8779340057279762,-4.81612491607666,2.288611888885498,1.3924236297607422,nan,nan,nan
1743688444.473559,9c071f5d-0b8f-e641-6d63-2e3e3c3d7179,fa9c42d9-2b12-a10d-7736-86500a0a90d0,29,nan,nan,-86.0,-73.0,-49.0,-59.0,-55.0,nan,nan,-2.6275405115511012,0.732284877565235,2.6455992618147106,0.3102451413130052,-2.7404149495735544,nan,nan,0.7013531936103462,1.3373674609303068,0.9530677818762937,1.0974483563606212,0.902673096016085,-3.5897364616394043,1.8265626430511475,0.7169183492660522,nan,nan,nan
1743688444.807885,4ecede9a-77ff-0ac2-8fa7-335dd98ec107,4d63be69-1b11-eb29-fa32-caa01c62df6e,31,-80.0,nan,-76.0,-79.0,-61.0,-50.0,-56.0,0.9759531983470159,nan,3.1112896088102175,1.361856425576076,2.5543476440056536,0.7223528363441113,-2.217304759395112,1.150956970427175,nan,0.6182840726256763,1.2406427817191739,1.118950119276356,1.0559216425410325,0.6060027455670415,-4.98960828781128,1.3603256940841675,0.6258460879325867,nan,nan,nan
1743688445.098572,1d5ab4ef-0f65-dd99-0b6e-312f5d6add59,1d280a90-45c6-5a74-f6d1-37b303d409d1,7,-68.0,-77.0,nan,nan,-30.0,-47.0,-58.0,-2.847262220443108,-1.259870804789546,nan,nan,2.5544786939042923,0.625678561235683,-1.591592296297761,0.5382403359288501,1.466865932622336,nan,nan,0.7462587700551375,0.8767596634220011,0.8724831357806276,-4.0576324462890625,2.0972142219543457,1.5326111316680908,nan,nan,nan
1743688445.326065,d500a44f-2051-d64b-3d63-8985cc792954,af215211-2ef9-14e2-fa4e-a9fa4354bcc6,25,nan,-77.0,nan,-77.0,-47.0,-76.0,-69.0,nan,-1.1639079228082303,nan,0.40465028340656367,2.631652038585073,2.620911155573369,-1.9737524553771841,nan,1.3937845312528179,nan,1.3394769508297586,0.840652986426274,0.3371066596490073,1.0740823825241272,-4.952674388885498,2.3159992694854736,1.309951663017273,nan,nan,nan
1743688445.472424,9c071f5d-0b8f-e641-6d63-2e3e3c3d7179,ccfc5f1c-3fe7-36ef-f5aa-e2c69ef2c598,19,-81.0,-95.0,nan,nan,-56.0,-64.0,-62.0,3.1119069295508974,1.0443855194015832,nan,nan,2.379569961286612,2.693510146880674,-1.902320309551048,0.5095227708147395,1.4715040939768185,nan,nan,1.2389029410132253,1.2437585020225794,1.0324358765678543,-4.02940797805786,1.9442291259765625,0.6190831065177917,nan,nan,nan
1743688445.816161,4ecede9a-77ff-0ac2-8fa7-335dd98ec107,8fefc9d8-759d-024c-447d-521526a29cf8,8,-74.0,nan,-72.0,-73.0,-53.0,-53.0,-64.0,0.9865472531633511,nan,3.056538212591496,1.2890815540480258,2.1663246082265557,2.240204214680119,-2.3087916712743244,1.3947549871540426,nan,0.6449791333394398,1.3363930102874468,1.2956076740527456,1.1887359197487526,0.39798152911237294,-5.131206035614014,1.4370561838150024,0.5385066270828247,nan,nan,nan
1743688446.096829,1d5ab4ef-0f65-dd99-0b6e-312f5d6add59,bf257eaf-e0ba-bbb2-ed5b-f86292e2317a,5,-58.0,-74.0,nan,-69.0,-36.0,-50.0,nan,-2.9222797399251137,-1.1482602535073607,nan,-0.18556080895734206,1.9426699272275363,2.1832599051853325,nan,0.5798115148861736,1.4480598874266877,nan,0.9615387057889075,1.1190053591038798,1.1615792772571618,nan,-4.30115795135498,2.1593146324157715,1.7187178134918213,nan,nan,nan
1743688446.322372,d500a44f-2051-d64b-3d63-8985cc792954,6f67ca03-db92-8b75-42c4-d8d68506314e,15,nan,-73.0,nan,-82.0,-44.0,-69.0,-70.0,nan,-1.1509155582722241,nan,0.41390929556844225,2.30484177640457,1.6878078392572236,-2.2190394592256943,nan,1.4183166391082462,nan,1.2264183057048426,1.2389029410081613,1.1488497536368598,0.5746031554522363,-5.155653953552246,2.450674295425415,1.25688374042511,nan,nan,nan
1743688446.484685,9c071f5d-0b8f-e641-6d63-2e3e3c3d7179,31b73113-74d6-74ef-6ce6-7f8c60e15570,30,nan,nan,nan,nan,-64.0,-58.0,-63.0,nan,nan,nan,nan,1.1295787323888624,3.0849326326127193,-0.9971167310318013,nan,nan,nan,nan,1.1436432790047328,0.9067918938542352,0.7956513839856076,-4.4029059410095215,2.1261484622955322,0.4843340814113617,nan,nan,nan
1743688446.806216,d500a44f-2051-d64b-3d63-8985cc792954,929ac300-bf29-5cf0-1a1c-06de9ee85424,12,-75.0,nan,-75.0,-72.0,-56.0,-52.0,-59.0,1.0282954990436513,nan,3.108656807756565,1.1493103379251792,-0.38108460104397024,2.997229291521788,-2.101491157818279,1.345121920234345,nan,0.6864878944587146,1.2940922916390096,1.4768239355849626,0.9199914840355635,0.5586150362805589,-5.46477174758911,1.4996213912963867,0.45721715688705444,nan,nan,nan
1743688447.101119,1d5ab4ef-0f65-dd99-0b6e-312f5d6add59,54be8f3f-cd8a-bbb4-909b-4ceedddd15e9,27,-61.0,-68.0,nan,-73.0,-46.0,-50.0,-58.0,-2.935563587442429,-1.08128121945965,nan,-0.07337727856662622,0.7931537720776356,2.8639388821543466,-1.2760426105016478,0.6598106769242545,1.3969286592357655,nan,0.8965425283308152,1.0701627599688837,0.8008049525445252,0.7008166987134486,-4.69365930557251,2.346367359161377,1.8992139101028442,nan,nan,nan
1743688447.32298,d500a44f-2051-d64b-3d63-8985cc792954,1fa4649e-799b-234c-289f-3fb2f3fdad6f,30,nan,-80.0,nan,-79.0,-43.0,-71.0,-61.0,nan,-1.1182592111954,nan,0.4085930934004261,0.6568975736948443,0.5544343849441349,-1.3435057512643567,nan,1.5106026277305442,nan,1.0937151191150662,1.2233809079301579,0.8636629197461692,0.6660526107619821,-5.357282638549805,2.5862274169921875,1.147052526473999,nan,nan,nan
1743688447.472874,9c071f5d-0b8f-e641-6d63-2e3e3c3d7179,5139ccf8-170c-5f4a-7424-7d5252003e06,20,-68.0,-85.0,nan,nan,-53.0,-55.0,-55.0,3.0234724044970727,1.218623366352235,nan,nan,0.5331889877129289,2.870928877787774,-1.0443404721479372,0.8120789096203527,1.4711529561870913,nan,nan,1.0365373813821743,0.6799332996450266,0.5880971269560753,-4.7100191116333,2.338092088699341,0.41373294591903687,nan,nan,nan
1743688447.808135,4ecede9a-77ff-0ac2-8fa7-335dd98ec107,cdbd96db-4eee-1025-3415-6acdb2de77be,14,-76.0,nan,-86.0,-78.0,-55.0,-45.0,nan,1.0405364526780914,nan,3.101666009895107,1.1510459200075835,-0.8429722742377687,2.9248703956072974,nan,1.2842182224233774,nan,0.7947689617460829,1.312394333598361,0.9171842432090294,0.7561228459632585,nan,nan,nan,nan,nan,nan,nan
1743688448.096997,4ecede9a-77ff-0ac2-8fa7-335dd98ec107,3d0807d5-26a8-a48e-625c-f3d46d1cc227,23,-68.0,-70.0,nan,-63.0,-47.0,-54.0,-61.0,-2.946727026099823,-1.138053422313523,nan,-0.01580559475351127,0.33899190390841,3.0505619643553157,-1.1338851886311656,0.676190715524896,1.4206912466942152,nan,0.7492216499917573,0.7561183298469202,0.6960894447753228,0.46706728545778503,nan,nan,nan,nan,nan,nan
1743688448.338597,d500a44f-2051-d64b-3d63-8985cc792954,4805a25b-fcb3-c0b4-fcaa-6b8eaed5f5f9,20,nan,-79.0,nan,-78.0,-45.0,-65.0,-65.0,nan,-1.0676026914687848,nan,0.37563248016906037,0.1812329984264561,-0.07530131113400466,-1.125758537795225,nan,1.4659797657696128,nan,1.0520686725674344,0.9521506917566547,0.8014333383200379,0.4065131994985711,-5.273719310760498,3.019137144088745,1.0349748134613037,nan,nan,nan
1743688448.482352,9c071f5d-0b8f-e641-6d63-2e3e3c3d7179,8d8de2de-ee8a-6619-9def-50d7dd01c358,0,nan,nan,nan,nan,-65.0,-53.0,-68.0,nan,nan,nan,nan,0.5637690375652673,2.8526243539542806,-0.08622000578812808,nan,nan,nan,nan,0.9156825269840364,0.5567866442241501,0.6265498450576562,-4.754229545593262,2.535468578338623,0.29948991537094116,nan,nan,nan
1743688448.807002,d500a44f-2051-d64b-3d63-8985cc792954,093953ca-6173-7837-a1da-a14480247090,4,-78.0,nan,nan,-85.0,-59.0,-46.0,nan,1.0457056483539353,nan,nan,1.078068381920578,-0.2908691981907236,2.708849759711917,nan,1.2510189899583406,nan,nan,1.3527386941100261,1.0641047135028028,0.466214092188243,nan,nan,nan,nan,nan,nan,nan
1743688449.09943,4ecede9a-77ff-0ac2-8fa7-335dd98ec107,c5c8c4e8-401f-1ab6-e029-ecc71b47ac46,19,-71.0,-73.0,nan,-72.0,-48.0,-45.0,-55.0,-2.882066806413244,-1.1675436703284063,nan,-0.0071567127973699365,-0.042604591355115067,1.9475113091059137,-1.0938753859806742,0.7527701124072063,1.4189894867576547,nan,0.7029811839847118,0.6104387542943515,1.3829506056588157,0.3676701501676539,nan,nan,nan,nan,nan,nan
1743688449.327277,d500a44f-2051-d64b-3d63-8985cc792954,0ca9597c-4f04-2be8-65d5-f2e445ac070b,22,nan,-76.0,nan,-76.0,-50.0,-59.0,-62.0,nan,-1.1952721041241479,nan,0.3393394534656785,0.09532307959225378,2.1405347821173617,-1.0091794155706255,nan,1.4335417979021747,nan,1.0650644326338303,0.7482224172625438,1.1097575043581427,0.2982967753381612,-5.743101596832275,2.9002294540405273,1.0081820487976074,nan,nan,nan
1743688449.469507,1d5ab4ef-0f65-dd99-0b6e-312f5d6add59,2989e550-6fa3-9f27-e189-e6ee7baced5e,3,nan,-75.0,nan,nan,-61.0,-52.0,-64.0,nan,1.2799445146640727,nan,nan,0.648551931886645,2.7379548911922047,0.45993057001723564,nan,1.4600036322834749,nan,nan,0.6391198005992477,0.4216370981809365,0.4120318653264278,-4.746906280517578,2.7301154136657715,0.0554458275437355,nan,nan,nan
1743688449.804522,d500a44f-2051-d64b-3d63-8985cc792954,f94781da-237f-3116-a5b9-3cab4bf7df4c,4,-70.0,nan,-66.0,nan,-55.0,nan,-62.0,1.0784105981206533,nan,-2.2983114828478,nan,0.13527693062497076,nan,-1.6069200922642572,1.482159268340171,nan,0.8859976754156191,nan,0.8681418173958682,nan,0.8022208446900578,nan,nan,nan,nan,nan,nan
1743688450.099224,1d5ab4ef-0f65-dd99-0b6e-312f5d6add59,02972561-b0e1-265d-6076-510d6e572474,31,-66.0,-72.0,-67.0,-74.0,-47.0,-43.0,-62.0,-2.863698718058859,-1.0720847915833882,2.098483054666467,0.022884543247050894,-0.16792639945826576,2.9489066845209204,-1.1232391934740356,0.9997792356184371,1.3138883669698957,0.8909120731541698,0.6662096538124698,0.5868620966045158,0.8809647840436446,0.24484382446255232,-5.052573204040527,2.538177251815796,1.9373315572738647,nan,nan,nan
1743688450.333838,d500a44f-2051-d64b-3d63-8985cc792954,d091840a-8e80-3108-4690-23a812e9bca7,13,nan,-75.0,-80.0,-76.0,-53.0,-67.0,-65.0,nan,-1.3367654533658941,2.87226983571117,0.3370001327641529,0.06468919166691497,2.8684111604139346,-1.1273915223195496,nan,1.4776972750917978,0.8604616889872855,1.1872285586837816,0.627323189105638,0.8715684398100303,0.38056265523550026,-5.987597465515137,3.1751041412353516,0.9954822659492493,nan,nan,nan
1743688450.48759,9c071f5d-0b8f-e641-6d63-2e3e3c3d7179,bc6e0a30-f202-9141-4ca1-6c5c5125a5a5,2,nan,nan,nan,nan,-57.0,-54.0,nan,nan,nan,nan,nan,0.540438499829721,2.985148908876029,nan,nan,nan,nan,nan,0.6069415971308182,0.4662864596520481,nan,nan,nan,nan,nan,nan,nan
1743688450.819418,4ecede9a-77ff-0ac2-8fa7-335dd98ec107,23301b3d-17a1-0173-76dc-bbe0ef59536f,34,-86.0,nan,-69.0,nan,-64.0,-54.0,-63.0,1.0735633786206003,nan,-2.288225825483561,nan,nan,1.1087953807725652,-1.0240266069477943,1.4254677592673273,nan,0.815882502868231,nan,0.8377580408829636,1.453758925820416,0.621134489736626,nan,nan,nan,nan,nan,nan
1743688451.099375,1d5ab4ef-0f65-dd99-0b6e-312f5d6add59,8b7ac747-6a0c-2c19-b32b-407f16e93527,21,-60.0,-76.0,-68.0,-63.0,-55.0,-42.0,-62.0,-3.0223892968817374,-1.0664581979903232,1.4415983928318825,0.013175190544840006,0.10772330718486847,2.941970706809991,-1.0290433191763084,1.0004665309167593,1.244245506041833,0.914794702598755,0.5534039091225705,0.6255565846370555,0.7928256221391485,0.37060703654462,nan,nan,nan,nan,nan,nan
1743688451.328134,d500a44f-2051-d64b-3d63-8985cc792954,3f4979f5-4876-5282-2411-891339599ec2,10,nan,nan,-78.0,-86.0,-58.0,-67.0,-60.0,nan,nan,2.900841825782194,0.3377607315714795,0.07832016197755826,2.790020481061258,-0.9766602068639317,nan,nan,0.9389222762846003,1.1108387122920578,0.46999811150881765,0.9835454895590043,0.42560438511751497,-5.459760665893555,3.6889584064483643,0.9735891222953796,nan,nan,nan
1743688451.471991,9c071f5d-0b8f-e641-6d63-2e3e3c3d7179,d55905ec-a4b6-973c-8065-a36d7d497f90,29,-73.0,nan,-77.0,-80.0,-60.0,-52.0,-66.0,2.9274201734611847,nan,-2.2812331634093392,0.18769533257104057,0.43800215430689987,2.825117611152978,0.6581660074544876,1.1485111232820462,nan,0.7845537415948114,0.7766317028791799,0.6327538745498809,0.34979898717403557,0.2803584367042427,-4.83459711074829,2.9234790802001953,-0.0499817505478859,nan,nan,nan
1743688451.80627,d500a44f-2051-d64b-3d63-8985cc792954,f3810d00-69b0-a263-f082-a020f0c68fe6,3,-75.0,nan,-71.0,nan,-62.0,-46.0,-61.0,1.0305613164990908,nan,-2.520247343870098,nan,-0.055432804215306095,2.8171480768821464,-0.9483855704206516,1.4385582612895027,nan,0.8747068710790921,nan,0.8893660014792649,1.3501896841033298,0.5746031553877347,nan,nan,nan,nan,nan,nan
1743688452.099411,4ecede9a-77ff-0ac2-8fa7-335dd98ec107,c06cb204-6b00-aab6-d1c0-144b45be710e,2,-66.0,-68.0,-56.0,-73.0,-54.0,-35.0,nan,-2.922186262970852,-1.0201922987948673,0.8979436173803059,0.01642238286197362,-0.13465791990611903,2.813825099091688,nan,1.0527601623444736,1.2336338743623032,0.9915356202011785,0.6459778853272466,0.43285933160829315,0.6368716902616456,nan,nan,nan,nan,nan,nan,nan
1743688452.325535,d500a44f-2051-d64b-3d63-8985cc792954,cd801a1b-6e12-7d9e-b564-270f88368569,31,nan,nan,-87.0,-81.0,-56.0,-63.0,-59.0,nan,nan,2.8613359615397402,0.26499811058444356,0.018960218591947107,2.778496883748558,-0.9015390779614008,nan,nan,1.0908423006681707,0.9722139204394629,0.40136107923612835,0.6823832863064956,0.4098150204696556,-4.822838306427002,3.935457468032837,0.9743752479553223,nan,nan,nan
1743688452.480871,9c071f5d-0b8f-e641-6d63-2e3e3c3d7179,4dfc07a3-aca5-1a87-16d0-b6585f865c95,10,nan,-83.0,-88.0,-81.0,nan,-47.0,-63.0,nan,1.272529208924856,-2.3447157332618853,0.1329455342489736,nan,2.7559042545322545,0.722939219920918,nan,1.4478163413449996,0.944310983013294,0.707020200672953,nan,0.5248099120213745,0.23898927679881474,nan,nan,nan,nan,nan,nan
1743688452.814894,4ecede9a-77ff-0ac2-8fa7-335dd98ec107,b89b7d5e-ee8d-98c2-56f7-b34887571fd5,0,-71.0,nan,-69.0,nan,nan,nan,nan,1.0868434977123893,nan,-2.5956938986037157,nan,nan,nan,nan,1.4202443682633001,nan,0.9397845412665408,nan,nan,nan,nan,nan,nan,nan,nan,nan,nan
1743688453.109914,1d5ab4ef-0f65-dd99-0b6e-312f5d6add59,fce1ba27-2653-32bc-3aa6-6b7b8500d50a,27,-62.0,-80.0,-67.0,-65.0,-52.0,-34.0,-54.0,-3.0222223166813893,-0.8582577234481631,-3.1284467578169437,0.008084824437262552,0.3695356335651779,2.7559042545322545,-0.8914494311786743,1.1697369166441411,1.1047479963000193,1.1157936566582047,0.5796479302162155,0.3272010156531654,0.5248099120213745,0.3479795784593685,-4.925528526306152,2.7357592582702637,1.923424482345581,nan,nan,nan
1743688453.32346,d500a44f-2051-d64b-3d63-8985cc792954,1b970470-23b6-72c2-53dd-7576fa96e469,34,nan,nan,-78.0,-81.0,-56.0,-51.0,-58.0,nan,nan,2.908086689211646,0.2550014028006132,0.03791835683539564,2.846128511242785,-0.8518466899430241,nan,nan,1.142137779319323,0.8732600422378791,0.4011671635169331,0.5902139198998597,0.2979648186785858,-4.318785667419434,4.0126633644104,1.0562951564788818,nan,nan,nan
1743688453.469842,9c071f5d-0b8f-e641-6d63-2e3e3c3d7179,48272bce-dbb2-1784-95d8-bb0efc72092c,19,-75.0,-86.0,-90.0,-91.0,-59.0,-47.0,-59.0,2.902956908319935,-2.7076814203382016,-2.3773317334481945,0.025021463705730475,0.3656056355376244,2.739708740299445,-0.018573156138529265,1.2277841078698901,1.1259950283718076,1.1172653194765825,0.6649084333038571,0.6132381176525049,0.7265637581807458,0.3490104164942632,-4.759461402893066,3.017547130584717,-0.08328209072351456,nan,nan,nan
1743688453.806345,d500a44f-2051-d64b-3d63-8985cc792954,e5c7e60f-2197-e31d-363e-d733fd36fd8e,0,-82.0,nan,-79.0,nan,-60.0,nan,-69.0,1.1406614559690376,nan,-2.2145207117867454,nan,nan,nan,-0.9186567689321812,1.3040158956509174,nan,0.9325118478036979,nan,0.8901179184393936,nan,0.36247040329758884,-5.833891868591309,1.725480556488037,0.39179983735084534,nan,nan,nan
1743688454.101718,1d5ab4ef-0f65-dd99-0b6e-312f5d6add59,67c844f2-2170-308c-7198-167887bb899a,6,-60.0,-70.0,-64.0,-81.0,-52.0,-30.0,-62.0,-3.016604644677976,-0.9902639607806658,-3.0639812152060495,-0.023246466839192664,0.29728212570210394,2.79699193602249,-0.7531810570023083,1.2308969437100286,1.1016844289400467,1.235384503304867,0.5609396230325724,0.48735461379917083,0.7725621326101364,0.28662776820087243,-4.616101264953613,2.9420454502105713,1.9413713216781616,nan,nan,nan
1743688454.331074,d500a44f-2051-d64b-3d63-8985cc792954,710e5c0e-7439-1c64-446d-7e02916ad377,21,nan,nan,-89.0,-82.0,-63.0,-47.0,-65.0,nan,nan,2.8885374889138102,0.34292326934459816,-0.05730464787010728,2.8151838762612393,-0.833880079386837,nan,nan,1.1679603218809493,0.7446130497253751,0.4182689328193516,0.7932102871404042,0.23988112341988171,-3.997086524963379,4.131210803985596,0.7845275402069092,nan,nan,nan
1743688454.478837,9c071f5d-0b8f-e641-6d63-2e3e3c3d7179,e78ad18f-7e1a-ca93-ea04-f229a42371ce,22,nan,-81.0,-92.0,-79.0,-75.0,-59.0,-71.0,nan,1.3820453171677485,-2.3378975082390645,0.23359917501630037,0.2010493078412094,2.1541461672626037,-0.34736696576130954,nan,1.448494249000479,1.382311233802593,0.39193075972423624,0.6707483840205041,1.3822497010366608,0.2965068829596199,-4.63367509841919,3.123643159866333,-0.03023488074541092,nan,nan,nan
1743688454.806183,d500a44f-2051-d64b-3d63-8985cc792954,c8c68d62-e003-14c6-49bf-ceae3002cec5,32,-75.0,nan,-70.0,nan,-50.0,nan,-65.0,1.2094943164515526,nan,-1.9412938329081204,nan,0.0715363177544728,nan,-0.7569807098282513,1.328743346372303,nan,0.9585540345762285,nan,0.7492143590267091,nan,0.4118002848741117,-6.019577980041504,2.001039743423462,0.31278789043426514,nan,nan,nan
1743688455.09948,1d5ab4ef-0f65-dd99-0b6e-312f5d6add59,18439b53-e4fb-92e2-dbf3-6b6315c28fe3,34,-66.0,-78.0,-69.0,-73.0,nan,nan,nan,-2.9298202142355643,-1.084213626135936,0.6929870062039167,-0.04254932473619599,nan,nan,nan,1.3510682263162739,1.1536415699640292,1.3120273500001485,0.5783772029020843,nan,nan,nan,nan,nan,nan,nan,nan,nan
1743688455.325261,d500a44f-2051-d64b-3d63-8985cc792954,16ec240c-95f9-52cc-7d6a-f5e57a456791,15,nan,nan,-90.0,-84.0,-65.0,-53.0,-73.0,nan,nan,2.9521577441947127,0.2079159157796852,0.019766509009504992,2.5489225600073926,-0.7848272706573696,nan,nan,1.1039981832951073,0.6318729852458601,0.48861121033297766,1.0199345708047032,0.2651911351080645,-3.5868008136749268,4.252590656280518,0.592985987663269,nan,nan,nan
1743688455.472718,9c071f5d-0b8f-e641-6d63-2e3e3c3d7179,bbe72234-0e62-b289-cc17-fb033cd504e7,10,-78.0,-81.0,-72.0,-80.0,-74.0,-61.0,-63.0,2.871364360940543,-2.9730353292442797,-2.172987116690306,0.16143123790067915,0.021572299852475236,-2.0315141389778715,-0.5177196748493481,1.4315602728931014,1.3376847765741897,1.4737669819550585,0.3821061920153659,0.628207879160678,1.4147909770639315,0.32195331844675495,-4.4975905418396,3.2500085830688477,-0.028340192511677742,nan,nan,nan
1743688455.806159,d500a44f-2051-d64b-3d63-8985cc792954,37bcdbae-78b4-30c3-c5ad-c7953e91550e,20,-73.0,nan,-91.0,-83.0,nan,nan,-62.0,1.2121774512498076,nan,-1.846718191538627,0.03028706581303514,nan,nan,-0.6502999018272508,1.42670719443865,nan,1.0169730696691794,0.6108081133926333,nan,nan,0.32580147611832716,nan,nan,nan,nan,nan,nan
1743688456.098904,4ecede9a-77ff-0ac2-8fa7-335dd98ec107,c86e2f5d-1c21-ae18-05fc-f5b683c9313f,10,-68.0,-67.0,-62.0,-69.0,-53.0,-40.0,-65.0,3.094120209262477,-1.020387774818879,0.5282601064542646,-0.08694555168836193,0.2580775415326144,2.735053443990746,-0.6502999018272508,1.3528899616599426,1.1820706814425708,1.4385093922834995,0.6111565214422426,0.49199361190373647,0.673786174549319,0.32580147611832716,-4.3628997802734375,3.1698930263519287,1.9014428853988647,nan,nan,nan
1743688456.334731,d500a44f-2051-d64b-3d63-8985cc792954,19f0903e-ffff-3bd4-3735-f5ab55a60750,4,nan,nan,nan,nan,nan,-39.0,nan,nan,nan,nan,nan,nan,2.798786333231779,nan,nan,nan,nan,nan,nan,0.9671333802324604,nan,nan,nan,nan,nan,nan,nan
1743688456.471189,1d5ab4ef-0f65-dd99-0b6e-312f5d6add59,7113489a-a479-ab83-5a51-49cc82015cf8,31,nan,-87.0,-75.0,-91.0,-57.0,-56.0,-59.0,nan,1.3525630586361355,-2.0436190067336355,0.09934895814929696,-0.11641046852175144,0.034895958352464805,-0.6719088622556804,nan,1.4046108137162079,1.3671922019781042,0.44553150390447493,0.4511154907967242,1.0469338116190787,0.4548448913217516,-4.35839319229126,3.3859846591949463,0.010486289858818054,nan,nan,nan
1743688456.816199,4ecede9a-77ff-0ac2-8fa7-335dd98ec107,7e00c5a0-b2d7-049d-fefd-101ae71288a1,10,-66.0,nan,-78.0,-79.0,-58.0,-54.0,-66.0,1.2350481460591898,nan,-1.8552389754463359,-0.11839295678834459,0.3848927129494806,2.4757741524955463,-0.6977243450888849,1.497964064145355,nan,1.011759066307995,0.6922835322019723,0.6781999927247495,1.0156559597987933,0.3576765387755013,-6.108017921447754,2.304983615875244,0.2387319654226303,nan,nan,nan
1743688457.100676,1d5ab4ef-0f65-dd99-0b6e-312f5d6add59,3edb9a47-7aa6-afea-8102-06fb7d38a93b,7,-70.0,-63.0,-67.0,-65.0,-47.0,-44.0,-49.0,3.015709822551709,-0.9409286352708389,0.6224659679064005,-0.04664846228604595,0.4685381335040428,2.5809868137323413,-0.6374281909403248,1.2478966998963321,1.1809088774170236,1.4838137571673826,0.5573352009447182,0.5251500895076431,0.42312195161357635,0.2699568183870234,-4.20849609375,3.247309446334839,1.9160622358322144,nan,nan,nan
1743688457.333509,d500a44f-2051-d64b-3d63-8985cc792954,c4a7f67d-dc4f-7cc6-f8b1-bff2d2dc26c8,28,nan,nan,-86.0,-95.0,nan,-41.0,nan,nan,nan,2.8501416302137015,0.19625286810179218,nan,2.909168538679688,nan,nan,nan,1.1873756983340085,0.6657703653906611,nan,0.8241864210570297,nan,nan,nan,nan,nan,nan,nan
1743688457.482088,9c071f5d-0b8f-e641-6d63-2e3e3c3d7179,eff669bc-0a5d-3c1e-def7-14bc8cef69fd,36,-80.0,nan,-87.0,-93.0,-64.0,-61.0,-61.0,2.7926754075797535,nan,-1.918877340222651,0.1903345252113091,0.06240796462200505,3.064152879732955,-0.7872775544194179,1.3658844567248207,nan,1.3736791297613191,0.5632848026884961,0.5750689194937805,1.3432447591974326,0.3869382422839162,-4.113120079040527,3.5649425983428955,0.06221003830432892,nan,nan,nan
1743688457.806401,d500a44f-2051-d64b-3d63-8985cc792954,0c3a587b-a942-2413-84dc-b83d414893e9,1,-80.0,nan,-71.0,-80.0,-61.0,-58.0,-60.0,1.4647524479812495,nan,-1.8319475011847206,-0.23390969959940364,0.44935944755793916,2.6518752721264804,-0.7464975727751336,1.5153411902581222,nan,0.9878914171445414,0.5845131260536268,0.6642818232422909,0.9000516196186734,0.2610818381340087,-6.143601417541504,2.550740957260132,0.23273588716983795,nan,nan,nan
1743688458.109675,1d5ab4ef-0f65-dd99-0b6e-312f5d6add59,412e3d1d-0dff-4461-7beb-258ce8672a69,23,-79.0,-63.0,-70.0,-69.0,-60.0,-46.0,-51.0,-3.0850705215622782,-0.9387602895112963,0.8446215397186304,-0.41093454463082374,0.6949772713942042,2.7279925720218654,-0.6523556912363337,1.2291223463176546,1.1723938193056587,1.4503159843441478,0.452713483442687,0.5089906099446901,0.3707124683376571,0.3997733401571357,-3.940704107284546,3.31332015991211,1.8671152591705322,nan,nan,nan
1743688458.323237,d500a44f-2051-d64b-3d63-8985cc792954,ea3f235a-7bbb-ca54-7136-be49561ad812,3,nan,-91.0,-76.0,-88.0,-63.0,-44.0,-67.0,nan,2.6090946588928854,-2.975015655830863,0.13076973163837885,nan,3.0477730894576314,-0.6523581397216711,nan,1.4167534967064246,1.1631917987911078,0.5839774977793846,0.41887902043796543,0.7308471066918594,0.2526802551222123,-3.385535717010498,4.2640204429626465,0.5823538303375244,nan,nan,nan
1743688458.475992,9c071f5d-0b8f-e641-6d63-2e3e3c3d7179,b6e39211-470d-004d-a374-445f8d725bcc,12,nan,-76.0,nan,-74.0,-58.0,-53.0,-65.0,nan,1.3841603997054897,nan,0.050020024226086264,-0.0610646510414281,-3.03391108397695,-0.7134264230439054,nan,1.4143906070292513,nan,0.6713560128819661,0.5402288129944938,1.0621839458920737,0.5023488123424976,-3.932886838912964,3.705519199371338,0.19927571713924408,nan,nan,nan
1743688458.807583,4ecede9a-77ff-0ac2-8fa7-335dd98ec107,559325b9-61d2-c14f-6deb-793ef9bf36f7,8,-78.0,nan,-73.0,-75.0,nan,nan,nan,1.3113671523659176,nan,-2.360805487303708,-0.2463005892032153,nan,nan,nan,1.463217268770873,nan,1.2688109034108874,0.6202433602396475,nan,nan,nan,nan,nan,nan,nan,nan,nan
1743688459.102495,1d5ab4ef-0f65-dd99-0b6e-312f5d6add59,cbc14b69-b554-d889-9154-ddd1e3a62fd1,25,-68.0,-67.0,-62.0,-70.0,-52.0,-50.0,-49.0,-3.065971395488666,-0.9238930595678745,1.151016891551702,-0.12152376896584174,-0.08139870065166196,2.7843762051122867,-0.7333492572916475,1.1004985898856616,1.1440699026901755,1.4485156874472542,0.5414338988395323,0.5395890443287874,0.5805858376491649,0.34763833150280626,-3.63144040107727,3.46176552772522,1.8282277584075928,nan,nan,nan
1743688459.321094,d500a44f-2051-d64b-3d63-8985cc792954,492b1018-28df-6392-a587-3d0d570855c4,22,nan,-89.0,-76.0,-90.0,-62.0,-49.0,-77.0,nan,2.841514053546281,-2.9420523794384073,0.10685055030783218,0.09226709528484817,3.027877024697913,-0.5233909968526198,nan,1.4547714528478506,1.3652859112698255,0.3764423474565534,0.330302582387248,0.6949429341064401,0.43157535173876543,-3.278128147125244,4.209349155426025,0.6567142009735107,nan,nan,nan
1743688459.471973,9c071f5d-0b8f-e641-6d63-2e3e3c3d7179,cfdf2b78-f753-cff8-e652-d19d03e1d074,17,-87.0,nan,nan,-87.0,-59.0,-62.0,-70.0,2.833022298094454,nan,nan,0.014371216190394592,-0.1525484866920494,-2.9263373321087776,-0.7198230197903684,1.3189399840836125,nan,nan,0.6760540953609749,0.640166753311023,0.8611453751682338,0.5155092784431092,-3.819563388824463,3.8303537368774414,0.29177236557006836,nan,nan,nan
1743688459.80676,4ecede9a-77ff-0ac2-8fa7-335dd98ec107,2c3529ac-9a25-12b9-8a0a-73ce51c46f62,19,-87.0,nan,-80.0,-78.0,-60.0,-59.0,-58.0,1.4034970797483368,nan,-2.4830954477151654,-0.12938169207822955,0.4360885586074359,0.7930522798737234,-0.9070824962336304,1.3975353273320854,nan,1.2633443657993364,0.8198147933757876,0.8063018530682073,1.324599409947913,0.3805626552285532,nan,nan,nan,nan,nan,nan
1743688460.100134,1d5ab4ef-0f65-dd99-0b6e-312f5d6add59,ae3b2776-4a9b-f809-56ef-a60e94190c1a,7,-73.0,-68.0,-63.0,-66.0,-51.0,-56.0,-58.0,3.1385752920747336,-0.9043783472061553,2.441670243275092,0.007276022414205487,0.13260552068165532,-3.1132485213469656,-0.7848272706573696,1.0066234264618863,1.1589535110743017,1.353718337917012,0.6377324722762525,0.3982638735439809,0.9073762941186333,0.2651911351080645,nan,nan,nan,nan,nan,nan
1743688460.326239,d500a44f-2051-d64b-3d63-8985cc792954,6afe383d-8a48-d523-486a-936bfe6503bd,34,nan,nan,-75.0,-91.0,-64.0,-50.0,-66.0,nan,nan,-2.8979240664919033,0.24054896019697117,0.2535336967294296,-3.121826144575811,-0.5380274338125851,nan,nan,1.277713451460859,0.2900993026753083,0.4582225885810533,0.4886112104268394,0.41244426232082987,-3.1091136932373047,4.30987310409546,0.733491539955139,nan,nan,nan
1743688460.471166,1d5ab4ef-0f65-dd99-0b6e-312f5d6add59,93438f7a-598c-5b1d-b49e-12818c81860a,0,nan,-87.0,nan,-89.0,-58.0,-55.0,nan,nan,1.3109919129683258,nan,0.1389451035527041,-0.19619792215732726,-3.04302169951697,nan,nan,1.402864978463607,nan,0.7084669629351386,0.7757129816603007,0.782965171051727,nan,-3.730161190032959,3.977675437927246,0.39870786666870117,nan,nan,nan
1743688460.806996,4ecede9a-77ff-0ac2-8fa7-335dd98ec107,72b21cfa-815f-a3d5-20f2-c70b4e8cf323,15,-75.0,nan,-75.0,-69.0,-51.0,-54.0,nan,1.6780061375337805,nan,-2.5555723115172357,0.044049217062128616,0.3267447392458686,2.67558649535003,nan,1.2546462153630287,nan,1.2995218113114086,1.037841799708122,0.934163241714053,1.0897316778220294,nan,nan,nan,nan,nan,nan,nan
1743688461.098662,4ecede9a-77ff-0ac2-8fa7-335dd98ec107,c2bc356f-9777-9fec-301d-4317379789c6,25,-75.0,-65.0,-68.0,-68.0,-48.0,-49.0,-53.0,3.057710003471131,-0.8271879545907537,-2.997330282604637,0.11778016342151736,0.17166692176068946,-2.9857898794511724,-1.624938829099694,0.8802419850887128,1.0996339280587402,1.0532709566415508,0.7621262633698453,0.41340416180047107,0.8316943698087973,0.8014333383955574,nan,nan,nan,nan,nan,nan
1743688461.323107,d500a44f-2051-d64b-3d63-8985cc792954,4ae2eb58-be5a-dcf4-0534-89e46f14944a,3,nan,-83.0,-71.0,-86.0,-64.0,-51.0,-74.0,nan,2.9251218654404467,-2.8840223656016897,0.2352612538526188,0.4011526221453045,-2.973540060418233,-0.7618082266996197,nan,1.4840640943098498,1.166166416570672,0.2968195899490415,0.6577367644601705,0.3617974012381086,0.6263827708519937,-3.2627971172332764,3.9496049880981445,0.7924323081970215,nan,nan,nan
1743688461.471948,9c071f5d-0b8f-e641-6d63-2e3e3c3d7179,0de6db37-852d-460c-eb48-0028d9c222c8,20,-81.0,nan,nan,-86.0,-48.0,-61.0,-60.0,2.8597380648856925,nan,nan,0.15179405686400937,-0.26256220483752424,-3.0688657611750454,-0.9001772974345872,1.3099953580884176,nan,nan,0.8862308351690557,0.8379060367124208,0.7666222722810658,0.48068054755619627,-3.6443262100219727,4.11981439590454,0.446611762046814,nan,nan,nan
1743688461.808206,4ecede9a-77ff-0ac2-8fa7-335dd98ec107,b156c168-b485-5770-46b5-36b6b94bfe4b,36,-84.0,nan,-80.0,-79.0,-46.0,-54.0,-67.0,1.8371763516689823,nan,-2.6397180819515977,0.017593641109390473,0.29834139704400997,2.940331109182869,-1.1446652471786607,1.3108627496554566,nan,1.3316156987660082,1.1507629591417625,1.0095908234525934,0.9151968390359074,0.7030380372860646,nan,nan,nan,nan,nan,nan
1743688462.099347,4ecede9a-77ff-0ac2-8fa7-335dd98ec107,cdf4ca93-9ebe-9cbf-58f2-6b7ccb261115,12,-81.0,-77.0,-73.0,-61.0,-40.0,-53.0,-55.0,2.99152299353161,-0.792582040437937,-3.032698659777543,0.07620608827650839,0.19099486756749354,3.1177303941226415,-1.437198967652883,0.8973058568782593,0.9748330062135014,1.0760801990087796,0.8215211472652285,0.6022702787674714,0.750349561264787,0.7585889819485943,nan,nan,nan,nan,nan,nan
1743688462.333448,d500a44f-2051-d64b-3d63-8985cc792954,43fa3fc2-3f66-aacd-bc75-5384a2c5601a,25,nan,nan,-71.0,-85.0,-52.0,-53.0,-70.0,nan,nan,-2.9183340004540526,0.14594948353572154,0.3902962053550703,-3.031526156811602,-1.869985927725187,nan,nan,1.159801328407328,0.29110554480368117,0.6943587340084236,0.3123798347659931,0.8329842968489686,-3.387488603591919,3.953878402709961,0.828076183795929,nan,nan,nan
1743688462.472119,1d5ab4ef-0f65-dd99-0b6e-312f5d6add59,5a5a1792-6362-c636-2d05-c13d500d00f9,0,nan,-67.0,nan,-86.0,-65.0,-68.0,-77.0,nan,1.1709751533929735,nan,0.2001381538161088,-0.3428063202395883,3.141592653589793,-1.3842349750428997,nan,1.4224007297979373,nan,0.9156588983724857,0.9671333800773882,0.6806784083407207,0.6768146601905823,-3.6364035606384277,4.25172233581543,0.48517343401908875,nan,nan,nan
1743688462.816151,d500a44f-2051-d64b-3d63-8985cc792954,a04be715-26e6-a361-2416-a9e01d88f020,18,-74.0,nan,nan,-68.0,-50.0,-51.0,-55.0,2.0807810229007107,nan,nan,-0.007259510815446995,0.476006606099985,-2.9574830333693773,-1.2187260101647193,1.4033273032288445,nan,nan,1.1556344134077357,1.1821334149843492,0.7071559355933822,0.6367573702586438,nan,nan,nan,nan,nan,nan
1743688463.099527,1d5ab4ef-0f65-dd99-0b6e-312f5d6add59,7320b77c-a33d-fb06-abb3-c6b6e1391de4,3,-70.0,-67.0,-62.0,-76.0,-39.0,-53.0,-58.0,3.0571459459522523,-0.8711610052457059,-2.953462160496634,0.04015807239341384,0.33951609483781314,2.9028442896627933,-1.3792914882190883,0.8722180804613858,1.1734676058571787,0.7439085104589948,0.7891859774158679,0.8965591465621596,0.6319979582121665,0.7303025534844676,nan,nan,nan,nan,nan,nan
1743688463.339629,d500a44f-2051-d64b-3d63-8985cc792954,4f2cd32c-7480-e600-4fd2-2cebf3c845c3,2,nan,nan,nan,nan,-46.0,nan,nan,nan,nan,nan,nan,0.30582111428282616,nan,nan,nan,nan,nan,nan,0.884396690196449,nan,nan,nan,nan,nan,nan,nan,nan
1743688463.472056,9c071f5d-0b8f-e641-6d63-2e3e3c3d7179,7c5b43ae-a07e-0290-2cf9-0bf23261a38b,24,-80.0,nan,-78.0,-73.0,-66.0,-58.0,-73.0,2.9036120459480945,nan,-2.834134966797889,0.250727561883254,-0.5330046718707262,2.999315941556371,-1.6033291515562502,1.194118822214089,nan,0.47966444064769354,1.0950094154048449,1.0745722435154272,0.53657933950584,0.7499236657140946,-3.6447925567626953,4.370126724243164,0.45777446031570435,nan,nan,nan
1743688463.80682,d500a44f-2051-d64b-3d63-8985cc792954,fdbb87af-572f-9a64-07e6-9b50a6ba5092,20,-80.0,nan,nan,-76.0,-57.0,-57.0,-53.0,2.1725833814690496,nan,nan,0.24311571485558953,-1.510007540112116,2.7889780533935933,-1.4006522079905523,1.285170435671135,nan,nan,1.0913429749531054,1.2910129873599485,0.46284322619154084,0.7166160022336928,nan,nan,nan,nan,nan,nan
1743688464.114646,1d5ab4ef-0f65-dd99-0b6e-312f5d6add59,e939df7a-f552-7345-939a-f6b5f5763afb,6,nan,-62.0,-75.0,-74.0,-40.0,-50.0,-57.0,nan,-0.8147371438624151,-2.576839783350391,-1.810949541253882e-05,1.3228846182905423,1.420765911306282,-1.5500003569810221,nan,1.2871997644217754,0.5824137561663172,0.7697616793731571,1.2283040370058782,1.3412798115840727,0.8724831357774422,nan,nan,nan,nan,nan,nan
1743688464.326027,d500a44f-2051-d64b-3d63-8985cc792954,b592f324-1a4e-19e3-fc24-7e0c6a7b7220,6,nan,nan,-79.0,-85.0,-43.0,-62.0,-71.0,nan,nan,-2.975728051422459,0.1458224507517247,0.9434394781682551,-2.652045532878087,-2.090827919787068,nan,nan,1.1677914774678384,0.29712601992196874,1.2233809079494218,0.2635453258468896,0.4611705938165529,-3.492861270904541,3.968001365661621,0.8771405220031738,nan,nan,nan
1743688464.476331,4ecede9a-77ff-0ac2-8fa7-335dd98ec107,862850e3-e627-eb3d-f07e-3d8d7ecb72f3,30,-93.0,-78.0,-77.0,-74.0,-58.0,-61.0,-69.0,2.045569239599901,1.2490116322866933,-2.820145914223921,0.21408912318648887,-1.8141958470632962,3.040911027941118,-1.946061973957383,1.3008719008260246,1.45917006286228,0.5715051820252437,1.2438289876473445,1.4269003388173842,0.521403173409501,0.6035243991682204,-3.6904213428497314,4.47367763519287,0.4380492568016052,nan,nan,nan
1743688464.826292,4ecede9a-77ff-0ac2-8fa7-335dd98ec107,cd0207d8-f6e9-ca2e-1893-254d46c932b7,14,nan,nan,nan,nan,-55.0,-65.0,nan,nan,nan,nan,nan,-2.2102909979492082,1.4697857777210481,nan,nan,nan,nan,nan,1.3964680929274556,1.2374191230121259,nan,-6.115901470184326,2.809356927871704,0.23133563995361328,nan,nan,nan
1743688465.101678,1d5ab4ef-0f65-dd99-0b6e-312f5d6add59,9da89c1b-c291-ef36-2a80-87ca5b8af2a5,14,nan,-60.0,-69.0,-72.0,-41.0,-56.0,-56.0,nan,-0.7898975740591371,-2.774168302216466,-0.12057941204329964,2.5153206027986816,3.141592653589793,-1.912347747429395,nan,1.327491926976075,0.5677568493699845,0.9316202214707393,1.0485612488617706,1.1693705989282515,0.8005963784869129,-3.402831792831421,3.615288019180298,1.7795352935791016,nan,nan,nan
1743688465.333867,d500a44f-2051-d64b-3d63-8985cc792954,c8f9dffb-7869-bb31-1e4d-d479130b32c9,33,nan,nan,-85.0,-80.0,-41.0,-62.0,-74.0,nan,nan,-2.971639033884751,0.14782381631091923,2.4974340496484944,-2.7505948551532913,-2.1616714198946156,nan,nan,1.0762706816057475,0.44390900629985786,1.2474549899000955,0.4568896902466483,0.5232471051354491,-3.783430576324463,3.95936369895935,1.137437343597412,nan,nan,nan
1743688465.472147,9c071f5d-0b8f-e641-6d63-2e3e3c3d7179,9f275045-77f4-6e88-b714-8fa83dd20ab6,4,-85.0,nan,nan,-75.0,-52.0,-63.0,-68.0,2.866115270431997,nan,nan,0.25015977593884914,-3.0987040635072964,3.00465081613628,-2.0333252221406704,1.112548062237725,nan,nan,1.2901191216087207,1.151575355436324,0.46744463122092955,0.567365386511418,-3.75509262084961,4.564380168914795,0.46107643842697144,nan,nan,nan
1743688465.817601,4ecede9a-77ff-0ac2-8fa7-335dd98ec107,5785d6cf-b411-7a1c-3f38-9dd1da2e2044,32,nan,nan,nan,nan,-54.0,-57.0,nan,nan,nan,nan,nan,-2.939919704802314,0.7818492421945209,nan,nan,nan,nan,nan,1.2150981386252147,0.7195644401095401,nan,-6.05149793624878,3.0532681941986084,0.232534721493721,nan,nan,nan
1743688466.099015,4ecede9a-77ff-0ac2-8fa7-335dd98ec107,16a66ab3-e96c-628a-64fd-72ed731bea0c,9,nan,-54.0,-79.0,-67.0,-46.0,-53.0,-47.0,nan,-0.8694736263790318,-3.021070233193821,-0.12491770145903873,2.809156527858299,-3.1169124762443476,-2.051417782928845,nan,1.395181492402619,0.5767179203849103,1.0069507955388841,0.8800815374858973,0.7852458702205459,0.7157160522978145,-3.4052648544311523,3.81808853149414,1.6627075672149658,nan,nan,nan
1743688466.335051,d500a44f-2051-d64b-3d63-8985cc792954,fa171f50-b638-d1b8-75ad-cca184e0b6b3,24,nan,nan,-80.0,-67.0,-55.0,-62.0,-67.0,nan,nan,-2.964767013007911,0.14876923849789742,2.913906217315063,-2.751490752203714,-2.1344659332680034,nan,nan,1.0172701452887778,0.48676033350366876,1.000473779088219,0.3411439131860495,0.37028028552741016,-4.1662139892578125,3.908092975616455,1.1116043329238892,nan,nan,nan
1743688466.471691,1d5ab4ef-0f65-dd99-0b6e-312f5d6add59,258f5dd5-e9d6-9bd3-cc8f-213b2d129f9b,7,-80.0,-73.0,nan,-82.0,nan,-65.0,-66.0,2.0980042183024707,1.3563868253292712,nan,0.29905248407550483,nan,2.808252298229775,-1.9787228528130267,1.1440374121248762,1.513117983380124,nan,1.3570163966109658,nan,0.46559874062565343,0.5835339435234018,nan,nan,nan,nan,nan,nan
1743688466.824351,4ecede9a-77ff-0ac2-8fa7-335dd98ec107,12731db9-21af-cfef-684a-4b97ab9cae60,34,nan,nan,nan,nan,-53.0,-61.0,-63.0,nan,nan,nan,nan,3.1066966952233797,2.623066778930664,-1.9202086645441492,nan,nan,nan,nan,1.0469338117921518,1.2128201029662415,0.6787014800595071,-6.073830604553223,3.35197639465332,0.229321151971817,nan,nan,nan
1743688467.099222,4ecede9a-77ff-0ac2-8fa7-335dd98ec107,41df37c2-ac7d-1e9f-6863-e8ceedf5016e,18,nan,-62.0,-68.0,-66.0,-41.0,-57.0,-54.0,nan,-0.8971262932417605,-3.0226553466746364,-0.13550856048206586,-3.072262959248697,-3.0811510717634647,-2.1713890449271323,nan,1.4916702155411707,0.514461469898237,1.1066512243730444,0.7143942820736197,0.5228077177322614,0.41578729265024056,-3.2679800987243652,3.9795713424682617,1.3150360584259033,nan,nan,nan
1743688467.326564,d500a44f-2051-d64b-3d63-8985cc792954,0e0f3306-5c4b-1e97-e3f9-1b9ffa7083a0,30,nan,nan,-82.0,-68.0,-54.0,-65.0,-63.0,nan,nan,-2.999137770036474,0.16801057737371985,-3.039417477461232,-3.067771004435955,-2.0631304624397777,nan,nan,1.0495380703206139,0.5628977788030803,0.8176961578667068,0.33077391413969975,0.37759700752208253,-4.479560375213623,3.690700054168701,1.22709596157074,nan,nan,nan
1743688467.473737,9c071f5d-0b8f-e641-6d63-2e3e3c3d7179,c6a415a8-d378-17a3-8a25-6f72dd613889,17,-79.0,-69.0,nan,-71.0,-47.0,-69.0,-58.0,2.964838652041234,-1.1320321482469087,nan,0.42224578872871726,-2.802555462553811,2.896500372761798,-1.9938182419013049,1.0191896852234796,1.1635788892555512,nan,1.306655088291186,1.02145483686211,0.6658884216182153,0.6180955335762698,-3.8160810470581055,4.63735580444336,0.454932153224945,nan,nan,nan
1743688467.81621,4ecede9a-77ff-0ac2-8fa7-335dd98ec107,6b47ea01-c09a-b36c-c03a-d50a2980af67,4,nan,nan,-83.0,nan,-49.0,nan,-67.0,nan,nan,-2.931304660227174,nan,-2.758927449024032,nan,-1.859786692108074,nan,nan,0.432364502579987,nan,0.9242301936263774,nan,0.6642818233153893,-6.091268062591553,3.6236932277679443,0.22850492596626282,nan,nan,nan
1743688468.101952,1d5ab4ef-0f65-dd99-0b6e-312f5d6add59,4fdd3775-1053-ba6e-d47a-240edc66293a,31,nan,-61.0,-79.0,-65.0,-42.0,nan,-55.0,nan,-0.8879650190918881,-2.991660945276076,-0.3145358363371165,-2.7314902907190777,nan,-2.2640832264315787,nan,1.489697612121749,0.4832114050350292,1.2743380279372378,0.4536947247109436,nan,0.3147941848051927,nan,nan,nan,nan,nan,nan
1743688468.323595,d500a44f-2051-d64b-3d63-8985cc792954,046a6ac3-9cdc-eccd-8538-061e158af14f,27,nan,-81.0,-87.0,-73.0,nan,-75.0,-67.0,nan,-1.0926534499465062,-2.9785286316247865,0.1452967427525431,nan,-2.8374493240229426,-2.174667016105405,nan,1.5041211594275636,1.0329961115256956,0.7632440586583787,nan,0.4016964937167721,0.29321923992277543,-4.69431209564209,3.7076592445373535,1.2985409498214722,nan,nan,nan
1743688468.481991,9c071f5d-0b8f-e641-6d63-2e3e3c3d7179,61df4f41-d833-070c-e0d5-0407af1728c1,30,-86.0,-70.0,nan,-75.0,nan,-64.0,-67.0,2.146347516306243,1.315310761308107,nan,0.4877337188820927,nan,-2.9248999297668536,-2.2277488610673433,1.211502206755418,1.480195320194292,nan,1.2863410281282797,nan,0.4789482776375342,0.43130411483625636,-3.9945647716522217,4.668061256408691,0.41579633951187134,nan,nan,nan
1743688468.816353,4ecede9a-77ff-0ac2-8fa7-335dd98ec107,fe6e9270-ecfb-6e78-e434-255446b97b56,28,nan,nan,-86.0,nan,-57.0,-62.0,-63.0,nan,nan,-2.911831093704297,nan,-2.6895435114979227,-3.033231972693042,nan,nan,nan,0.4630562357206597,nan,0.784925853596293,0.8697665747500811,1.5009831566153669,-6.088428020477295,3.8896355628967285,0.22657449543476105,nan,nan,nan
1743688469.110385,1d5ab4ef-0f65-dd99-0b6e-312f5d6add59,00945f40-71f9-5a08-09f5-cb05577d1b0c,11,-68.0,-54.0,-68.0,-82.0,-44.0,-64.0,-58.0,3.056454589333268,-1.1106409725811193,-3.0285041810606685,-0.35166136719725716,-2.5517514544661077,2.993731795245023,-2.2897459634893322,0.8224565160190918,1.5075351987869907,0.5222469883184883,1.308466304148549,0.3087975234240763,1.0775423343173798,0.2979648187172552,-3.20693588256836,4.073357105255127,1.053420066833496,nan,nan,nan
1743688469.321296,d500a44f-2051-d64b-3d63-8985cc792954,034c7067-413d-f0f3-adad-85ddd4545f3f,1,nan,-95.0,-85.0,-80.0,nan,-75.0,-65.0,nan,-0.8544339567550273,-3.0093504601847094,-0.1084947859648471,nan,-2.77570620471946,-2.1564897091172033,nan,1.3401687069229067,0.9788306107467919,0.8293365263792023,nan,0.5282042827195408,0.3693006787185838,-4.88171625137329,3.7794346809387207,1.3830255270004272,nan,nan,nan
1743688469.471476,9c071f5d-0b8f-e641-6d63-2e3e3c3d7179,2d550c65-dff7-1ce7-15bd-eda3388c6733,15,nan,-60.0,nan,-72.0,-60.0,-74.0,nan,nan,-1.0898731097684635,nan,0.4883414522428488,-2.458985476328263,-2.773340288509443,nan,nan,1.145770331046191,nan,1.2204068853342613,0.8366513899972029,0.6986827255346806,nan,nan,nan,nan,nan,nan,nan
1743688469.816069,4ecede9a-77ff-0ac2-8fa7-335dd98ec107,e79caea3-11b4-eb65-9ae9-9888c01e574c,7,nan,nan,-75.0,nan,-56.0,-62.0,-62.0,nan,nan,-2.8805866214793783,nan,-2.3644138400221353,-0.810478534114166,-2.0120139207644003,nan,nan,0.4293283657792421,nan,0.5390873741574701,1.1302257790230676,1.143643279082467,-6.0836443901062,4.14589548110962,0.22258511185646057,nan,nan,nan
1743688470.109298,1d5ab4ef-0f65-dd99-0b6e-312f5d6add59,7d4a588c-7e19-5a5b-b79c-6ec62368feec,5,-71.0,-53.0,-68.0,-63.0,-47.0,-52.0,-54.0,-3.136562208606742,-1.2065432676476355,-3.0341556752099255,-0.45561626245184617,-2.3946672625923857,-2.7881169260089846,-2.325113298423546,1.0243614774813863,1.4572924011357196,0.524677089523672,1.4039885661275109,0.3863045141030479,0.6496925063729139,0.24426660181217608,nan,nan,nan,nan,nan,nan
1743688470.32207,d500a44f-2051-d64b-3d63-8985cc792954,f0b2db52-d7d9-f92e-4d63-d56b1996e417,7,nan,-78.0,nan,-86.0,nan,nan,nan,nan,-1.1563481405798768,nan,-0.008803877931583945,nan,nan,nan,nan,1.335767167431278,nan,1.3744739501886534,nan,nan,nan,nan,nan,nan,nan,nan,nan
1743688470.472039,1d5ab4ef-0f65-dd99-0b6e-312f5d6add59,2e931ba2-8e61-8d81-4b32-fa0844733b81,28,nan,-61.0,-84.0,-76.0,-58.0,-71.0,-68.0,nan,1.5234314741756192,-2.7002189766476907,0.44557428092948437,-2.368360422911396,-2.581570584792622,-2.1353251779885056,nan,1.4634489637857102,0.5832724924598134,1.400731253798235,0.7415843406645185,0.4869028733901217,0.4353266578304612,-4.189095973968506,4.682159900665283,0.3588980436325073,nan,nan,nan
1743688470.81714,4ecede9a-77ff-0ac2-8fa7-335dd98ec107,f58a27dd-ed32-cf30-49d1-42f28aac6fc9,17,-80.0,nan,-71.0,nan,-61.0,-60.0,-64.0,3.1180082316082696,nan,-2.87755541152665,nan,-2.149138557149768,-0.5152238416452216,-2.2360448912795974,1.0502633156644696,nan,0.3781257981606198,nan,0.6450229693019455,0.803580881263349,0.584712473478281,nan,nan,nan,nan,nan,nan
1743688471.107324,1d5ab4ef-0f65-dd99-0b6e-312f5d6add59,82e3be7c-49e1-0aca-cada-ecd63222f8ca,14,-63.0,-58.0,-66.0,-72.0,-58.0,-48.0,-55.0,-3.0243427255413105,-1.0594751232960264,-3.034067258261735,-0.5895024251978357,-2.211044667253713,-2.7348021876595374,-2.2517050384931703,0.9821640229042169,1.407783304364765,0.5222159624917888,1.4251461825656997,0.5539984587670695,0.4376770715652228,0.6267548653536608,nan,nan,nan,nan,nan,nan
1743688471.32295,d500a44f-2051-d64b-3d63-8985cc792954,8a973bb4-cfa5-6d63-8111-640acd6ee35b,35,nan,-64.0,nan,-80.0,-65.0,-67.0,-68.0,nan,-1.4623316345503674,nan,-0.09468576308056822,-2.5795433029758303,2.8751579924588113,-2.122652096980714,nan,1.2483684788834393,nan,1.4008417749834732,0.5512124579846954,0.405692154210457,0.5910193433167189,-5.140103816986084,3.789015054702759,1.3542803525924683,nan,nan,nan
1743688471.473919,9c071f5d-0b8f-e641-6d63-2e3e3c3d7179,333d81a6-269e-8f31-bc0d-8e710835d508,10,-75.0,-64.0,-78.0,-83.0,-57.0,-65.0,-68.0,3.0344568787292134,-0.8614537830723672,-2.753190582309912,-0.19364270391740554,-2.207506362703296,2.969925731791796,-2.2625729499151355,0.8645775378729759,1.1068351156463143,0.5459461925429945,1.4441957738430369,0.6164485823472432,0.4134041618796359,0.702476314609883,-4.389828205108643,4.663276195526123,0.2784246802330017,nan,nan,nan
1743688471.809029,d500a44f-2051-d64b-3d63-8985cc792954,d88239c3-e7b3-ba20-fcaf-8842f92ed85b,12,-84.0,nan,-66.0,nan,-53.0,-56.0,-58.0,-2.9203076691379097,nan,-2.8709752731052824,nan,-2.217304759395112,-2.168006147421101,-2.200478050633101,1.0620382826871733,nan,0.3171935712364747,nan,0.6060027455670415,1.2094089969771387,0.5954224059152937,nan,nan,nan,nan,nan,nan
1743688472.100426,1d5ab4ef-0f65-dd99-0b6e-312f5d6add59,e37ef811-9634-2975-2dce-294e98858618,6,-75.0,-57.0,-70.0,-68.0,-52.0,-53.0,-66.0,-3.0006746803015587,-0.8821587952832972,-3.116479577142564,-0.613140643033379,-2.1215001943128344,-2.7306466951451904,-1.9969637953669803,0.9280808138029968,1.3149495035062377,0.44820401934788306,1.341569795972397,0.5113685064305763,0.35472146592593906,0.681600541322704,nan,nan,nan,nan,nan,nan
1743688472.323791,d500a44f-2051-d64b-3d63-8985cc792954,159d2732-6c8d-1b60-3e60-e295439dec8c,33,nan,-67.0,-95.0,-85.0,-58.0,-68.0,-69.0,nan,-1.3073479096487701,-3.0600578462881454,-0.12816223061508228,-2.4827014473888114,-2.975622906339779,-2.169915899680231,nan,1.1786479868096007,0.9994466733773134,1.3886367740237493,0.47436395987231705,0.3273763904370503,0.5134641669953751,-5.353342056274414,3.8138809204101562,1.359979271888733,nan,nan,nan
1743688472.471969,1d5ab4ef-0f65-dd99-0b6e-312f5d6add59,9466744f-3e61-1fb6-46ca-04b6eb9a178b,13,-86.0,-74.0,-72.0,-80.0,-56.0,-59.0,-74.0,2.199020581610266,1.4932333579429928,-2.7429187699854762,-0.1790451190343542,-2.1109665047816555,-2.9074117661777077,-2.1182464997630426,1.1213712480872122,1.464464693425466,0.5038870891844548,1.4587832387139457,0.6514243551256098,0.4601357233410053,0.6945373392256141,-4.641592979431152,4.67651128768921,0.25654172897338867,nan,nan,nan
1743688472.816901,4ecede9a-77ff-0ac2-8fa7-335dd98ec107,c9fcd282-2877-2a61-c62a-f15db85371ea,17,nan,nan,-75.0,nan,nan,nan,nan,nan,nan,-2.868706526172644,nan,nan,nan,nan,nan,nan,0.3058733389699021,nan,nan,nan,nan,nan,nan,nan,nan,nan,nan
1743688473.100681,1d5ab4ef-0f65-dd99-0b6e-312f5d6add59,e5c1dfea-6d5d-3183-afa9-f4bd3fad3c0d,27,-74.0,-62.0,nan,-74.0,-51.0,-54.0,-55.0,-2.935873579393314,-0.886856611446197,nan,-0.5794074467697814,-2.095007167480295,-2.7760876159214365,-1.3833582959389288,0.8764544373864018,1.2843503152134454,nan,1.1895652162242172,0.29214357743952196,0.29462495867065824,0.39637938867573974,nan,nan,nan,nan,nan,nan
1743688473.33426,d500a44f-2051-d64b-3d63-8985cc792954,6c3df45b-407a-1b74-54c8-1bb77d155e09,8,nan,-62.0,-85.0,-84.0,-63.0,-73.0,-74.0,nan,-1.1936138868714101,-3.040704122014321,-0.24234286550724854,-2.313308849502772,-2.8502759694667037,-2.371605768216315,nan,1.143819565547708,0.8868137345526468,1.4143993954608485,0.5468651733388112,0.2848835749686033,0.5266008451889018,-5.296175956726074,4.19146203994751,1.3438210487365723,nan,nan,nan
1743688473.47101,9c071f5d-0b8f-e641-6d63-2e3e3c3d7179,50619552-19fa-2b16-ad39-840ea8135d31,36,-88.0,-87.0,-78.0,-89.0,-65.0,-57.0,-68.0,-3.0557323400456387,-0.959721497819092,-2.778563583279533,-0.22811679159626325,-2.0621952070892298,-2.794704246400537,-2.2853995257023123,1.1098166576447126,1.1995759056037707,0.49997683633491863,1.3727966913341214,0.5433209627674495,0.4300494340137142,0.4443586694780055,-4.939644813537598,4.68907356262207,0.4562362730503082,nan,nan,nan
1743688473.812194,d500a44f-2051-d64b-3d63-8985cc792954,49dee4a3-ecad-4d42-5d9f-47139dd49e7c,31,-82.0,nan,-72.0,nan,-55.0,-62.0,-60.0,-2.868027153778564,nan,-2.9301549735845875,nan,-1.9401814586702777,-2.5038957066386787,-2.2741561181541528,1.1170108544344255,nan,0.23152204252409306,nan,0.9664213798210411,0.7814837132846904,0.38408343190893957,nan,nan,nan,nan,nan,nan
1743688474.111284,1d5ab4ef-0f65-dd99-0b6e-312f5d6add59,f48b7672-a41f-255c-3027-d4aa89c75b45,13,-71.0,-68.0,-64.0,-65.0,-51.0,-51.0,-65.0,-2.960217534917729,-0.8841804008667763,-3.070042303530961,-0.5445445375717721,-1.9351315077915778,-1.9290245736750908,-1.3848009856287848,0.9170099865725102,1.249937613397714,0.48421068965505415,1.2839878589890859,0.5018425066935639,0.9884930079411076,0.15938906367972022,nan,nan,nan,nan,nan,nan
1743688474.326856,d500a44f-2051-d64b-3d63-8985cc792954,57b00028-d4f0-993b-6219-ead3ea90c1a7,20,nan,-66.0,-86.0,-80.0,-62.0,-70.0,-68.0,nan,-1.1434208903325231,-3.0367538551694064,-0.27652400546619754,-1.7385989385334688,-1.517134908763479,-2.219575092385715,nan,1.088200444866812,0.9041906609283321,1.443394694987141,0.5902139198559125,1.25616865293579,0.5435120867489115,-5.27768325805664,4.19369888305664,1.2809889316558838,nan,nan,nan
1743688474.475759,9c071f5d-0b8f-e641-6d63-2e3e3c3d7179,77a28db3-1803-fa93-5c60-4e2182703619,15,-81.0,-71.0,-80.0,-79.0,-57.0,-62.0,-66.0,2.2186811020416672,1.4967913411593388,-2.800015345860121,-0.16416816855295352,-1.8421723781934567,-2.680962184169296,-2.2277488610673433,1.1007073817151238,1.4441635495938467,0.42757191117179394,1.3249625897307722,0.689797540951918,0.31516728329789223,0.43130411483625636,-5.1139068603515625,4.767319202423096,0.5474976897239685,nan,nan,nan
1743688474.808253,4ecede9a-77ff-0ac2-8fa7-335dd98ec107,ba3247c9-8d72-97c6-25ca-c7471fb75d93,14,-79.0,nan,-69.0,-74.0,nan,nan,nan,-2.9162615284937528,nan,-2.597852656983334,0.8515545469844336,nan,nan,nan,1.0636389756603652,nan,0.18689581832228516,1.219443753126034,nan,nan,nan,nan,nan,nan,nan,nan,nan
1743688475.100936,1d5ab4ef-0f65-dd99-0b6e-312f5d6add59,b9ff2c33-b42a-55c2-81a7-a8452184b293,1,-74.0,-61.0,-69.0,-67.0,-56.0,-54.0,-60.0,-2.9445893066928166,-0.8936338237882308,-3.0705171451533224,-0.4927021122117446,-1.536557436067239,-2.337402683969091,-1.1888612183233034,0.8821156520736378,1.219383432527344,0.5583174746232804,1.303086052956316,1.0992586012912755,0.7440610811815735,0.4180090237123404,-3.3142282962799072,4.187073707580566,1.0344034433364868,nan,nan,nan
1743688475.325002,d500a44f-2051-d64b-3d63-8985cc792954,43cdc39b-2771-f0bf-6d72-bed1e1935b63,26,nan,-68.0,-89.0,-80.0,-72.0,-69.0,-69.0,nan,-1.1516135727939336,-3.0551301993231714,-0.2979323585210175,-1.5030187256420868,-0.7532961785324594,-1.968041576998008,nan,1.2283988986075347,0.8610440557386585,1.3738877884327265,0.5724052229193333,0.7510919635373056,0.5903723670271426,-5.309205055236816,4.243261337280273,1.2247072458267212,nan,nan,nan
1743688475.477327,9c071f5d-0b8f-e641-6d63-2e3e3c3d7179,9e9d90ea-9569-3da6-556d-155bce7549d3,14,nan,-81.0,-77.0,nan,-73.0,-64.0,-71.0,nan,-0.9655233274118841,-2.7970634981078772,nan,-1.37768617176975,-2.644408226340296,-1.4820543190823474,nan,1.043890104859801,0.4158751412165978,nan,0.6935151358441451,0.40498543851712393,0.42778186953979197,-5.258373260498047,4.85780906677246,0.5925832390785217,nan,nan,nan
1743688475.817183,4ecede9a-77ff-0ac2-8fa7-335dd98ec107,4cec46ef-bd9b-c35b-b20e-18b95df7a46b,2,-74.0,nan,-72.0,nan,-64.0,-60.0,-80.0,-2.932769132510609,nan,-2.6200871226082967,nan,-2.149138557149768,-2.5217680964797395,-1.6749465667497592,1.0168781945553453,nan,0.1272495320199985,nan,0.6450229693019455,0.5340655750498186,0.7799349548832208,-6.08919095993042,4.227428913116455,0.11287756264209747,nan,nan,nan
1743688476.098988,4ecede9a-77ff-0ac2-8fa7-335dd98ec107,d4f7bef9-3fe4-de35-86b0-4261cefb9872,27,-69.0,-76.0,-73.0,-81.0,nan,-53.0,nan,-2.9974666364524487,-0.8794445015002885,-2.979951558595216,-0.48968448438057577,nan,-2.4643830550423065,nan,0.8275888934928651,1.185244903145836,0.5046771159218267,1.314099555644339,nan,0.562962621763673,nan,nan,nan,nan,nan,nan,nan
1743688476.322993,d500a44f-2051-d64b-3d63-8985cc792954,fbf4f6c6-fc07-30ba-7f95-430f2051d0fd,26,nan,-68.0,-97.0,-81.0,-57.0,-70.0,-64.0,nan,-1.2842909267211364,-3.065938372291149,-0.17846614781337097,-1.262538518337479,-1.9864102388360632,-1.264355272250043,nan,1.3167165108895054,0.8837302600635257,1.130860224209219,0.45201278571549586,0.8931649176332637,0.617860420561563,-5.160968780517578,4.306545734405518,1.1665717363357544,nan,nan,nan
1743688476.483584,9c071f5d-0b8f-e641-6d63-2e3e3c3d7179,19e755eb-0eb2-343e-fa53-fc32ac6c84af,0,-87.0,-80.0,-74.0,-79.0,-58.0,-64.0,-70.0,3.039402368873491,1.4685687578233328,-2.602988030513334,-0.25604589458014226,-1.248280800129804,-2.7095195001714965,-1.914079388663513,0.8424999990152459,1.425982947780203,0.29337685502886884,1.2820679861592472,0.690211543218044,0.3679140947754087,0.49408067928707755,-5.4125337600708,4.96271514892578,0.66102534532547,nan,nan,nan
1743688476.807339,d500a44f-2051-d64b-3d63-8985cc792954,8b67fd63-fa35-2561-dae3-042f367d8793,15,-79.0,nan,-66.0,nan,-57.0,-62.0,-73.0,-2.899518767352643,nan,-2.5738115028748614,nan,-1.7427300397565808,-2.611027491061198,-2.1580781608435347,1.1355070408372439,nan,0.13787821625288313,nan,0.7703190329128833,0.3824017060061256,0.5836175104994754,-6.147753715515137,4.3018975257873535,-0.05452364683151245,nan,nan,nan
1743688477.103592,1d5ab4ef-0f65-dd99-0b6e-312f5d6add59,6eff499c-32e1-4431-88f9-9a0ccf9e19ac,10,-74.0,-65.0,-59.0,-75.0,-54.0,-46.0,-58.0,-2.9347696991214764,-0.9641639168334533,-3.032095720106749,-0.40516054507142285,-1.0015038395305906,-2.659440547953248,-0.6593192863362516,1.0582659815821034,1.1977475123573764,0.5358976862759619,1.3263034913396272,0.7510919635502995,0.42405001774165196,0.773291076372267,-3.414090633392334,4.3871750831604,1.070778727531433,nan,nan,nan
1743688477.326826,d500a44f-2051-d64b-3d63-8985cc792954,c97cac2c-4d93-7606-3c5c-15a5aca61ceb,2,nan,-75.0,nan,-82.0,-67.0,nan,nan,nan,-1.3344748685123173,nan,-0.14330895931490792,-1.865324076046779,nan,nan,nan,1.314502758233377,nan,1.138903103859313,0.623026508707247,nan,nan,nan,nan,nan,nan,nan,nan
1743688477.47339,4ecede9a-77ff-0ac2-8fa7-335dd98ec107,da3ec141-ca76-3d4c-b62f-1b65158681ab,23,-80.0,nan,-77.0,nan,-67.0,-58.0,-64.0,2.279901849180409,nan,-2.618051934903258,nan,-1.158143076157444,-2.61134575686073,-1.5707963264877414,1.290212065930764,nan,0.31198302998470745,nan,0.6462148867586811,0.28874387311221855,1.239183768915974,nan,nan,nan,nan,nan,nan
1743688477.820268,4ecede9a-77ff-0ac2-8fa7-335dd98ec107,c6a105a3-69ba-913c-d4d7-a786c4bb389b,30,nan,nan,-73.0,nan,-62.0,-63.0,-68.0,nan,nan,-2.5050311066658213,nan,-1.1880285119231833,-2.4734182410594987,-1.346223550643311,nan,nan,0.1389902940674514,nan,0.9821729095813541,0.321624442447525,0.6295239094240436,-6.10558795928955,4.411938190460205,-0.22703303396701813,nan,nan,nan
1743688478.10103,1d5ab4ef-0f65-dd99-0b6e-312f5d6add59,d7302909-e0d2-95ed-35fd-75ad513e2b47,0,-68.0,-79.0,-62.0,-62.0,-51.0,-54.0,-63.0,-3.0166166289028813,-0.9667007109298081,-2.989607115443407,-0.3768948185257579,-0.8170119614618829,-2.50921719077795,-0.7152339549756574,1.0336815426112549,1.1202651041284477,0.5172730356400608,1.1969099481945467,0.6331381613038295,0.32988135858171747,0.6299491989187167,-3.5272715091705322,4.62730073928833,1.0994981527328491,nan,nan,nan
1743688478.329527,d500a44f-2051-d64b-3d63-8985cc792954,0847b3a6-d57f-54cc-2d28-c71d44554aaf,12,nan,-78.0,-89.0,-75.0,-56.0,-70.0,-67.0,nan,-1.3727353054709952,-2.928463599976278,-0.16870486346990354,-1.2184988787579258,-2.341244945537734,-1.0846460011249592,nan,1.2245943066742473,0.9049019912554922,1.0659271636689616,0.5952654589936525,0.575993319313222,0.3857995085065163,-4.869291305541992,4.492037773132324,0.9673922657966614,nan,nan,nan
1743688478.4713,1d5ab4ef-0f65-dd99-0b6e-312f5d6add59,7c44c1cc-eeb4-5546-f499-d795f1bb8e9c,11,-81.0,-81.0,-84.0,-81.0,-59.0,-69.0,-69.0,3.026896697026696,1.450922652440468,-2.638315128689344,-0.3130548524549235,-0.9203093185576611,-2.5350303894003376,-1.5707963266324696,0.8780649174766001,1.3861467184045253,0.25611483716286165,1.2905889032250104,0.44191844576892486,0.4429245711834897,0.9075712110370516,-5.562557220458984,5.069052696228027,0.7359479069709778,nan,nan,nan
1743688478.817642,4ecede9a-77ff-0ac2-8fa7-335dd98ec107,760e6401-dc81-80d2-a85e-ee1a3e8eabd4,8,nan,nan,-57.0,nan,-62.0,nan,-71.0,nan,nan,-2.427224192258066,nan,-0.9034087744592256,nan,-1.486352139062079,nan,nan,0.17328756449468466,nan,0.6699680552973989,nan,0.6762502514794639,-6.1025776863098145,4.592922687530518,-0.3618665039539337,nan,nan,nan
1743688479.100432,1d5ab4ef-0f65-dd99-0b6e-312f5d6add59,3dd35a34-9dd7-f6be-0823-21d95e1d535f,28,-75.0,-73.0,-60.0,-75.0,-55.0,-50.0,-73.0,-2.98397452973789,-0.9564122538485594,-2.9565876463519505,-0.3201077019697803,-0.7952478332746439,-2.4096012620099234,-0.789376422754789,1.2427908874544318,1.3266526317585365,0.5105493195464242,1.065886350725256,0.5311480444262956,0.45000282019956356,0.63012860314918,-3.547741651535034,4.93918800354004,1.1497697830200195,nan,nan,nan
1743688479.322338,d500a44f-2051-d64b-3d63-8985cc792954,3aafc00e-d7de-2c70-d446-82ea80af3bdd,30,nan,-75.0,-84.0,-79.0,-55.0,-69.0,-65.0,nan,-1.4309472132101648,-2.9099764683211657,-0.18748041547107117,-0.9884004323000951,-2.289410898632529,-1.50755840494883,nan,1.2383500663367246,0.8155947483124482,1.1367793660480292,0.5329088445663526,0.3499088370913043,0.6255565846915706,-4.729620933532715,4.801180839538574,0.865384578704834,nan,nan,nan
1743688479.483629,9c071f5d-0b8f-e641-6d63-2e3e3c3d7179,f36777df-d88e-7957-1d3e-07ee80d30813,17,-80.0,nan,-71.0,nan,-66.0,-55.0,nan,2.2880175662863165,nan,-2.536849223789543,nan,-0.7070435432090169,-2.4748881446370397,nan,1.381344240010785,nan,0.2503347123329537,nan,0.6167259971114346,0.44115693144888446,nan,nan,nan,nan,nan,nan,nan
1743688479.817628,4ecede9a-77ff-0ac2-8fa7-335dd98ec107,b255728a-d9f2-82be-d1a1-e7c6c9c5e945,12,nan,nan,-72.0,nan,nan,-56.0,-67.0,nan,nan,-2.3735199509799645,nan,nan,-2.447963985774507,-1.2736425047706514,nan,nan,0.22381908209763426,nan,nan,0.3442788693790519,0.5215729113434548,-6.010045528411865,4.8385591506958,-0.4561147391796112,nan,nan,nan
1743688480.100793,1d5ab4ef-0f65-dd99-0b6e-312f5d6add59,f9710418-6926-219e-7187-2a06b20e2d85,12,-69.0,-69.0,-58.0,-73.0,-62.0,nan,-65.0,-3.005081945589531,-0.9479185010259153,-2.948024251866801,-0.2797291198381079,-0.8033218497763994,nan,-0.8538989884502358,1.1012149136398657,1.256678207274759,0.46943117758003683,1.0430948849583035,0.4235993128718051,nan,0.5497112655093719,-3.66134762763977,5.2219648361206055,1.2158315181732178,nan,nan,nan
1743688480.334136,d500a44f-2051-d64b-3d63-8985cc792954,dc91aa6f-361c-460f-23ef-a7681bab50c3,1,nan,-80.0,-78.0,-76.0,-61.0,-71.0,-70.0,nan,-1.474801220564391,-2.9899607832361697,-0.1798038536289178,-0.7699868852124345,-1.8464791777175509,-0.4196031423389155,nan,1.3474392698568776,0.8805607654711953,0.9826857361617637,0.5266008451167369,0.950671320639956,0.8276881374797713,-4.72779655456543,4.8784661293029785,0.845560371875763,nan,nan,nan
1743688480.475914,1d5ab4ef-0f65-dd99-0b6e-312f5d6add59,303a19a0-8168-21a2-18dc-43ef4e6467f2,36,-77.0,-79.0,-75.0,nan,-61.0,-50.0,-68.0,3.0508246667888406,1.627685176104515,-2.514723415137056,nan,-0.6328672044170077,-2.371605768216315,0.09111717271317901,1.2563879227159402,1.3448421551618324,0.30126846712904615,nan,0.5139846753474042,0.5266008451889018,0.9579765878762365,-5.616412162780762,5.21649980545044,0.8046017289161682,nan,nan,nan
1743688480.819661,4ecede9a-77ff-0ac2-8fa7-335dd98ec107,c458cdc8-3d1e-b94a-0e64-88d33c53b213,25,nan,nan,-65.0,nan,-64.0,nan,-67.0,nan,nan,-2.2853003430261087,nan,-0.7736502991578926,nan,-1.4359508029398562,nan,nan,0.2541093270592207,nan,0.44956578622080573,nan,0.6514098895797654,nan,nan,nan,nan,nan,nan
1743688481.10216,1d5ab4ef-0f65-dd99-0b6e-312f5d6add59,f600875c-b7ae-d7f6-b07e-d008681add5f,4,-89.0,-65.0,-54.0,-68.0,-56.0,-49.0,-55.0,-3.0095587193819533,-0.9176515420791103,-2.963723586492818,-0.1401584397453442,-0.7429474111497854,-2.32651028256919,-0.47536334618578774,1.259705156169743,1.2114958151688016,0.5329793610639394,0.8357735198919783,0.31685361165161896,0.4476892111434406,0.726775054260618,-3.764479398727417,5.43540096282959,1.2511547803878784,nan,nan,nan
1743688481.323277,d500a44f-2051-d64b-3d63-8985cc792954,40664b18-9eb2-287b-fdf9-bb465b405d4b,16,nan,-80.0,-75.0,-82.0,-62.0,-69.0,-72.0,nan,-1.479021132469676,-2.9439504143473068,-0.21136284517857476,-0.7264675944734252,-2.1460217451682664,-0.6403392569135513,nan,1.3966526225887788,0.49953381948758396,0.8399739241422786,0.5285947190192561,0.8181314882524906,0.4801137821079253,-4.984511852264404,4.70424222946167,0.865063488483429,nan,nan,nan
1743688481.816678,4ecede9a-77ff-0ac2-8fa7-335dd98ec107,3214462f-8218-0fca-aba7-05aca4d60cb3,24,nan,nan,-62.0,-90.0,nan,-62.0,-65.0,nan,nan,-2.22686526238759,-0.1093155722128095,nan,-2.4402402406027117,-1.0285494928804255,nan,nan,0.23671948435224854,0.9043452574296111,nan,0.47581605890587403,0.520438867554454,nan,nan,nan,nan,nan,nan
1743688482.102637,4ecede9a-77ff-0ac2-8fa7-335dd98ec107,854c101c-defc-d055-6eb7-97f2fd9b56e1,11,-71.0,-75.0,-52.0,-77.0,-51.0,-47.0,-58.0,-2.9981084582751576,-0.8982655935560964,-2.822169650336272,-0.13603959480342764,-0.7464975727751336,-2.223116334755693,0.28031848686605937,1.3693292555948382,1.2100127007577366,0.622261836608846,0.7981047041694616,0.2610818381340087,0.40191144685695945,0.5065322558879313,-3.6867289543151855,5.65343427658081,1.2435111999511719,nan,nan,nan
1743688482.321644,d500a44f-2051-d64b-3d63-8985cc792954,4fe1cbc7-be2f-0862-a62c-09c6be7e0bbf,3,nan,-81.0,-75.0,-83.0,-63.0,-68.0,-70.0,nan,-1.5017349670908529,-2.8648926131755412,-0.2287578144706453,-0.6617142271025441,-2.2229291958884363,-0.7075188215836107,nan,1.3977969829091856,0.47784270530402484,0.915573610638576,0.4274139566136109,0.7903845708563811,0.3262708489436845,-5.1935014724731445,4.60944938659668,0.863478183746338,nan,nan,nan
1743688482.473257,4ecede9a-77ff-0ac2-8fa7-335dd98ec107,b00cd7c2-d999-3091-52f3-15f353634eb1,19,-73.0,nan,nan,nan,-63.0,-50.0,-76.0,2.300307522084814,nan,nan,nan,-0.526746160051887,-2.273770476750161,-0.33672068086389845,1.5139163990749296,nan,nan,nan,0.5115372797969513,0.6912673266985924,0.5839900075470537,-5.529017448425293,5.36733865737915,0.877982497215271,nan,nan,nan
1743688482.807052,4ecede9a-77ff-0ac2-8fa7-335dd98ec107,e62f5312-b6b3-ea39-679b-52f26dca2cbc,33,-80.0,nan,-69.0,-77.0,-65.0,-62.0,-73.0,2.9925120915604655,nan,-2.2307233838587877,-0.07186114095804412,-0.7617425377345917,-1.807504438922533,-1.0628611620387638,1.4668926973912915,nan,0.2313380180927686,0.9065074779186464,0.46898868755374307,0.7932102870896168,0.2843252338114041,nan,nan,nan,nan,nan,nan
1743688483.100461,1d5ab4ef-0f65-dd99-0b6e-312f5d6add59,96e24c9d-89c5-4367-b6e9-8754f665c502,5,-85.0,-72.0,nan,-70.0,-58.0,-49.0,-63.0,-3.0010027817478564,-0.9065834445887408,nan,-0.15973027691244548,-0.6320122564109217,-1.6528138334709468,0.4937024357988,1.4934851598240597,1.0774996638697918,nan,0.8180056414682694,0.24184761633796584,0.5883927366534306,0.38963065372063743,nan,nan,nan,nan,nan,nan
1743688483.330831,d500a44f-2051-d64b-3d63-8985cc792954,9a41dcb5-5b77-ecb0-7619-7f9f0c16da17,27,nan,-92.0,-67.0,-89.0,-62.0,-63.0,-67.0,nan,-1.4955451149272363,-2.86944581969125,-0.17965258607900128,-0.7179118618016956,-2.3138609715678977,-0.7145071102271044,nan,1.311991663641541,0.5334942499711927,0.840126456693713,0.2954015192830881,0.4714690600001149,0.28223634234261347,-5.452678680419922,4.382177352905273,0.872020721435547,nan,nan,nan
1743688483.474615,9c071f5d-0b8f-e641-6d63-2e3e3c3d7179,edc0d05c-c3a2-7977-98fd-1b00f87f93ca,32,-85.0,nan,nan,nan,-69.0,-58.0,-75.0,3.0488129149013945,nan,nan,nan,-0.6179808254144848,-2.1907823877367836,-0.5672073081794096,1.3194371962591303,nan,nan,nan,0.3481060317577347,0.6056322190075349,0.3747051475773756,-5.38585090637207,5.52006196975708,0.9424479603767395,nan,nan,nan
1743688483.818679,4ecede9a-77ff-0ac2-8fa7-335dd98ec107,6111e2cf-caa8-39b3-19fb-97bb6807c2c8,14,-79.0,nan,nan,-85.0,-62.0,-57.0,-65.0,3.0265819113858488,nan,nan,-0.0937840167354674,-0.8518466899430241,-1.6404399853867353,-0.48804093165754836,1.4066376124638127,nan,nan,0.8661880179631739,0.2979648186785858,0.7829651709864396,0.5207749631480312,nan,nan,nan,nan,nan,nan
1743688484.099303,4ecede9a-77ff-0ac2-8fa7-335dd98ec107,a2fa2eef-c2f2-ea10-7fc8-7ce6362b544f,14,nan,-71.0,nan,-75.0,-62.0,nan,-59.0,nan,-0.9444753000525519,nan,-0.12390117287095548,-0.7176478216000378,nan,-0.2039783291809488,nan,0.9960863632928787,nan,0.681400657565418,0.2127518123527144,nan,0.34238676073138935,nan,nan,nan,nan,nan,nan
