1743703813.383291,2c08d2cc-7a1c-9d34-25ea-6265acb43d72,d8d32589-1828-70b8-d93e-526edc15b529,13,-79.0,-74.0,-70.0,nan,-63.0,-60.0,-34.0,3.0293420115396077,-0.7788348028909481,-2.9811134957788177,nan,1.908223724351338,2.4500339103090885,1.8961101910866738,1.0313089323961033,1.489775243267525,0.9351381241126796,nan,0.2531058747460775,0.5900103348582962,0.6692616649620114,-5.371691703796387,1.457297921180725,0.6708608269691467,-5.94,0.39,1.65
1743703814.384248,2c08d2cc-7a1c-9d34-25ea-6265acb43d72,05d50fd6-f458-3270-1659-c580c4a71f1a,28,-71.0,-70.0,-73.0,nan,-58.0,-57.0,-36.0,3.0708899877059332,-1.1241831467241723,-3.044729490001976,nan,1.4806611505835776,2.3491747619468515,1.8933118532139956,1.0141364036340816,1.4792124805939983,0.9919378241048078,nan,0.5696515378596739,0.39922474622009196,0.690211543258405,-5.257068157196045,1.5374619960784912,0.837457001209259,-5.94,0.39,1.65
1743703815.384691,2c08d2cc-7a1c-9d34-25ea-6265acb43d72,9eb43d43-0d7c-c599-4dc1-5f1702944ca8,31,-74.0,-70.0,-75.0,nan,-55.0,-57.0,-35.0,3.0407786905248435,-1.0190591237510385,-3.0609103241530793,nan,1.5849280659335356,2.2801380241223854,1.8961101910866738,1.1455897687242838,1.4703043399057378,0.933731575582954,nan,0.6805550804061447,0.26973703439420743,0.6692616649620114,-4.976717948913574,1.6955466270446777,0.9338101148605347,-5.94,0.39,1.65
1743703816.387065,2c08d2cc-7a1c-9d34-25ea-6265acb43d72,8bf293fa-f7c5-13d4-c12b-a42a6afc51e5,28,-72.0,-70.0,-73.0,nan,-56.0,-57.0,-38.0,3.005839614919658,-1.0624434826470288,-3.111760988323162,nan,1.088800841344824,2.2871162398806506,1.903967453592976,1.1138298416703802,1.5197812124275023,0.9747593032303334,nan,0.5514842793158622,0.24690743252152775,0.705637805563833,-4.629694938659668,1.8922101259231567,1.014094352722168,-5.94,0.39,1.65
1743703817.395911,2c08d2cc-7a1c-9d34-25ea-6265acb43d72,ad8b4dfe-0778-020a-6975-bbf130e357d8,32,-75.0,-70.0,-75.0,-61.0,-55.0,-58.0,-37.0,2.9790343659157923,-0.9019588653558183,-3.1354463441099996,-0.11952613183217332,1.3489148492343,2.2789567841173315,1.90908794710151,1.2149786972424073,1.4589351720541348,0.9355558409296585,0.35210764641692716,0.7231373412315938,0.20827524696590222,0.6635760416186837,-4.5056939125061035,2.028017520904541,1.093064546585083,-5.94,0.39,1.65
1743703818.384568,2c08d2cc-7a1c-9d34-25ea-6265acb43d72,96080e93-d2a7-c039-a389-f0ed67c930af,16,-82.0,-78.0,-73.0,-65.0,nan,-58.0,-34.0,2.992538190539148,-1.3101245214012867,-3.137595781425802,0.23996679318267983,nan,2.4096012620099234,1.8996930063051944,1.187002988939452,1.4060386675346541,0.8547959469261964,0.3372083919613971,nan,0.45000282019956356,0.6276147065895504,-4.4822540283203125,2.15239691734314,1.0767157077789307,-5.94,0.39,1.65
1743703819.385142,2c08d2cc-7a1c-9d34-25ea-6265acb43d72,99e56db0-04d5-51b7-1acd-4bf29703480d,29,-72.0,-70.0,-74.0,-61.0,-55.0,-57.0,-35.0,3.0422535491365297,-1.2198248514780246,3.1300249470789248,0.2796886397895387,1.7775684664875648,2.3491747619468515,1.8961101910866738,0.92773500233545,1.4494916028287141,0.9382344483540602,0.25694516085647795,0.7268496725069593,0.39922474622009196,0.6692616649620114,-4.519082069396973,2.2598328590393066,1.1176732778549194,-5.94,0.39,1.65
1743703820.384789,2c08d2cc-7a1c-9d34-25ea-6265acb43d72,68ca218f-bcea-ff1c-66a1-ca990dbb8add,15,-80.0,-75.0,-72.0,-64.0,-65.0,-55.0,-34.0,3.088658598498942,-1.1144692666481082,-3.0930392321760136,0.3949372022788268,1.763412492996964,2.471152658574802,1.8982276913627867,1.0077356291121307,1.356398942712231,0.7790964584680484,0.31511444137344985,0.620336101544496,0.5493236940848617,0.6483919990177546,-4.557223796844482,2.364725351333618,1.165898084640503,-5.94,0.39,1.65
1743703821.383537,2c08d2cc-7a1c-9d34-25ea-6265acb43d72,936c9ade-c360-2c7e-4f07-d1b13a5ed53b,2,-73.0,-81.0,-70.0,-67.0,-49.0,-53.0,-36.0,3.051912301778029,-1.285060979750333,-3.030330310620136,0.6578900051460894,1.3616621936903708,1.4596229255976854,1.8961101910866738,1.0179256158120733,1.371831295438968,0.9533405638472622,0.2517405451381361,0.34519808475758407,1.0084047068050792,0.6692616649620114,-4.515769004821777,2.4464035034179688,1.2298437356948853,-5.94,0.39,1.65
1743703822.362332,2c08d2cc-7a1c-9d34-25ea-6265acb43d72,b98303c0-f6a3-602f-a9a0-b88ffd5e5b01,10,-72.0,-72.0,-70.0,-66.0,-58.0,-62.0,-36.0,-3.1311019294237528,-1.0437024185819777,-2.9914438976472346,0.6903946851988336,1.7840877280495022,2.113026900226628,1.8933118532139956,0.9430066998694276,1.3635307549534088,0.9626287376230771,0.22340163159676432,0.46259247751894556,0.7917578801260676,0.690211543258405,-4.708229064941406,2.409674644470215,1.226120114326477,-5.94,0.39,1.65
1743703823.396909,2c08d2cc-7a1c-9d34-25ea-6265acb43d72,8d39c5c9-dc37-dd55-b279-97062b820fa4,9,-69.0,-72.0,-71.0,-65.0,-54.0,-62.0,-36.0,-3.1122448846932285,-0.9816803262712314,-2.919300195297533,0.7462494290571745,2.056946652273978,2.2343784439713783,1.8898008886134372,0.922017461791159,1.2745899629763595,0.8722662170980888,0.1338466064814235,0.3857995085416797,0.6164485823484799,0.7112290520732972,-4.942499160766602,2.2992429733276367,1.1950984001159668,-5.94,0.39,1.65
1743703824.397062,2c08d2cc-7a1c-9d34-25ea-6265acb43d72,c42c5899-b4a0-684d-5d27-f290502c694e,26,-75.0,-71.0,-71.0,-62.0,-62.0,-55.0,-35.0,-3.136406413682973,-1.0719102213739335,-2.9804663476339277,0.707277528613282,1.3968220445426007,2.3138609715678977,1.903967453592976,0.9046880062619042,1.2546400900925212,0.918462341472985,0.11722628417142972,0.6433537564231805,0.4714690600001149,0.705637805563833,-5.175568580627441,2.16130256652832,1.145345687866211,-5.94,0.39,1.65
1743703825.355158,2c08d2cc-7a1c-9d34-25ea-6265acb43d72,c51a19fa-2f82-5eff-985f-b56f35a048f7,5,-69.0,-76.0,-72.0,nan,-48.0,-56.0,-35.0,-3.1151418713270167,-1.049448055475769,-2.98510184582732,nan,1.941010023819911,1.5227981840499447,1.903967453592976,0.886596553765751,1.4428601985563623,0.9039904577933854,nan,0.5420067462216531,0.9416398245427403,0.705637805563833,-5.436212062835693,2.0136609077453613,1.1595721244812012,-5.94,0.39,1.65
1743703826.39704,2c08d2cc-7a1c-9d34-25ea-6265acb43d72,bae5ff87-f0e8-31ab-8e3b-cfca79ba172c,14,-76.0,-74.0,-69.0,nan,-65.0,-56.0,-37.0,-3.1375007065748863,-1.0716465684260155,-3.0158070279314977,nan,1.8481409333082568,2.1463539973160364,1.8933118532139956,0.8701906159235084,1.317808406936438,0.8861434169062737,nan,0.5115372798526707,0.9322529108553764,0.690211543258405,-5.581276893615723,1.885718584060669,1.171143889427185,-5.94,0.39,1.65
1743703827.396926,2c08d2cc-7a1c-9d34-25ea-6265acb43d72,db6aee55-b204-ece0-5e0a-e9c44b14ae8b,9,-71.0,-72.0,-71.0,nan,-54.0,-62.0,-36.0,3.076858131708801,-0.9555352749015965,-3.0216867549861743,nan,2.0786650028457845,2.292031561927685,1.8898008886134372,0.8300676972564835,1.3991935445848231,0.8398564121591788,nan,0.387441806533797,0.7016785694224318,0.7112290520732972,-5.4581098556518555,1.8496267795562744,1.1685688495635986,-5.94,0.39,1.65
1743703828.402122,2c08d2cc-7a1c-9d34-25ea-6265acb43d72,ff508f14-2c2a-6581-84fa-88c293474e03,34,-74.0,-71.0,-75.0,nan,-55.0,-58.0,-34.0,3.1125871008933044,-0.9255371620668348,3.1203715207596057,nan,1.9432102282747612,2.3324995855985104,1.934403927113482,1.0305179735523498,1.3693174045279872,0.906787442728241,nan,0.5623531901965576,0.4356813963978915,0.6515734814113798,-5.1510272026062,1.88014280796051,1.2338043451309204,-5.94,0.39,1.65
1743703829.396341,2c08d2cc-7a1c-9d34-25ea-6265acb43d72,486be9e8-1cf7-4cf2-6788-1ecab08a4679,13,-79.0,-75.0,-70.0,nan,-66.0,-57.0,-34.0,-3.0888719177022574,-0.8971659743420027,-3.1389254977580787,nan,1.9377289560325686,2.401065844852163,1.8961101910866738,1.0148446047469608,1.3373240514045384,0.8838861881453498,nan,0.2732769490027095,0.5545264661970992,0.6692616649620114,-5.01381492614746,1.9163252115249634,1.2606539726257324,-5.94,0.39,1.65
1743703830.38566,2c08d2cc-7a1c-9d34-25ea-6265acb43d72,6e877bf6-60f6-91e5-0bee-84994e8675dc,35,-76.0,-71.0,-77.0,-62.0,-56.0,-56.0,-40.0,3.068284883527618,-0.8636956320779958,-3.1328255272812524,0.37690840064731734,1.864950630062997,2.3861876364720738,1.946061973957383,1.0838580275513832,1.3132879573021372,0.921490621948514,0.3260481158077974,0.4819160254344826,0.35519894621740616,0.6035243991682204,-4.96867322921753,1.9372901916503906,1.272938847541809,-5.94,0.39,1.65
1743703831.397806,2c08d2cc-7a1c-9d34-25ea-6265acb43d72,3ee4145b-921f-d879-8db7-9b628941470c,25,-76.0,-71.0,-70.0,-63.0,-70.0,-57.0,-37.0,2.970571372603739,-0.9310784013469627,3.1232589200134693,0.3401407986376834,1.2745093182968126,2.3816516834502433,1.9333210782328756,1.0311748422352176,1.4545619952281155,0.9518700994513749,0.3464037545732227,0.6025186066640087,0.36787785128204037,0.6726187699538381,-5.01012659072876,1.9737976789474487,1.2991822957992554,-5.94,0.39,1.65
1743703832.363433,2c08d2cc-7a1c-9d34-25ea-6265acb43d72,10339119-b583-b2c0-2c77-6cacc20ca43c,25,-78.0,-72.0,-71.0,-63.0,nan,-57.0,-37.0,2.876045665504684,-0.9766851681726241,3.1276185147179296,0.3451659172985539,nan,2.3769184149494693,1.9316034999277127,0.988497419450589,1.4620658510735773,1.044332655653945,0.33415507777162123,nan,0.3805010342064631,0.6937649953586775,-5.00308895111084,2.0058019161224365,1.3534454107284546,-5.94,0.39,1.65
1743703833.384661,2c08d2cc-7a1c-9d34-25ea-6265acb43d72,60fdeeb8-8b73-953e-c397-8caa9c408e11,22,-76.0,-74.0,-74.0,-68.0,-65.0,-59.0,-34.0,2.9063694829407622,-1.0685779410599718,-3.0573773746509807,0.309678230508812,1.9232724254179183,2.349263248408645,1.9179032542670578,1.123855977384256,1.537071386330678,1.0850844132333646,0.3212182401443433,0.615949362978082,0.48668470654468315,0.6998147975536355,-5.0884428024292,2.0055246353149414,1.3991713523864746,-5.94,0.39,1.65
1743703834.387979,2c08d2cc-7a1c-9d34-25ea-6265acb43d72,77861921-ba1a-f453-43ed-5c186f63861c,11,-74.0,-72.0,-70.0,-67.0,-62.0,nan,nan,2.9718060140850993,-1.342772479520677,-3.0136027294972387,0.5527625200635385,2.017241052138208,nan,nan,0.952528299714788,1.4655709705422855,1.0330298005134853,0.33953819186202566,0.3475821416316091,nan,nan,nan,nan,nan,-5.94,0.39,1.65
1743703835.384184,2c08d2cc-7a1c-9d34-25ea-6265acb43d72,6fd981d1-7c8a-8c35-9d5b-85340850ddcf,7,-69.0,-74.0,-71.0,-64.0,-51.0,-61.0,-38.0,3.082093906411897,-1.037866101053069,-3.017983629490419,0.7430632231290036,2.111944544214063,1.4988862698979541,1.9179032542670578,0.8460836151570839,1.3996967488727938,0.9859810651156002,0.24848566294335483,0.25667745613135956,0.940593953664617,0.6998147975536355,-5.115525245666504,2.0585694313049316,1.4594749212265015,-5.94,0.39,1.65
1743703836.396034,2c08d2cc-7a1c-9d34-25ea-6265acb43d72,7486b9c2-7d6f-85f9-e8f0-99ef09324c11,27,-74.0,-71.0,-71.0,-62.0,-58.0,-55.0,-35.0,3.0467186050201565,-1.0078148581545605,-3.0424793851969683,0.5931120737393292,1.486352139062079,2.108178543843256,1.903967453592976,0.8053411786414794,1.5449863010903935,0.9992653786861063,0.2577698752670482,0.6762502514794639,0.7253721465228606,0.705637805563833,-5.14478588104248,2.0869367122650146,1.4554997682571411,-5.94,0.39,1.65
1743703837.364649,2c08d2cc-7a1c-9d34-25ea-6265acb43d72,d73e086a-349f-e452-f92a-6e186fc61bfd,27,-74.0,-71.0,-71.0,-62.0,-59.0,-55.0,-37.0,3.020082200429402,-0.9771689313846371,-3.019483255500243,0.3685119863625155,1.052498819809669,2.251198608543294,1.903967453592976,0.7599107130799811,1.4873829256603068,1.013192712501812,0.2623006779400864,0.5179890971679623,0.5004395108672411,0.705637805563833,-5.230490684509277,2.0770699977874756,1.4208688735961914,-5.94,0.39,1.65
1743703838.364105,2c08d2cc-7a1c-9d34-25ea-6265acb43d72,9ca9a422-35cb-70ee-c251-504544848b40,4,-70.0,-83.0,-72.0,-68.0,-49.0,-55.0,-35.0,3.100344016729992,-1.567022094898036,-3.0528912797947423,0.8125930328687924,1.7250186719105702,1.4750781747211987,1.9179032542670578,0.8345740987160338,1.5287713784773371,1.0280653353464413,0.2258260902293884,0.4655987405901254,0.9391326933010474,0.6998147975536355,-5.30900764465332,2.057741641998291,1.4063397645950317,-5.94,0.39,1.65
1743703839.364059,2c08d2cc-7a1c-9d34-25ea-6265acb43d72,08fad314-7ffb-43b2-3cec-d763728c03e2,32,-74.0,-70.0,-75.0,-61.0,-55.0,-57.0,-34.0,3.092316183940057,-1.3831772937890867,-3.0845237745904854,0.6547370887315447,1.71878280295525,2.154046874291188,1.9202086645441492,0.6843935845774762,1.534179459702961,1.0011501643685827,0.2630136394534142,0.6489498188772348,0.6664784760479144,0.6787014800595071,-5.435945510864258,2.00077223777771,1.403367280960083,-5.94,0.39,1.65
1743703840.38495,2c08d2cc-7a1c-9d34-25ea-6265acb43d72,99c001bd-c128-2c0e-aba6-7fae403a13ca,22,-79.0,-75.0,-73.0,-68.0,-67.0,-60.0,-34.0,3.05202468717603,-1.5768206634967648,-2.967121780043759,0.6715661362919734,2.105943462364013,2.187076334790725,1.9179032542670578,0.969085838002083,1.529259136430985,1.0195569351378015,0.30954137731829556,0.5004395108615248,0.6900823641260286,0.6998147975536355,-5.321501731872559,1.9597073793411255,1.3548505306243896,-5.94,0.39,1.65
1743703841.397361,2c08d2cc-7a1c-9d34-25ea-6265acb43d72,b3e90e8d-4424-cff0-a617-e94d05fadd09,28,-72.0,-70.0,-73.0,-62.0,-57.0,-57.0,-36.0,3.0835730260813268,-1.3283764959321447,-3.058533719196293,0.6586910840019853,1.3569422288484685,2.2449962075569854,1.903967453592976,0.8529022396540684,1.4802985176865324,1.0243971638399934,0.27628074234537564,0.6698713624555289,0.5738777189505715,0.705637805563833,-5.155235767364502,1.927308201789856,1.3164570331573486,-5.94,0.39,1.65
1743703842.363655,2c08d2cc-7a1c-9d34-25ea-6265acb43d72,ae2e613c-bc1c-21e4-9433-a82731baee32,3,-70.0,-93.0,-72.0,-68.0,-49.0,-54.0,-36.0,3.1023744107450684,-1.3474268861578085,3.10666902431893,0.6895209020451786,1.2925194127586856,1.3881653405596457,1.8898008886134372,0.8519758590688843,1.358607635362288,1.074491756576602,0.2287399712913418,0.2680865918681667,0.9122182606214603,0.7112290520732972,-5.033542156219482,1.8782626390457153,1.2743467092514038,-5.94,0.39,1.65
1743703843.363759,2c08d2cc-7a1c-9d34-25ea-6265acb43d72,b99616ec-2f7f-224d-99e6-3bd18acd65d2,0,-80.0,-76.0,-70.0,-66.0,-52.0,-53.0,-37.0,3.092524443137301,-1.3546360632286532,3.0849088676841108,0.793590845858859,1.3734606536784417,0.8724623788660162,1.8898008886134372,0.9045051802530705,1.3434678308812968,1.0714582163579198,0.22727395104552361,0.11271403733330383,0.7244289777839666,0.7112290520732972,-4.9082293510437,1.8691513538360596,1.2446415424346924,-5.94,0.39,1.65
1743703844.385436,2c08d2cc-7a1c-9d34-25ea-6265acb43d72,5bf2d741-5e85-c917-8608-dfbb2a9ad9c3,26,-75.0,-72.0,-70.0,-62.0,-61.0,-56.0,-36.0,3.021394073582375,-1.3043630386990093,3.0683019277585943,0.7632505168240222,1.115631452412814,1.8221173551957706,1.9003445305913274,0.9410100614211679,1.4899972177443832,1.0235474157151763,0.31933941328480603,0.18448180226336677,0.8635646550570879,0.7267750543412002,-4.6899995803833,1.9424141645431519,1.2367528676986694,-5.94,0.39,1.65
1743703845.387765,2c08d2cc-7a1c-9d34-25ea-6265acb43d72,81b82303-7bf5-c681-65b6-0097e9aa4d80,29,-73.0,-69.0,-74.0,-61.0,-55.0,-57.0,-36.0,2.8884277666768985,-1.177453026428482,3.0311034262845857,0.7418339079698231,1.3781801603515789,2.122234269559529,1.8898008886134372,0.8226908076159914,1.4872111517699964,0.9357849393624326,0.26776881344829156,0.6203361015222406,0.6423639432337065,0.7112290520732972,-4.632264137268066,1.9520747661590576,1.2219641208648682,-5.94,0.39,1.65
1743703846.38765,2c08d2cc-7a1c-9d34-25ea-6265acb43d72,2da76b65-bb8e-99f3-945d-fcc4b7348c7e,29,-73.0,-69.0,-75.0,-61.0,-56.0,-56.0,-35.0,2.871215223919499,-1.0712076794783707,3.0110737917260995,0.6450509055308175,1.7558588235830541,2.2022566132054173,1.8898008886134372,0.6147487262785961,1.4832952397031443,1.0421785578062344,0.20256502593847078,0.7135323484071874,0.5643636301322459,0.7112290520732972,-4.703174114227295,1.9095818996429443,1.2470908164978027,-5.94,0.39,1.65
1743703847.384302,2c08d2cc-7a1c-9d34-25ea-6265acb43d72,c12182af-8ba1-e8f1-b672-853c052e2d3f,10,-70.0,-72.0,-71.0,-66.0,-56.0,nan,nan,3.122168621863191,-0.8809108379964861,3.0932711935069594,0.5822711438899435,2.0603659988042606,nan,nan,0.7876327552891065,1.2801056359100227,0.968553405521149,0.17877064699450795,0.4670635590263995,nan,nan,nan,nan,nan,-5.94,0.39,1.65
1743703848.397145,2c08d2cc-7a1c-9d34-25ea-6265acb43d72,fa812e5d-7dd0-a7f0-cd9a-a477b251da9e,9,-70.0,-72.0,-71.0,-64.0,-54.0,-62.0,-36.0,-3.136753956205228,-0.9143244549292743,-3.091279947959907,0.5455562724698931,2.1608908076625633,2.2584995389297746,1.8855420161736707,0.8504830906988674,1.2968016585740019,0.9686934877944873,0.19826087491895514,0.32265861881156344,0.4894098502433027,0.7323011105008467,-4.78742265701294,1.8670361042022705,1.2167458534240723,-5.94,0.39,1.65
1743703849.364579,2c08d2cc-7a1c-9d34-25ea-6265acb43d72,5e2aa526-2672-33fd-a7c7-83dfc29ca8d4,8,-69.0,-73.0,-71.0,-64.0,-52.0,-62.0,-36.0,-3.136518799080974,-0.9120399953462043,-3.0719621763607994,0.5812439626575,2.2113534429701045,1.442424268261925,1.8855420161736707,0.8628420889486255,1.3441187074517122,0.9659150118292075,0.1977072536625981,0.24844300335433342,0.883380995212755,0.7323011105008467,-4.798704624176025,1.8295578956604004,1.1990723609924316,-5.94,0.39,1.65
1743703850.397351,2c08d2cc-7a1c-9d34-25ea-6265acb43d72,2a51ea4b-6e01-7c3e-c7ef-e85a3e3bf7d2,10,-69.0,-72.0,-70.0,-66.0,-57.0,-59.0,-36.0,3.140302618357759,-0.8600636129833458,-3.070475333524208,0.5470060973673323,2.1727165265929362,2.1027430007195282,1.8855420161736707,0.8786506797583632,1.2806567770976145,0.9414618001210726,0.20677771401929898,0.192551804123052,0.6818398220619198,0.7323011105008467,-4.774930000305176,1.7781656980514526,1.1751708984375,-5.94,0.39,1.65
1743703851.384616,2c08d2cc-7a1c-9d34-25ea-6265acb43d72,cb53a7f1-7f21-b571-2b28-93634ddc175c,10,-70.0,-72.0,-70.0,-66.0,-57.0,-61.0,-36.0,-3.128340231373341,-0.8476066769845002,-3.069197548833188,0.5612857008162281,2.1436737872236518,2.2484318844849844,1.8898008886134372,0.9082001165284737,1.2523938468710942,0.8779363533749766,0.18518728396970166,0.16422943461858078,0.46978569167294576,0.7112290520732972,-4.766366004943848,1.7134613990783691,1.198755145072937,-5.94,0.39,1.65
1743703852.385152,2c08d2cc-7a1c-9d34-25ea-6265acb43d72,e48298e7-ed94-4456-42e5-45cc6fa8c5ed,19,-82.0,-80.0,-75.0,-67.0,nan,-58.0,-34.0,-3.0941793314386765,-0.8748910286684709,-3.073237564206839,0.5707969143333371,nan,2.3337635938460735,1.90908794710151,0.9901644917139513,1.3885899023885637,0.9237899952336884,0.1766485570141487,nan,0.6211344898071011,0.6635760416186837,-4.739976406097412,1.6463199853897095,1.1878266334533691,-5.94,0.39,1.65
1743703853.398276,2c08d2cc-7a1c-9d34-25ea-6265acb43d72,8d61e318-4fc0-667f-2ee2-73918c65741c,9,-69.0,-72.0,-70.0,-64.0,-54.0,-64.0,-36.0,-3.123572107757663,-0.8534475218872619,-3.065597753987728,0.5139714482576624,2.1976866254161314,2.32844504706848,1.8795364780683292,0.9758264984581555,1.2866612732493619,0.9248153788323961,0.19280727028344766,0.16665304694548838,0.5230674580724515,0.6956295311758073,-4.752861499786377,1.5949372053146362,1.144048810005188,-5.94,0.39,1.65
1743703854.397279,2c08d2cc-7a1c-9d34-25ea-6265acb43d72,9dd1ebf4-d6d5-882c-7b44-d3feb630af51,28,-73.0,-70.0,-72.0,-62.0,nan,-56.0,-38.0,-3.129820416307207,-0.9076814659061807,-3.0535834353620537,0.5065731867494223,nan,2.3138609715678977,1.8898008886134372,0.8845111654741642,1.4415713617468182,1.0434998851810773,0.26723042214441844,nan,0.4714690600001149,0.7112290520732972,-4.803400039672852,1.551106572151184,1.1155505180358887,-5.94,0.39,1.65
1743703855.387024,2c08d2cc-7a1c-9d34-25ea-6265acb43d72,4796822a-cf69-2414-52e4-a4455ccc92b9,35,-77.0,-71.0,-77.0,-62.0,-55.0,-56.0,-37.0,-3.131477967769672,-0.9692287165945659,-3.0871954577960525,0.37176663553070133,2.044448888904949,2.3203314367178534,1.946680344259718,0.9139684568705579,1.4073493422651366,1.073109376233769,0.21974011799304166,0.48323435721795555,0.32081260827309876,0.6243288645352458,-4.919345378875732,1.4730899333953857,1.077946424484253,-5.94,0.39,1.65
1743703856.387291,2c08d2cc-7a1c-9d34-25ea-6265acb43d72,2893114b-9f78-4885-4108-910349abc6d6,34,-75.0,-70.0,-77.0,-62.0,-55.0,-58.0,-34.0,-3.1169972956584755,-0.9552850709171835,3.0790328690549598,0.3573980825013968,1.9005319683007327,2.3044660953791753,1.9582705325111422,1.0412061045341918,1.361745238600565,1.0685561697180606,0.19346147580522563,0.6069415971981933,0.2515890493175618,0.6178276234500455,-4.99709177017212,1.4038487672805786,1.0523321628570557,-5.94,0.39,1.65
1743703857.387238,2c08d2cc-7a1c-9d34-25ea-6265acb43d72,fffe7dc6-c8d9-c62d-86e5-f9b9f0651312,15,nan,-76.0,-71.0,-65.0,nan,-56.0,-35.0,nan,-0.9466234057878097,-3.0853924977380687,0.38801165186407566,nan,2.4527317619229123,1.9228666431915846,nan,1.2032726395129094,1.0971918759181647,0.14712012592713625,nan,0.4955509711313365,0.6367573702996517,-4.93077039718628,1.3949778079986572,1.005446434020996,-5.94,0.39,1.65
1743703858.364533,2c08d2cc-7a1c-9d34-25ea-6265acb43d72,026b5218-7a6e-ca50-bb5c-113670902e64,26,-76.0,-72.0,-70.0,-62.0,-61.0,-56.0,-36.0,-3.1360261142793093,-0.9085315469261339,3.132591169105325,0.40433949250735146,1.2071887262412253,2.367942354276732,1.9333210782328756,1.0148490655417868,1.4498894790955716,1.114463674009819,0.15643622960488332,0.651573481368244,0.44956578628298155,0.6726187699538381,-4.946184158325195,1.3707398176193237,1.0285203456878662,-5.94,0.39,1.65
1743703859.363805,2c08d2cc-7a1c-9d34-25ea-6265acb43d72,70a466eb-1731-d84b-28b8-e6418b9c4862,16,-81.0,-80.0,-73.0,-65.0,-69.0,-56.0,-34.0,-3.1326854450079145,-0.88689336306924,3.08643912004647,0.46470483230395954,1.50755840494883,2.4764564685441397,1.9228666431915846,1.0504380190319789,1.3881578045016985,1.0630696583983337,0.17031312980744556,0.6255565846915706,0.5835339435448968,0.6367573702996517,-5.065184116363525,1.3276642560958862,1.0113264322280884,-5.94,0.39,1.65
1743703860.379592,2c08d2cc-7a1c-9d34-25ea-6265acb43d72,1ac26483-8599-1228-35af-06e7028fb561,7,-69.0,-74.0,-71.0,-63.0,-51.0,-60.0,-36.0,-3.135103861593815,-1.0271050660363858,-3.0671136252802014,0.6058225426739503,1.9787671638263156,1.4322120493086907,1.9202086645441492,0.9766748484234001,1.3929917081963015,0.9884960212910167,0.16068961411611932,0.5155092784997362,1.006230561863116,0.6787014800595071,-5.02854824066162,1.3297836780548096,1.0139918327331543,-5.94,0.39,1.65
1743703861.397767,2c08d2cc-7a1c-9d34-25ea-6265acb43d72,70040121-4609-34ee-50d6-e983068dee1c,30,-73.0,-69.0,-76.0,-61.0,-55.0,-56.0,-36.0,-3.1104150267082358,-0.8666099292588696,2.946786680908241,0.5929794483170432,1.9462043585482556,2.0507871361806176,1.9068708416134872,0.9301492244426341,1.4051887196727553,1.0277794450034212,0.18218962984670845,0.6663239428651317,0.8036346681024055,0.6845673092029038,-4.96431827545166,1.3439195156097412,1.020839810371399,-5.94,0.39,1.65
1743703862.384719,2c08d2cc-7a1c-9d34-25ea-6265acb43d72,f4cdd522-6e54-846c-fdc6-9e75da982f02,6,-69.0,-76.0,-72.0,-64.0,-50.0,-58.0,-36.0,-3.1083265757813954,-0.9280703608957183,3.0176134500988985,0.6233477405433258,2.126030792714784,1.1957752310666194,1.9179032542670578,0.8394285753300577,1.3840433537755805,0.9739096882635708,0.19535073892728466,0.4164531985578593,0.9066114182682095,0.6998147975536355,-4.883988857269287,1.389857530593872,1.0632855892181396,-5.94,0.39,1.65
1743703863.388149,2c08d2cc-7a1c-9d34-25ea-6265acb43d72,b7d125ed-ec72-ea60-da37-8cafc365bea5,29,-72.0,-69.0,-75.0,-61.0,-56.0,-57.0,-35.0,-3.134198386823188,-0.9684152540396014,2.9427876782153777,0.5647131891391601,2.1198361914632784,1.9236555688128953,1.903967453592976,0.79320874882146,1.50280276152992,1.0088262601575453,0.1941569936134135,0.5406701808212251,0.8162050261921747,0.705637805563833,-4.6291890144348145,1.449100375175476,1.1156435012817383,-5.94,0.39,1.65
1743703864.397777,2c08d2cc-7a1c-9d34-25ea-6265acb43d72,d77ff841-803e-b48a-1599-13be4ff295a6,10,-70.0,-73.0,-72.0,-66.0,-57.0,-63.0,-36.0,-3.0941606893110456,-0.9630770807925918,3.0416117273138203,0.5913466642527155,2.155955874282514,2.194384443978889,1.8754089543413661,0.8472858326521729,1.3411048080460697,0.9273469797646255,0.16785887706012625,0.3323347081890431,0.5438679928897621,0.7165836440288615,-4.3294501304626465,1.51626718044281,1.12826931476593,-5.94,0.39,1.65
1743703865.385861,2c08d2cc-7a1c-9d34-25ea-6265acb43d72,de6221db-03a8-f143-25f5-f4f4fdd1f67b,29,-72.0,-69.0,-75.0,-61.0,-56.0,-57.0,-36.0,-3.088910000905846,-0.8945699249113935,3.0103499445418165,0.6151726349451094,2.128657781176393,2.2289120343258335,1.8898008886134372,0.776565656484146,1.432994118824,0.9143837768425557,0.17553374113708473,0.5314960207441727,0.3912763828232947,0.7112290520732972,-4.019819259643555,1.568811058998108,1.0306081771850586,-5.94,0.39,1.65
1743703866.38648,2c08d2cc-7a1c-9d34-25ea-6265acb43d72,07bf03e5-c0d0-a433-368b-a864df6a2737,7,-70.0,-74.0,-72.0,-64.0,-51.0,-60.0,-38.0,-3.1403963616281296,-0.8943976183888654,2.9864731074726016,0.612433573763963,2.211169591891819,1.5106632810347664,1.9003445305913274,0.7706649570358846,1.4723463186715557,0.940250927352441,0.15627362697557717,0.34467985501788667,0.8536362199216175,0.7267750543412002,-3.875704526901245,1.574141263961792,0.93411523103714,-5.94,0.39,1.65
1743703867.40034,2c08d2cc-7a1c-9d34-25ea-6265acb43d72,f8648233-dfdf-18c0-cf82-8e811ca760ec,24,-77.0,-74.0,-72.0,nan,-70.0,-59.0,-43.0,3.0871326071943264,-0.8388776338795474,2.9963017697916485,nan,1.4417366730866368,2.0659801105365263,1.9003445305913274,0.8626642563668355,1.4876989097236446,1.033347582210559,nan,0.7414543622092477,0.7293283754175681,0.7267750543412002,-3.823988676071167,1.57344388961792,1.0052404403686523,-5.94,0.39,1.65
1743703868.397332,2c08d2cc-7a1c-9d34-25ea-6265acb43d72,c4778547-d348-d954-b7c1-13aa442b40a3,34,-75.0,-71.0,-78.0,nan,-55.0,-57.0,-34.0,3.074447438290061,-0.8304641753637692,3.0212060544094155,nan,1.5556263449915646,2.255222925044412,1.934403927113482,0.8843429868513257,1.3382754657039695,0.9836696410264933,nan,0.7154526043535627,0.45879696423529814,0.6515734814113798,-3.79871916770935,1.5736722946166992,1.0428491830825806,-5.94,0.39,1.65
1743703869.397528,2c08d2cc-7a1c-9d34-25ea-6265acb43d72,cf360ce2-f7f3-c001-85d6-9264c01ce388,36,-78.0,-70.0,-79.0,nan,-55.0,-56.0,-34.0,3.073782713281978,-0.9117148233771056,3.079506911728994,nan,1.5849280659335356,2.2813173371642743,1.957154058831703,0.965100550588834,1.359241734017836,1.0834522283802825,nan,0.6805550804061447,0.32084473511019385,0.5970372200815774,-3.813310384750366,1.5520029067993164,1.0513665676116943,-5.94,0.39,1.65
1743703870.385758,2c08d2cc-7a1c-9d34-25ea-6265acb43d72,c73c576e-e2b9-2e2b-ac62-5120e5c6e862,12,-77.0,-74.0,-70.0,nan,-63.0,-60.0,-36.0,3.093494366406308,-0.8923491148783764,3.114999392208698,nan,1.89966986306839,2.403427901060604,1.9106486840614556,1.0067659055802054,1.3215152608577192,0.9342837820349822,nan,0.39199753565739065,0.5085125932020943,0.6426760463422886,-4.039089679718018,1.4790019989013672,1.033993124961853,-5.94,0.39,1.65
1743703871.388761,2c08d2cc-7a1c-9d34-25ea-6265acb43d72,24439945-8db6-4d23-f572-fd477e75f144,32,-75.0,-70.0,-77.0,nan,-55.0,-57.0,-34.0,3.1017048920470227,-0.8372435182346749,3.033543414475316,nan,1.9005319683007327,2.355299648366956,1.9228666431915846,1.0884716878238363,1.3515595795373936,0.9066547507269279,nan,0.6069415971981933,0.3318294786313438,0.6367573702996517,-4.30974006652832,1.3968862295150757,0.948509156703949,-5.94,0.39,1.65
1743703872.384169,2c08d2cc-7a1c-9d34-25ea-6265acb43d72,0e4501ab-094b-646f-2e53-e60cdb35ef81,33,-75.0,-70.0,-77.0,-61.0,nan,-58.0,nan,3.1262986520816862,-0.8641555599982526,2.9911325741158046,-0.4735326786853542,nan,2.325113298423546,nan,1.2208969069748359,1.2768138356446301,0.9137213155213987,0.49375728992514756,nan,0.24426660181217608,nan,nan,nan,nan,-5.94,0.39,1.65
1743703873.398318,2c08d2cc-7a1c-9d34-25ea-6265acb43d72,1583b913-5781-ba2b-d115-a922620ddad6,26,-75.0,-72.0,-71.0,-62.0,-63.0,-57.0,-36.0,3.0828316020338487,-0.7788348028909481,3.01578226053336,-0.699113341975535,1.2071887262412253,2.311044902166005,1.9202086645441492,1.2616483316591194,1.4812989341500207,0.9317467216225183,0.5862487747150587,0.651573481368244,0.2917265337708024,0.6787014800595071,-4.508047580718994,1.31980299949646,0.8961793780326843,-5.94,0.39,1.65
1743703874.366487,2c08d2cc-7a1c-9d34-25ea-6265acb43d72,7906e8c7-f9e7-ab85-fb24-7454fa5932b7,5,nan,nan,nan,-66.0,nan,nan,-35.0,nan,nan,nan,-0.04900802301185616,nan,nan,1.9179032542670578,nan,nan,nan,0.5568824635594047,nan,nan,0.6998147975536355,nan,nan,nan,-5.94,0.39,1.65
1743703875.398147,2c08d2cc-7a1c-9d34-25ea-6265acb43d72,8cb2d6ef-7416-2553-e8a2-bc5caf5f73fe,17,-81.0,-83.0,-75.0,-66.0,-68.0,-60.0,-40.0,3.0896013575248302,-0.9146352458284864,3.031472007779452,0.350044295783361,1.4824833738093537,2.4336465880975884,1.8961101910866738,1.2652740923252077,1.5132508751185187,0.9548831333296632,0.436712678981273,0.6229135789671673,0.5356574293491944,0.6692616649620114,-4.81701421737671,1.2339496612548828,0.8614925146102905,-5.94,0.39,1.65
1743703876.389242,2c08d2cc-7a1c-9d34-25ea-6265acb43d72,d684fce6-0a97-67d8-e875-e9339dc0026b,23,-76.0,-74.0,-73.0,-67.0,-67.0,-60.0,-36.0,3.108734572060395,-0.9480451343357486,3.086400237894555,0.3528736381254612,2.0372396563487314,2.401065844852163,1.9068708416134872,1.2237863035995173,1.4951863871284026,1.0220902005457122,0.4673356026972807,0.5880437283243611,0.5545264661970992,0.6845673092029038,-5.105963706970215,1.1440273523330688,0.8416958451271057,-5.94,0.39,1.65
1743703877.40404,2c08d2cc-7a1c-9d34-25ea-6265acb43d72,a323e90f-1c16-9a8d-ae50-3a3bb63161db,2,-75.0,-85.0,-70.0,-67.0,-50.0,-53.0,-36.0,3.1318268418724724,-1.3727547465469525,3.1120416855020556,0.5086347397492527,1.4052166020209724,1.437385431013443,1.8898008886134372,1.1627073697888226,1.276848989371019,1.0205835837380273,0.3593529758995695,0.4055760425260334,0.9890041898240363,0.7112290520732972,-5.375262260437012,1.0714552402496338,0.9426023960113525,-5.94,0.39,1.65
1743703878.397764,2c08d2cc-7a1c-9d34-25ea-6265acb43d72,f2e3c085-7a36-2604-6396-ebf0d7dadd01,25,-77.0,-73.0,-71.0,-63.0,-65.0,-59.0,-36.0,3.1400671949173953,-1.2970706378440997,3.0919976698736833,0.519333456796428,1.0909971567013181,2.1261733685093973,1.9003445305913274,1.1337248534357627,1.5417204666456295,1.0878438475968504,0.41593226602198,0.39390529407876623,0.7603978058099218,0.7267750543412002,-5.508474826812744,1.0266364812850952,1.0749577283859253,-5.94,0.39,1.65
1743703879.386385,2c08d2cc-7a1c-9d34-25ea-6265acb43d72,0e480bef-059d-6e53-ef19-5c9864a8a0d5,8,-71.0,-73.0,-72.0,-64.0,-52.0,-62.0,-36.0,3.131178628463147,-1.2875919148922899,3.114310698750803,0.5033299891739238,1.7511173717456072,1.1941547612273171,1.9003445305913274,0.8798523646212341,1.496614640421012,1.020300822609288,0.2875040189035124,0.6235719058172305,0.847220016384896,0.7267750543412002,-5.622040271759033,0.9672438502311707,1.0334298610687256,-5.94,0.39,1.65
1743703880.389078,2c08d2cc-7a1c-9d34-25ea-6265acb43d72,88c77f56-2b4d-2990-a923-12fac62e8387,24,-78.0,-73.0,-71.0,nan,nan,-61.0,-36.0,3.099636148512249,-1.4184708361353615,2.994276702098752,nan,nan,1.928881860563635,1.914906352509352,0.9413069373036846,1.5181813184026371,1.003331426459412,nan,nan,0.8534888820825112,0.7210065267034491,-5.73147964477539,0.870461344718933,1.0218455791473389,-5.94,0.39,1.65
1743703881.389279,2c08d2cc-7a1c-9d34-25ea-6265acb43d72,a3e0a099-f29e-e4d6-8dfa-49b0183d64ff,32,-75.0,-70.0,-76.0,nan,-55.0,-58.0,-37.0,3.116435901300686,-1.2984817137476783,2.9846680168857462,nan,1.7409404453378303,2.2620855198464898,1.9218537851387383,1.0168329208168139,1.4860200529724585,0.9609486824494005,nan,0.7166160022559365,0.5518521410785092,0.6576784892897277,-5.832016944885254,0.7320744395256042,0.9911842346191406,-5.94,0.39,1.65
1743703882.397425,2c08d2cc-7a1c-9d34-25ea-6265acb43d72,5770acb9-a84d-521b-6d5b-dd2cc2c52180,11,-73.0,-73.0,-70.0,nan,-61.0,-60.0,-34.0,3.1219806026902317,-0.9320251551144859,3.0874921339414874,nan,1.9877259742964901,2.3512129864626403,1.8933118532139956,1.0325761310217902,1.4289362602710465,0.9303305857128685,nan,0.4096886622310147,0.5967902242193006,0.690211543258405,-5.917568683624268,0.6041654348373413,1.0194207429885864,-5.94,0.39,1.65
1743703883.396837,2c08d2cc-7a1c-9d34-25ea-6265acb43d72,306e6232-9e7c-5d2e-cb32-4ca3d80d6501,22,-80.0,-75.0,-73.0,nan,nan,-61.0,-34.0,3.097495499628043,-1.0202050819680997,3.089013864188359,nan,nan,2.332118826772909,1.9068708416134872,1.0918631568930253,1.503789862187958,1.0427390866366688,nan,nan,0.6881115980276213,0.6845673092029038,-5.990323543548584,0.4757222533226013,1.1095457077026367,-5.94,0.39,1.65
1743703884.397326,2c08d2cc-7a1c-9d34-25ea-6265acb43d72,1c09d2f0-0941-c5cd-94c7-db3e110572a0,12,-74.0,-73.0,-69.0,nan,-63.0,-58.0,-34.0,3.0837685021053383,-1.0027537868189738,3.1133695376215695,nan,1.9510472265382752,2.4098990661686996,1.8795364780683292,1.0244471646894593,1.4690342783818788,0.9961663912836356,nan,0.21942095291827993,0.6905995185859964,0.6956295311758073,-6.131943225860596,0.31956973671913147,1.1584407091140747,-5.94,0.39,1.65
1743703885.366707,2c08d2cc-7a1c-9d34-25ea-6265acb43d72,4937f1a8-6584-ea52-18ea-68c3da26d922,3,-70.0,-88.0,-71.0,-68.0,-50.0,-53.0,-36.0,3.084235620560538,-1.0855139145381671,3.0956973332600217,0.6946671945356477,1.5309102472167897,1.3061969788438135,1.8898008886134372,0.9686274413994533,1.4355801814005216,1.0323362467866013,0.27176991338051304,0.27646320592376783,1.0262515419919582,0.7112290520732972,-6.208017349243164,0.3068215250968933,1.216627597808838,-5.94,0.39,1.65
1743703886.375013,2c08d2cc-7a1c-9d34-25ea-6265acb43d72,09efdfcb-0f6c-e9d2-2687-7e46ccf2010b,11,-73.0,-72.0,-70.0,-67.0,-61.0,-60.0,-35.0,3.0792869346229534,-1.0041454216465948,3.1257756072435945,0.6783976771202447,1.771583390803895,2.0673503004559004,1.8795364780683292,1.021889331620493,1.338852705870244,0.9610207209568872,0.22658427554697716,0.287491475198117,0.9449499310360149,0.6956295311758073,-6.24343729019165,0.32879698276519775,1.267566442489624,-5.94,0.39,1.65
1743703887.398674,2c08d2cc-7a1c-9d34-25ea-6265acb43d72,23119172-c2bb-9ce1-14b2-0581c1a02260,30,-73.0,-69.0,-75.0,-61.0,nan,nan,nan,2.9939928091265497,-0.9300702617163134,3.0898351830685393,0.6335481801505473,nan,nan,nan,0.950553499187467,1.4235939591243472,1.050431161392172,0.23805071535739508,nan,nan,nan,nan,nan,nan,-5.94,0.39,1.65
1743703888.385711,2c08d2cc-7a1c-9d34-25ea-6265acb43d72,bca9ff59-b75d-e177-3e8a-4bbfb91a03de,3,-70.0,-92.0,-71.0,-68.0,-50.0,-54.0,-36.0,3.061437363732806,-0.9316424588658415,3.102040450344372,0.6900000047252839,1.488248575955941,1.0359865673877167,1.8754089543413661,0.8983298423173945,1.3661891223535259,1.0630207228133035,0.19564684915098784,0.21158508684245805,0.9506573206213651,0.7165836440288615,-6.2530059814453125,0.3673831522464752,1.3218014240264893,-5.94,0.39,1.65
1743703889.36718,2c08d2cc-7a1c-9d34-25ea-6265acb43d72,0c63da38-6528-642c-4cd3-0f39698dd8eb,8,-69.0,-72.0,-71.0,-64.0,-52.0,-63.0,-35.0,3.11246193232207,-0.9733721957765655,-3.1266587114610647,0.6702718400021949,1.788706355227008,2.0149334271300634,1.8898008886134372,0.8643329265268518,1.342269142074652,1.0140372674625033,0.1873900344415766,0.4012741022665724,0.9233441295912335,0.7112290520732972,-6.24333620071411,0.4130024313926697,1.2896554470062256,-5.94,0.39,1.65
1743703890.367135,2c08d2cc-7a1c-9d34-25ea-6265acb43d72,484647cc-21e8-f8b5-92bf-7e1cd74d90bf,27,-73.0,-71.0,-71.0,-62.0,-58.0,-56.0,-36.0,3.080517847678788,-0.9781472436110776,-3.134156575194074,0.6398185929371387,1.3222972387412755,2.243973611767496,1.903967453592976,0.8290469076106564,1.4993682158300992,0.9961508783702858,0.2587562435557863,0.5251500895400438,0.6056322190099516,0.705637805563833,-6.24256420135498,0.4703015685081482,1.307774543762207,-5.94,0.39,1.65
1743703891.366902,2c08d2cc-7a1c-9d34-25ea-6265acb43d72,947879bc-12b4-1e20-7901-157a67b4abf9,6,-69.0,-76.0,-72.0,-64.0,-50.0,-56.0,-36.0,3.089542767980849,-0.9582218718092684,-3.1257090282163422,0.6370481064551293,1.8481409333082568,1.3509942886922626,1.8898008886134372,0.757772594198811,1.3872555255243797,1.0177305392622253,0.293393399917141,0.5115372798526707,0.9425627452187154,0.7112290520732972,-6.199692726135254,0.587719440460205,1.291395664215088,-5.94,0.39,1.65
1743703892.385533,2c08d2cc-7a1c-9d34-25ea-6265acb43d72,378de3c1-53db-9dd4-199a-3d6d48f8fc33,1,nan,-76.0,nan,-68.0,-52.0,-53.0,-37.0,nan,-1.0867542818158717,nan,0.642381352854122,1.5463965127955956,0.8660921188671398,1.8898008886134372,nan,1.3150483067826797,nan,0.25792402235989337,0.4356933497055604,0.7465465130981983,0.7112290520732972,-6.13208293914795,0.7620925903320312,1.2238227128982544,-5.94,0.39,1.65
1743703893.386141,2c08d2cc-7a1c-9d34-25ea-6265acb43d72,177380cb-226d-198f-3b27-44ad3d9409cb,4,-68.0,-85.0,-73.0,-68.0,-50.0,-54.0,-37.0,3.1123639279939552,-1.214783887008668,3.124612338479448,0.7223859077934105,1.7704895694573273,0.7152339549756574,1.9003445305913274,0.7910802173202142,1.509898088464164,1.0262108431213646,0.29123993457018926,0.266534786242145,0.6299491989187167,0.7267750543412002,-6.117541790008545,0.922043800354004,1.2303025722503662,-5.94,0.39,1.65
1743703894.369089,2c08d2cc-7a1c-9d34-25ea-6265acb43d72,7e85697b-6b30-6068-b648-463f1975a7e5,31,-74.0,-70.0,-75.0,-61.0,-55.0,-57.0,-34.0,3.0566149116308905,-0.9527946158237959,3.0648009361895765,0.6599832497628918,1.83855565416793,1.869985927725187,1.8933118532139956,0.6604544961177813,1.471061476603647,1.0188493332361677,0.23170233852989142,0.5361710845874468,0.8329842968489686,0.690211543258405,-6.0761332511901855,1.088653802871704,1.2598267793655396,-5.94,0.39,1.65
1743703895.368186,2c08d2cc-7a1c-9d34-25ea-6265acb43d72,114d8272-62e0-612e-6e7d-e7eae1b499ca,24,-78.0,-74.0,-71.0,-65.0,-68.0,nan,-43.0,2.85285059767453,-1.0692699634692289,3.073735309014574,0.7217912239219958,2.1353251779885056,nan,1.903967453592976,0.8879967107088599,1.5293370338928702,1.0673796517274905,0.18876577352644108,0.4353266578304612,nan,0.705637805563833,-6.019145488739014,1.2730929851531982,1.2778455018997192,-5.94,0.39,1.65
1743703896.367998,2c08d2cc-7a1c-9d34-25ea-6265acb43d72,71399b73-49ac-4e19-3bfc-c4b7683f3260,12,-73.0,-74.0,-70.0,-65.0,-65.0,-58.0,-34.0,2.950001116343967,-1.109552006011386,-3.1402698614763507,0.6395307052233012,2.0097242999871807,2.208693549490095,1.8795364780683292,0.9813476974510804,1.4802330039237168,1.0269724406140999,0.170089324407338,0.22222817338228337,0.8008781088122021,0.6956295311758073,-5.950794219970703,1.3264191150665283,1.2683544158935547,-5.94,0.39,1.65
1743703897.393921,2c08d2cc-7a1c-9d34-25ea-6265acb43d72,c2e43772-fb77-8dbb-7395-c396798d875f,13,-75.0,-75.0,-70.0,-64.0,-66.0,-57.0,-34.0,2.900299073552036,-1.1742734784030366,-3.1001309638427856,0.6923600980833121,1.865313298322716,2.379324985607392,1.865550042837758,1.0000375622441748,1.4201279881236637,0.9754072503235498,0.14507731492347736,0.11096939648407542,0.7290267872381455,0.7008166987509143,-5.921159267425537,1.3310635089874268,1.2590419054031372,-5.94,0.39,1.65
1743703898.398415,2c08d2cc-7a1c-9d34-25ea-6265acb43d72,1fdf2a35-bd76-a4ab-cf54-19c74ab5bde0,13,-75.0,-75.0,-69.0,-64.0,-67.0,-57.0,-34.0,2.9984658544934466,-1.1301805854990308,-3.0656829751426105,0.6946693250645197,1.8036211409934617,2.4481570875492196,1.8559503763499134,1.0146328168612724,1.3385672150013874,0.9415400304780938,0.13726553939935357,0.07482778676822009,0.6725293285787024,0.6850031072515513,-5.91637086868286,1.3140069246292114,1.227269172668457,-5.94,0.39,1.65
1743703899.386386,2c08d2cc-7a1c-9d34-25ea-6265acb43d72,d52d0199-1de6-3210-1459-8c53633a0516,1,nan,-77.0,-70.0,-66.0,-51.0,-53.0,-37.0,nan,-1.2340898075409248,-3.0839605160199333,0.6918293300780594,1.699291793907039,1.3342541549814453,1.8933118532139956,nan,1.2518795904645996,0.9997941493205416,0.14069266986001408,0.26818188729982306,1.0305797359087576,0.690211543258405,-5.920367240905762,1.304384708404541,1.236236810684204,-5.94,0.39,1.65
1743703900.385573,2c08d2cc-7a1c-9d34-25ea-6265acb43d72,c64ee6ee-c2d4-9658-a563-20e818bd3b4a,6,nan,-76.0,-73.0,-64.0,-50.0,-57.0,-35.0,nan,-1.1706467856305667,-3.0914498576374543,0.6987956268574885,1.9429293771375682,0.7886771030378574,1.8898008886134372,nan,1.385962294499037,1.065129879817619,0.1426108615694141,0.29612855455082837,0.7886557401403771,0.7112290520732972,-5.895244598388672,1.2845757007598877,1.1723010540008545,-5.94,0.39,1.65
1743703901.392216,2c08d2cc-7a1c-9d34-25ea-6265acb43d72,b80f0e2b-6723-5ccf-c7af-6829389f1060,28,nan,-70.0,-73.0,-62.0,-57.0,-57.0,-36.0,nan,-1.136285749139983,-3.134427684993044,0.7999589966574566,2.0136137180044544,1.9409126736780953,1.8898008886134372,nan,1.5165015295450697,1.0332395244493289,0.1771259286395454,0.48668470653188217,0.8100320185250074,0.7112290520732972,-5.8993377685546875,1.254658579826355,1.1963932514190674,-5.94,0.39,1.65
1743703902.368213,2c08d2cc-7a1c-9d34-25ea-6265acb43d72,0c964dc4-a199-4644-9639-f512df27f730,0,nan,-75.0,-70.0,-66.0,-53.0,-52.0,-37.0,nan,-1.2486244086641958,3.0633367302222507,0.7432246106910625,1.646946973824858,1.1125623458785345,1.8898008886134372,nan,1.34066578594037,1.0703344955359606,0.2077294112795956,0.4477895397326222,0.8560849415654423,0.7112290520732972,-5.91245698928833,1.236290693283081,1.2768762111663818,-5.94,0.39,1.65
1743703903.389487,2c08d2cc-7a1c-9d34-25ea-6265acb43d72,a823cb30-991a-ffa4-b6c3-d174f8e8f2cd,13,nan,-75.0,-69.0,-64.0,nan,-57.0,-34.0,nan,-1.104013696208457,3.0913830122940933,0.6689557057914778,nan,1.8782838955469878,1.865550042837758,nan,1.3547782760308633,1.020333046858478,0.13330701675505982,nan,0.9999032805779924,0.7008166987509143,-5.871506214141846,1.2235386371612549,1.2300844192504883,-5.94,0.39,1.65
1743703904.368848,2c08d2cc-7a1c-9d34-25ea-6265acb43d72,23a8a31f-f2d7-07e6-f2c8-4e9f56c0a1c6,35,-77.0,-71.0,-78.0,-62.0,-56.0,-56.0,-35.0,1.8524346668184821,-1.0041522127073745,3.113043034071926,0.47066205734635785,1.636020310850259,2.270743357083039,1.9467350548389712,0.26566370111988163,1.4318391058592328,1.0510739153212625,0.1590237569200043,0.5550859074758191,0.6045216601076006,0.645265533668577,-5.852506637573242,1.2151520252227783,1.193029522895813,-5.94,0.39,1.65
1743703905.389495,2c08d2cc-7a1c-9d34-25ea-6265acb43d72,d5d4f88e-c221-e544-5ca9-a34a48e6c614,3,-71.0,nan,-71.0,-68.0,-50.0,-55.0,-36.0,1.4178909328079972,nan,2.9878025574887697,0.6566500373425486,1.370009262581529,1.398475044844284,1.9068708416134872,0.3132611142813501,nan,0.98971315248821,0.15445072649893157,0.28749147518680684,0.949365407252936,0.6845673092029038,-5.789859294891357,1.208308458328247,1.1945253610610962,-5.94,0.39,1.65
1743703906.389188,2c08d2cc-7a1c-9d34-25ea-6265acb43d72,66d2b751-3ae8-6768-17bb-5f2898ada6ab,19,-77.0,-80.0,-75.0,-67.0,-63.0,-57.0,-34.0,1.2978023413535988,-1.0172823958297919,3.118901455837882,0.6038760382332113,1.5707963266884788,2.0008926366560034,1.90908794710151,0.27125024742805454,1.4867022216856827,0.9785794080769703,0.13143666207674035,0.349065850398866,0.9683680825774259,0.6635760416186837,-5.811758041381836,1.1768966913223267,1.2067416906356812,-5.94,0.39,1.65
1743703907.368166,2c08d2cc-7a1c-9d34-25ea-6265acb43d72,3f41e099-ba3d-0e6a-69f1-5c8fdb7bb63c,26,-75.0,-72.0,-70.0,-63.0,-61.0,-56.0,-36.0,1.528667781510933,-1.0084080772873756,2.9968493157117684,0.5914654412373331,1.1904492382478662,2.2592445485954062,1.9316034999277127,0.2875168020767448,1.5175954229628195,1.0067326826456067,0.14718928489169425,0.44358628508488857,0.6480730368406195,0.6937649953586775,-5.798200607299805,1.1781843900680542,1.2249459028244019,-5.94,0.39,1.65
1743703908.386074,2c08d2cc-7a1c-9d34-25ea-6265acb43d72,85f14730-5cb4-35f9-6552-d36b68923184,11,-71.0,-72.0,-70.0,-68.0,-61.0,-60.0,-36.0,2.083934205631364,-1.1047806866024,-3.0641266238015685,0.6727405903326983,1.7351846205619401,2.34302125386288,1.8795364780683292,0.2946603655162325,1.4758957797724135,0.8964026457945589,0.15311583364728615,0.4436693610419558,0.6423639432441198,0.6956295311758073,-5.770967483520508,1.1825141906738281,1.1304603815078735,-5.94,0.39,1.65
1743703909.368126,2c08d2cc-7a1c-9d34-25ea-6265acb43d72,6f46de2f-5ff7-19f2-c17a-e0402b393b07,27,-73.0,-70.0,-71.0,-62.0,-58.0,-55.0,-35.0,2.7730777377500786,-1.311059956734177,-3.1215100221256145,0.626450589529377,1.2531967094898202,2.337943781270511,1.903967453592976,0.3067779815026884,1.485833099063935,0.8950485615383081,0.14619456093503605,0.5310487521351117,0.4670672855080904,0.705637805563833,-5.69926881790161,1.1965701580047607,1.0083192586898804,-5.94,0.39,1.65
1743703910.386334,2c08d2cc-7a1c-9d34-25ea-6265acb43d72,f5938dfd-5792-3367-86fd-20f9f2edb386,9,-70.0,-72.0,-71.0,-64.0,nan,-63.0,-36.0,2.941477935591277,-1.4771673060348716,-3.0842316258189038,0.7567428163843047,nan,2.3032599776510425,1.903967453592976,0.458186445930368,1.3823621001794135,0.8673034829857534,0.11271863435511839,nan,0.40968866224152034,0.705637805563833,-5.596893787384033,1.2169876098632812,0.8106788396835327,-5.94,0.39,1.65
1743703911.390175,2c08d2cc-7a1c-9d34-25ea-6265acb43d72,a3677281-6f80-da4c-a527-ff05bbccfd52,28,-72.0,-69.0,-73.0,-62.0,-56.0,-56.0,-36.0,2.9217305961083393,-1.351881289397075,-3.1184937258749907,0.6345391423921657,1.5561530655770317,2.3192426297504296,1.8898008886134372,0.4083599336469896,1.5016349653919203,0.8985416967821105,0.16221399087932387,0.6980039087099358,0.3743599157625504,0.7112290520732972,-5.525373458862305,1.235154151916504,0.725525975227356,-5.94,0.39,1.65
1743703912.387016,2c08d2cc-7a1c-9d34-25ea-6265acb43d72,76dc8788-552f-8e66-27e2-74de2a06b292,34,-74.0,-70.0,-77.0,-61.0,nan,-56.0,nan,2.916070313527485,-1.0473703903513438,3.093886383718768,0.5474641610748259,nan,2.3148252680769024,nan,0.3406772591497662,1.3987698356553915,0.8910803183560353,0.11548704024252622,nan,0.27993026697924117,nan,-5.44084119796753,1.23441481590271,0.6847267746925354,-5.94,0.39,1.65
1743703913.386288,2c08d2cc-7a1c-9d34-25ea-6265acb43d72,a491a332-010b-65ac-5144-dd972af3a6bd,35,-75.0,-70.0,nan,-62.0,-55.0,-56.0,-40.0,2.9308295522887042,-1.1589239499862014,nan,0.47911253380128827,1.5849280659335356,2.2934142557591213,1.9467350548389712,0.24004231044434038,1.4120073441697396,nan,0.12819509568740953,0.6805550804061447,0.22390307022903222,0.645265533668577,-5.419878959655762,1.230247974395752,0.6235544681549072,-5.94,0.39,1.65
1743703914.369448,2c08d2cc-7a1c-9d34-25ea-6265acb43d72,35f09dcd-3390-230f-64ad-64e06cd8ae67,34,-74.0,-71.0,nan,-61.0,nan,nan,nan,2.9444393707234453,-0.9871098459436303,nan,0.3654903637897116,nan,nan,nan,0.14400893791792166,1.3585020410250666,nan,0.11296569248049373,nan,nan,nan,nan,nan,nan,-5.94,0.39,1.65
1743703915.368743,2c08d2cc-7a1c-9d34-25ea-6265acb43d72,67e6d44d-5f02-a2a6-534f-cff810a4f2dc,30,-73.0,-69.0,nan,-61.0,-56.0,-56.0,-36.0,2.9498029771588645,-0.9358332091571901,nan,0.36338007494193275,1.6879453121594485,2.2760728885317514,1.90908794710151,0.12196000307477514,1.444335456642211,nan,0.11963162630085407,0.7607715570205321,0.21960857592540595,0.6635760416186837,-5.437846660614014,1.2185763120651245,0.581148386001587,-5.94,0.39,1.65
1743703916.372716,2c08d2cc-7a1c-9d34-25ea-6265acb43d72,91228b82-2d00-16bf-945e-07e24ec56a24,4,nan,-84.0,nan,-67.0,-49.0,-56.0,-35.0,nan,-0.8749339055620213,nan,0.5004926573485534,1.9064309223836158,1.6991683850152737,1.8933118532139956,nan,1.400120857276389,nan,0.22402704168925583,0.3621811083277529,0.8833809952325442,0.690211543258405,-5.549040794372559,1.1946626901626587,0.5553629994392395,-5.94,0.39,1.65
1743703917.370426,2c08d2cc-7a1c-9d34-25ea-6265acb43d72,7101a8a1-c5f9-d774-0a30-06b83fcc8e05,8,nan,-73.0,nan,-64.0,-53.0,-69.0,-36.0,nan,-0.9275310707749772,nan,0.5380845077155668,2.1066516803078787,2.0520900548936427,1.8898008886134372,nan,1.3786970578872464,nan,0.22954218199070092,0.3088352541004521,0.7375155710519014,0.7112290520732972,-5.64087963104248,1.2136201858520508,0.5369072556495667,-5.94,0.39,1.65
1743703918.384844,2c08d2cc-7a1c-9d34-25ea-6265acb43d72,2ad54641-b2ae-2483-5349-59134a1402b1,21,nan,-76.0,-75.0,-69.0,-65.0,-58.0,-38.0,nan,-0.8857391490527997,2.9879687387407903,0.5030948320496698,2.190684325147019,2.187076334790725,1.903967453592976,nan,1.4523116241069987,1.0062636333986166,0.17187279345509368,0.25310587475233487,0.6900823641260286,0.705637805563833,-5.759125709533691,1.1878100633621216,0.564491093158722,-5.94,0.39,1.65
1743703919.391829,2c08d2cc-7a1c-9d34-25ea-6265acb43d72,5fc5d9f2-7a63-1bf9-a914-e78054cc103c,32,nan,-70.0,-76.0,-61.0,-54.0,-56.0,-34.0,nan,-0.8870169337438197,2.866346965446833,0.45130034358926374,2.0919642085218233,2.2915673874288753,1.9202086645441492,nan,1.374512432866405,0.9959887584389274,0.1990504522478932,0.5673771814907498,0.43288039502454456,0.6787014800595071,-5.833189487457275,1.1998859643936157,0.685842514038086,-5.94,0.39,1.65
1743703920.37008,2c08d2cc-7a1c-9d34-25ea-6265acb43d72,ef573bc6-b75b-2e8d-194a-2bda16321334,2,nan,-80.0,-69.0,-67.0,-50.0,-54.0,-36.0,nan,-1.0195550043460113,3.076933232851541,0.5124241516643264,1.5611226015928668,1.5245162002832475,1.903967453592976,nan,1.2659185773090067,0.9796408775084486,0.1856095614500473,0.506061061099694,0.9242165367698697,0.705637805563833,-5.905163288116455,1.2007215023040771,0.827805757522583,-5.94,0.39,1.65
1743703921.369806,2c08d2cc-7a1c-9d34-25ea-6265acb43d72,5d422947-318d-bbeb-6bc9-294e334f36d1,6,-69.0,-76.0,-72.0,-65.0,-50.0,-60.0,-41.0,-3.0119382538159396,-1.0157080681513917,3.102071343013017,0.5218762430052356,1.9304922763979362,0.9366071514317613,1.8898008886134372,0.9524456751419682,1.4117470201731843,1.0114748404406564,0.17625757167661146,0.4369879081731527,0.7784130454724726,0.7112290520732972,-6.021111488342285,1.1853537559509277,1.0591975450515747,-5.94,0.39,1.65
1743703922.398364,2c08d2cc-7a1c-9d34-25ea-6265acb43d72,421c0858-7560-2cf9-1e5e-47cbbbcf7b75,26,-75.0,-73.0,-70.0,-62.0,-60.0,-55.0,-36.0,2.885149948007229,-1.0021560403123055,3.104385630000296,0.4888458549533098,1.3130218842597352,1.9353443786779168,1.903967453592976,0.939960576214595,1.498652091812977,1.0063465908665725,0.1890344531909165,0.6373081013244398,0.8317477102249496,0.705637805563833,-6.006093978881836,1.200243353843689,1.1320182085037231,-5.94,0.39,1.65
1743703923.386229,2c08d2cc-7a1c-9d34-25ea-6265acb43d72,6984b306-d0e4-d5a5-44a4-e40e8eafb298,33,-75.0,-71.0,-77.0,-61.0,-55.0,-57.0,-34.0,2.9731104303870204,-1.0094851927902582,3.0974347795551895,0.5154265994772818,1.4615019497176798,2.2110242598124406,1.934403927113482,1.1066005577333056,1.4628488204340606,1.0223389397915257,0.1889307064217011,0.7263469181400003,0.5232471051374624,0.6515734814113798,-6.008376121520996,1.21834921836853,1.205797553062439,-5.94,0.39,1.65
1743703924.386587,2c08d2cc-7a1c-9d34-25ea-6265acb43d72,4360775b-9309-4a81-6f4b-39ded42cfea0,21,-79.0,-76.0,-74.0,-69.0,-65.0,-57.0,-38.0,3.099384746105345,-1.0545159178721355,3.1186340744644383,0.5242911974817195,2.0372396563487314,2.3210062864717735,1.9333210782328756,1.1826427284447196,1.5036224825134465,1.1223551529519418,0.18070117246870637,0.5880437283243611,0.5350146297478431,0.6726187699538381,-5.914005756378174,1.2702224254608154,1.2859678268432617,-5.94,0.39,1.65
1743703925.387184,2c08d2cc-7a1c-9d34-25ea-6265acb43d72,d204e5ea-bb53-cbc6-06ff-94650a2c8e85,17,-79.0,-83.0,-74.0,-66.0,-66.0,-57.0,-37.0,-3.0776874400722516,-1.0143762212902432,-3.1224149642640233,0.5885394261476631,1.8192954146244704,2.4193579481814433,1.9106486840614556,1.2017466482082941,1.4776609229429178,1.1535346440462626,0.16029092225617764,0.5251500895647048,0.6775582051652463,0.6426760463422886,-5.869994163513184,1.2829474210739136,1.3358280658721924,-5.94,0.39,1.65
1743703926.389504,2c08d2cc-7a1c-9d34-25ea-6265acb43d72,d43cee61-daed-2d19-adcd-6d38f8141ace,13,-78.0,-74.0,-70.0,-64.0,-67.0,-57.0,-34.0,-3.136789908879944,-1.1362962686262887,-3.035712825499295,0.6118788373088995,1.8808214534982681,2.4481570875492196,1.8961101910866738,1.1993810953700312,1.374073011286542,1.0005106728118272,0.15896052348887177,0.25923654808194313,0.6725293285787024,0.6692616649620114,-5.854530334472656,1.2808283567428589,1.3094329833984375,-5.94,0.39,1.65
1743703927.398391,2c08d2cc-7a1c-9d34-25ea-6265acb43d72,f2d4c02e-878e-9b10-d676-6630983a6cdb,9,-73.0,-72.0,-71.0,-65.0,-54.0,-64.0,-36.0,3.109230452655368,-0.8677335169227741,-2.9790005437699487,0.614081804162613,2.0422293765221244,2.303295235565591,1.8933118532139956,1.0813115129170494,1.285692015770627,0.8598721317009691,0.14343374505673498,0.23694674589626072,0.5265693390225165,0.690211543258405,-5.8234224319458,1.2585515975952148,1.2700730562210083,-5.94,0.39,1.65
1743703928.390202,2c08d2cc-7a1c-9d34-25ea-6265acb43d72,4066f4e0-d526-cffc-b953-24893996f399,24,-80.0,-75.0,-71.0,nan,-68.0,-57.0,-36.0,3.0818936366979233,-0.872096573736651,-3.0400292769940953,nan,2.1636100668551204,2.355720658709458,1.8898008886134372,1.127026071187832,1.4622287033742358,0.8440042855569773,nan,0.22200743323907848,0.47438892250087866,0.7112290520732972,-5.816954612731934,1.2452131509780884,1.067516803741455,-5.94,0.39,1.65
1743703929.38633,2c08d2cc-7a1c-9d34-25ea-6265acb43d72,5ceec1e4-1fbd-9e5a-5206-e5f169c27aa2,2,-72.0,-84.0,-71.0,nan,-49.0,-54.0,-36.0,3.0196076251231494,-0.913463854423015,-3.0354744725817326,nan,1.637101478906946,1.5458768665938099,1.8754089543413661,1.1355276803356917,1.3309348616333294,0.9377745204338035,nan,0.3962054985140047,0.959713608508287,0.7165836440288615,-5.8439717292785645,1.20048463344574,0.9940438270568848,-5.94,0.39,1.65
1743703930.390059,2c08d2cc-7a1c-9d34-25ea-6265acb43d72,aef90424-2acd-b313-d23b-e40daf6bc64b,31,-73.0,-70.0,-75.0,nan,-55.0,-56.0,-34.0,3.0107930945472057,-0.9250406156815896,-3.0609718431742605,nan,1.667939648356447,2.159986424757013,1.8933118532139956,1.1491489503631198,1.3888430358501758,0.9385872506194683,nan,0.6040669945846124,0.6354029213360173,0.690211543258405,-5.888113021850586,1.1621779203414917,0.9485880136489868,-5.94,0.39,1.65
1743703931.38964,2c08d2cc-7a1c-9d34-25ea-6265acb43d72,c686c524-5f9c-69ed-bde8-a1b673589cd5,1,nan,-78.0,-70.0,nan,nan,nan,-37.0,nan,-0.9329628541343028,-3.031511422563586,nan,nan,nan,1.8795364780683292,nan,1.3900097667237397,0.9597501268008104,nan,nan,nan,0.6956295311758073,nan,nan,nan,-5.94,0.39,1.65
1743703932.386696,2c08d2cc-7a1c-9d34-25ea-6265acb43d72,c88368f3-5f14-2d40-882e-53f3be166f38,20,-79.0,-76.0,-75.0,nan,-67.0,-58.0,-35.0,3.099504055722181,-0.8770287480754776,-3.0730929545596473,nan,1.973555756113904,2.2770340818350174,1.9068708416134872,1.2044365740673286,1.480723558196509,1.0169670775567266,nan,0.4235993129164559,0.6583218889042142,0.6845673092029038,-5.9015851020813,1.1448622941970825,0.732059121131897,-5.94,0.39,1.65
1743703933.370553,2c08d2cc-7a1c-9d34-25ea-6265acb43d72,33589601-ed8a-23a0-11f4-b85c7337c8a2,8,-69.0,-72.0,-71.0,-64.0,-52.0,-63.0,-36.0,3.069869997008433,-0.938817281158624,-3.0433017693415847,0.7039235435364362,2.1394353320895,2.297115571845483,1.8898008886134372,1.0743532721999176,1.4062466604157893,0.9220355047075443,0.3527568585116612,0.32458277477575564,0.5702600267049641,0.7112290520732972,-5.96830415725708,1.1280512809753418,0.5999327301979065,-5.94,0.39,1.65
1743703934.387381,2c08d2cc-7a1c-9d34-25ea-6265acb43d72,966756b2-14cf-50de-950a-4e1aadbb9edb,7,-69.0,-73.0,-72.0,-64.0,-50.0,-62.0,-36.0,3.084281426931288,-1.0027035862324258,-3.062403824892396,0.6515434259523216,2.2113534429701045,1.4329619294443279,1.8898008886134372,0.9514748197665799,1.4568416611212232,0.8648486476719457,0.3185448258840673,0.24844300335433342,0.9177894823243794,0.7112290520732972,-5.9084248542785645,1.2419078350067139,0.5866212248802185,-5.94,0.39,1.65
1743703935.391575,2c08d2cc-7a1c-9d34-25ea-6265acb43d72,302c4e69-c89e-0e50-593e-8affc1c5574b,29,-72.0,-69.0,-75.0,-61.0,-56.0,-56.0,-35.0,3.072554996019451,-0.9788198249443772,-3.0610325632471143,0.6454650270803247,2.2120336234873563,2.0726773875471163,1.8754089543413661,0.8728151611777815,1.4451104365194245,0.9021315713525098,0.3357605977242891,0.38350492740337594,0.6561044434167792,0.7165836440288615,-5.8564324378967285,1.360581636428833,0.6020250916481018,-5.94,0.39,1.65
1743703936.387372,2c08d2cc-7a1c-9d34-25ea-6265acb43d72,da79b9a5-ed12-1fbd-c4a9-75dd61cc9205,35,-76.0,-71.0,-77.0,-62.0,-55.0,-56.0,-35.0,3.0408410084943513,-0.9815245313474616,-3.0611838307970305,0.5737218641585712,1.9582705325111422,2.244704708899615,1.9467350548389712,1.0437520865363075,1.3778597600405256,0.9149351177672295,0.33546661802945804,0.6178276234500455,0.4395667969317272,0.645265533668577,-5.717214107513428,1.5074747800827026,0.304425299167633,-5.94,0.39,1.65
1743703937.403045,2c08d2cc-7a1c-9d34-25ea-6265acb43d72,a709d3cc-561c-5280-f13a-52017bc3b0ce,33,-75.0,-71.0,-75.0,-61.0,-54.0,-57.0,-34.0,3.0541014201940744,-0.8907014171119444,-3.0323788141306243,0.5371577276562193,1.8421723781934567,2.2683640436879937,1.9582705325111422,1.1965980920308985,1.354903444602097,0.8981593334286022,0.3402291157173331,0.689797540951918,0.3036114303739224,0.6178276234500455,-5.6486992835998535,1.5867383480072021,0.3188996911048889,-5.94,0.39,1.65
1743703938.400403,2c08d2cc-7a1c-9d34-25ea-6265acb43d72,fe97e96e-95dc-7870-6313-718151947907,28,-71.0,-70.0,-73.0,-61.0,-56.0,-56.0,-36.0,3.008164554551297,-0.9294793062704247,3.1221723502887175,0.5193086893982902,2.1693382088360313,2.273023647517286,1.9202086645441492,0.9804051381622741,1.4475644063058781,0.8979439502754423,0.3191503954264377,0.48377215338577373,0.2309024809052288,0.6787014800595071,-5.658246994018555,1.615469217300415,0.38935375213623047,-5.94,0.39,1.65
1743703939.399518,2c08d2cc-7a1c-9d34-25ea-6265acb43d72,5c111353-97bb-482b-c99f-5c3846deb1c8,26,-75.0,-73.0,-70.0,-62.0,-60.0,-56.0,-36.0,2.9900934086584554,-0.917996820914439,3.119518776578562,0.4461764216519513,1.341291351711846,2.2871162398806506,1.9179032542670578,0.8649292748739479,1.5173428221334255,0.9796186401133465,0.3286247907414763,0.7396427464188842,0.24690743252152775,0.6998147975536355,-5.68424654006958,1.6386860609054565,0.5838891863822937,-5.94,0.39,1.65
1743703940.401821,2c08d2cc-7a1c-9d34-25ea-6265acb43d72,a05a3607-b912-e1c1-011b-4d50d5c8986c,33,-75.0,-71.0,-76.0,-61.0,-54.0,-57.0,-34.0,2.977334736508104,-0.9924826402848107,3.1112203666218754,0.36984729533308125,1.537107025670373,2.2963122894279064,1.934403927113482,1.0970897436903602,1.4710709308255168,0.9810329118102331,0.2698785530190956,0.7673567663316035,0.21234119077655958,0.6515734814113798,-5.732548713684082,1.6568872928619385,0.6689395308494568,-5.94,0.39,1.65
1743703941.38637,2c08d2cc-7a1c-9d34-25ea-6265acb43d72,10a02ea7-c1f1-8d85-ed41-2ed682f0e3fb,36,-78.0,-71.0,-78.0,-62.0,-54.0,-55.0,-34.0,2.9622564510482934,-1.2044460282891984,3.05659360634217,0.21113967227922611,1.5556263449915646,2.301613942325161,1.969646550485915,1.1472650302079983,1.4408943861977201,0.9762705805699261,0.19603407277348536,0.7154526043535627,0.1891093770199188,0.6111408173817348,-5.783936023712158,1.669128179550171,0.7344805002212524,-5.94,0.39,1.65
1743703942.386677,2c08d2cc-7a1c-9d34-25ea-6265acb43d72,65c3d3a6-c2c9-3320-128a-fe2d8fbfc813,15,-79.0,-78.0,-71.0,-65.0,-65.0,-58.0,-37.0,2.9323081393259165,-1.1938684850716217,3.1003269724990155,0.3958908802651841,1.660931502769675,2.4696837911955267,1.9348781877641035,1.1358331449127237,1.361225789029945,0.9146323829303149,0.2235250524685327,0.5696515378693834,0.4548448913905174,0.6306402159833425,-5.803415775299072,1.697306513786316,0.9329023361206055,-5.94,0.39,1.65
1743703943.39134,2c08d2cc-7a1c-9d34-25ea-6265acb43d72,0b700ab9-6690-e9ee-6229-f20109e6e1aa,28,-72.0,-70.0,-73.0,-62.0,-56.0,-56.0,-36.0,2.909324526486314,-1.1633581132011832,3.0674699562340537,0.3717168344183169,2.0136137180044544,2.3861876364720738,1.9333210782328756,0.6821578608423547,1.5171578655957196,0.8685857284715993,0.20234606416259585,0.48668470653188217,0.35519894621740616,0.6726187699538381,-5.8243818283081055,1.6911122798919678,1.0139052867889404,-5.94,0.39,1.65
1743703944.369325,2c08d2cc-7a1c-9d34-25ea-6265acb43d72,7272c838-d73a-d183-90f0-79fcad2c29f9,30,-72.0,-69.0,-75.0,-61.0,-54.0,-56.0,-36.0,2.9780170383793823,-1.0711597425787491,3.058499897050449,0.38819647524372713,1.9938182419013049,2.311044902166005,1.9068708416134872,0.36830961940918305,1.5179698634120848,0.949194621241254,0.19571757272268628,0.6180955335762698,0.2917265337708024,0.6845673092029038,-5.936955451965332,1.5668509006500244,0.9937625527381897,-5.94,0.39,1.65
1743703945.390271,2c08d2cc-7a1c-9d34-25ea-6265acb43d72,f04243ff-e330-c58b-4490-04ecdab990dd,16,-80.0,-80.0,-72.0,-66.0,-64.0,-58.0,-34.0,3.039011949457685,-1.1423011642521994,3.104347813112817,0.45420878181573926,1.8289833503270927,2.4466153820489236,1.8982276913627867,0.2744771830761467,1.4661625917784467,0.9993874180430592,0.12722294202098972,0.5009624613141369,0.5089906100195455,0.6483919990177546,-6.062660217285156,1.4150317907333374,1.00548791885376,-5.94,0.39,1.65
1743703946.391188,2c08d2cc-7a1c-9d34-25ea-6265acb43d72,6e13c403-f540-b01d-281e-fdc336c95128,15,-79.0,-78.0,-71.0,-64.0,-67.0,-57.0,-34.0,3.1405273891537617,-1.299572278214066,3.0603832845733527,0.5201036429836788,1.7515108839506655,2.51520333486444,1.8982276913627867,0.26623583134581474,1.3826075104738647,0.9249994032637205,0.12683349632345767,0.4185659834730456,0.5970372201059392,0.6483919990177546,-6.206730365753174,1.2650799751281738,1.3456951379776,-5.94,0.39,1.65
1743703947.371781,2c08d2cc-7a1c-9d34-25ea-6265acb43d72,71b80460-d47a-3e7d-d693-5a429997d709,4,-69.0,-81.0,-73.0,-68.0,-48.0,-55.0,-35.0,3.1237542679762247,-1.4462607889522843,3.0212577197345625,0.5872888056997618,1.8486820121408596,1.445610393446251,1.8933118532139956,0.4099095272167658,1.505694155525419,0.998260235111683,0.14106030260374272,0.24215464688813654,1.0602735434990311,0.690211543258405,-6.211674213409424,1.203244924545288,1.4410128593444824,-5.94,0.39,1.65
1743703948.400007,2c08d2cc-7a1c-9d34-25ea-6265acb43d72,1ebb0945-7072-d3c5-397f-ea4700b1dac2,5,-68.0,-78.0,-73.0,-66.0,-48.0,-56.0,-37.0,3.124824858734436,-1.4014749415326397,3.060390208792187,0.5996751679297204,1.9774363423855472,0.8423785789714788,1.8754089543413661,0.515037611510562,1.378052439745393,0.9884763804779773,0.16135227517435832,0.20728398476566043,0.8365391220574724,0.7165836440288615,-6.13878631591797,1.1967939138412476,1.4864741563797,-5.94,0.39,1.65
1743703949.380272,2c08d2cc-7a1c-9d34-25ea-6265acb43d72,58aa8606-e3a3-03b9-37bc-f13f5592418b,19,-80.0,-78.0,-75.0,-67.0,-61.0,-59.0,-34.0,3.087497992895886,-1.3808395709842154,3.0626091546124408,0.5993894107447549,1.9127286973071944,1.6959822597374403,1.90908794710151,0.787100189650118,1.4843201572486613,0.9724056014589214,0.17423584957983457,0.13465354152561615,1.0602735435208188,0.6635760416186837,-6.155216693878174,1.18023943901062,1.5070267915725708,-5.94,0.39,1.65
1743703950.38718,2c08d2cc-7a1c-9d34-25ea-6265acb43d72,c0d4f189-cea0-9392-ed15-91834f332b62,9,-70.0,-72.0,-71.0,-65.0,-54.0,-61.0,-36.0,3.088579236298458,-1.4344472726728017,3.1258070325444574,0.5831486554691246,2.0729427147035078,2.2040723595619864,1.8933118532139956,0.9411460157948165,1.43833615365459,0.9232327953546166,0.1628798310861141,0.15512995719553127,0.7016785694180083,0.690211543258405,-6.18742036819458,1.16615104675293,1.5002081394195557,-5.94,0.39,1.65
1743703951.390722,2c08d2cc-7a1c-9d34-25ea-6265acb43d72,d4009432-0785-80d0-a4df-e0069a3715a7,24,-83.0,-74.0,-71.0,nan,nan,-58.0,-37.0,2.9201966153204535,-1.3060813102343285,3.10996282195514,nan,nan,2.349239813404684,1.9292220479372317,0.9729761171434436,1.433014492006339,0.9500437035757986,nan,nan,0.5637876231816329,0.7150007605567652,-6.202266216278076,1.1052173376083374,1.477514386177063,-5.94,0.39,1.65
1743703952.390174,2c08d2cc-7a1c-9d34-25ea-6265acb43d72,8657f7e7-c06a-465c-4e5a-4e9aa24bc6e1,8,-69.0,-73.0,-71.0,nan,-52.0,-63.0,nan,2.986050197491497,-1.2374439257758254,3.129620146593233,nan,2.1780211787082995,2.3210062864717735,nan,1.0055598930805631,1.4155007457296511,0.9333163887690108,nan,0.1727091036273372,0.5350146297478431,nan,-6.2375969886779785,1.0108349323272705,1.46562397480011,-5.94,0.39,1.65
1743703953.391445,2c08d2cc-7a1c-9d34-25ea-6265acb43d72,7df4ea4f-da63-ffcb-158f-bca874d57b7f,16,-79.0,-79.0,-73.0,nan,-66.0,-57.0,-34.0,3.0233973033543324,-1.1708678280010434,3.1261537761183855,nan,1.9361084121125318,2.45687345050751,1.90908794710151,0.9434989851969289,1.3113188159921327,0.9037751412192523,nan,0.3321987465768429,0.6590580358738433,0.6635760416186837,-6.273558616638184,0.9269850254058838,1.4918439388275146,-5.94,0.39,1.65
1743703954.396897,2c08d2cc-7a1c-9d34-25ea-6265acb43d72,0804a3f5-a8b4-fd65-50e3-3800483ba7ee,1,-75.0,-78.0,-70.0,nan,-51.0,-53.0,-37.0,3.0308967649839955,-1.268572949967489,-3.061979317014637,nan,1.643910476802157,1.3706862405059643,1.8933118532139956,0.9138044727264363,1.2440111478659062,0.9174397541934217,nan,0.35947594226310436,1.017464149134844,0.690211543258405,-6.316621780395508,0.848609685897827,1.4646492004394531,-5.94,0.39,1.65
1743703955.398566,2c08d2cc-7a1c-9d34-25ea-6265acb43d72,f835fc65-82b2-fde5-81bb-8b3af2d86bb6,30,-72.0,-69.0,-75.0,nan,-55.0,-56.0,-36.0,2.9243543424142855,-1.0243538874722795,-3.079644597157351,nan,1.7655050700806478,2.09276902937724,1.8933118532139956,0.9849888378724642,1.3336369048753238,0.9058737787372623,nan,0.5642223183313941,0.7123282635107242,0.690211543258405,-6.37935209274292,0.772638976573944,1.4065098762512207,-5.94,0.39,1.65
1743703956.390826,2c08d2cc-7a1c-9d34-25ea-6265acb43d72,42f284ad-91ee-ac18-7fa5-bcbbf2dcfd1a,16,-80.0,-79.0,-73.0,-65.0,nan,-57.0,-34.0,2.726814901189876,-0.9691058117102587,-3.1055739324786895,0.6920511713968629,nan,2.3134210655521996,1.885607466369008,0.9736756629827801,1.3261732627623222,0.8706219814410739,0.3144285775242136,nan,0.7679754009836544,0.653901029453033,-6.392040729522705,0.7571072578430176,1.354785442352295,-5.94,0.39,1.65
1743703957.372682,2c08d2cc-7a1c-9d34-25ea-6265acb43d72,a54b42f3-367f-c01e-1053-ea2faf971e8b,31,-73.0,-70.0,-75.0,-61.0,-54.0,-56.0,-36.0,2.5805892478491135,-0.8674818481997616,3.096889896796159,0.6879744044001697,1.798086902077612,2.34416578234579,1.8961101910866738,0.8977545329429102,1.3273554399702083,0.8601950399831414,0.2457989495223852,0.6660526107898289,0.45491397780903625,0.6692616649620114,-6.39735221862793,0.7434622049331665,1.2425249814987183,-5.94,0.39,1.65
1743703958.392615,2c08d2cc-7a1c-9d34-25ea-6265acb43d72,e7043ece-9e3e-c8e9-ad8b-66dd72447086,15,-80.0,-77.0,-71.0,-65.0,nan,-57.0,nan,2.5248615367747695,-0.8314625944564399,-3.114063291085535,0.6883288711412591,nan,2.4573461773085006,nan,0.8765066353437676,1.2284910439812513,0.8508189153123266,0.19031044024820068,nan,0.5765260527580284,nan,nan,nan,nan,-5.94,0.39,1.65
1743703959.390042,2c08d2cc-7a1c-9d34-25ea-6265acb43d72,4efbf797-5922-8b3a-8077-2f845430e4cc,1,-75.0,-78.0,-70.0,-66.0,-51.0,-53.0,-37.0,2.363864394131773,-0.8700456733811808,-3.1317916881460834,0.6817399442882941,1.53372314573179,1.4322120493086907,1.8933118532139956,0.9170523974128697,1.2384095879870876,1.013672014918999,0.22315803558080616,0.4873974184310553,1.006230561863116,0.690211543258405,-6.401052951812744,0.7427445650100708,1.1413564682006836,-5.94,0.39,1.65
1743703960.372055,2c08d2cc-7a1c-9d34-25ea-6265acb43d72,7712d62b-590d-7b26-c84a-7de67a10569f,18,-81.0,-84.0,-75.0,-67.0,-64.0,-58.0,-34.0,2.4596465806331267,-0.881207514141921,-3.1123615311489745,0.6682305270266491,1.6950045812711234,2.049054142092905,1.8982276913627867,0.994460436868358,1.3949837526916808,1.0946834444874192,0.20082479996891528,0.3642750863894722,1.0136050092837148,0.6483919990177546,-6.188181400299072,0.797526717185974,1.0282602310180664,-5.94,0.39,1.65
1743703961.393596,2c08d2cc-7a1c-9d34-25ea-6265acb43d72,4ba6c331-0fd7-eed9-29d8-1d30a7bdeac7,8,-69.0,-74.0,-72.0,-64.0,-52.0,-65.0,-38.0,2.911355985765827,-0.8755877116096358,-3.094669086763142,0.7511232801681285,1.9932288796977395,1.0457494255137036,1.8933118532139956,0.8386885494421519,1.3472038464165144,0.9874712369035541,0.2118137516406388,0.3769785346812307,0.8681475374033353,0.690211543258405,-6.02868890762329,0.8380005955696106,0.979984164237976,-5.94,0.39,1.65
1743703962.370085,2c08d2cc-7a1c-9d34-25ea-6265acb43d72,d58a700b-6c4f-83ac-8a45-9270c24b9757,36,-78.0,-71.0,-77.0,-62.0,-54.0,-55.0,-34.0,2.55844080232736,-0.8483648789468458,-3.0631910553106234,0.7144515519577375,1.8196838640030915,2.0522268047130265,1.9348781877641035,0.9581416440814298,1.324246998345868,1.0557862457121032,0.24374144119846047,0.505340417243914,0.7594410421041297,0.6306402159833425,-5.90349245071411,0.9364261627197266,0.9290946125984192,-5.94,0.39,1.65
1743703963.387703,2c08d2cc-7a1c-9d34-25ea-6265acb43d72,9943a3ab-85af-4b8d-cac9-d323c8bb58bc,11,-72.0,-73.0,-70.0,-67.0,-59.0,-60.0,-34.0,2.811300490979332,-0.8408656836332915,-3.0013540526956377,0.6560707998054564,1.9723496152134778,2.22715588647642,1.90908794710151,1.0905794466685796,1.1878381562573008,0.907344176554122,0.28398837994849885,0.31690756986330965,0.680695109383984,0.6635760416186837,-5.786076068878174,1.0664126873016357,0.9130943417549133,-5.94,0.39,1.65
1743703964.386797,2c08d2cc-7a1c-9d34-25ea-6265acb43d72,00803774-8c56-7cf0-6afb-790d59855ed9,8,-69.0,-73.0,-72.0,-64.0,-52.0,-64.0,-39.0,2.9982096583965814,-0.8626522055629029,-2.98899964839876,0.7546146843572223,2.12452448924601,1.3194752980958735,1.903967453592976,0.9347996363381305,1.2931182404703132,0.8644997735691453,0.2506101164791815,0.2726430803489757,0.8635646550192799,0.705637805563833,-5.710705280303955,1.1823475360870361,0.8922410011291504,-5.94,0.39,1.65
1743703965.372663,2c08d2cc-7a1c-9d34-25ea-6265acb43d72,987da332-6b70-b328-8ba3-b6a3625c2781,8,-69.0,-72.0,-72.0,-64.0,-52.0,-63.0,-36.0,3.086504101177068,-0.8678653433967329,-2.9678610735623647,0.7455370334655782,2.2009779673568866,0.9207493002814159,1.903967453592976,0.8474683257658706,1.4135461186475873,0.8658116467221183,0.24633622562755192,0.2224637652595629,0.6590921117469535,0.705637805563833,-5.697175979614258,1.2676132917404175,0.9214747548103333,-5.94,0.39,1.65
1743703966.398423,2c08d2cc-7a1c-9d34-25ea-6265acb43d72,53784ccb-1d46-794a-0f4c-d0af0a5d9d70,28,-72.0,-71.0,-73.0,-62.0,-57.0,-56.0,-36.0,3.075078074836192,-0.8949571485338911,-2.984363351257041,0.6872353771976726,1.523707654806476,1.8488339102112017,1.914906352509352,0.7196136902566924,1.418514778293348,0.9413302399632227,0.3136090229882553,0.7318049978291591,0.7635272007424755,0.7210065267034491,-5.639324188232422,1.377008080482483,0.929077982902527,-5.94,0.39,1.65
1743703967.372612,2c08d2cc-7a1c-9d34-25ea-6265acb43d72,260ae581-4f1f-1a11-dea1-ef688b8a05fb,0,nan,-75.0,-71.0,-65.0,-52.0,-54.0,-37.0,nan,-0.9478817494028723,-3.029518312803771,0.8132606873540753,1.434071479342101,1.1407392903232805,1.9003445305913274,nan,1.4028504642356656,0.9683756395183861,0.32188116751869134,0.39719098457677,0.8266574033382672,0.7267750543412002,-5.58462142944336,1.4591882228851318,0.9123151898384094,-5.94,0.39,1.65
1743703968.386603,2c08d2cc-7a1c-9d34-25ea-6265acb43d72,bee264c6-4cbc-e469-006f-92fb8f531720,27,nan,-72.0,-72.0,-62.0,-59.0,-55.0,-35.0,nan,-0.9207382789405667,-3.0390585547767612,0.6646885227768438,1.1042033496477897,1.9969274061724138,1.8898008886134372,nan,1.4955186164743897,1.0220331423193572,0.3461270854254771,0.40981502047645135,0.7030380373395141,0.7112290520732972,-5.490599632263184,1.5508010387420654,0.9248396158218384,-5.94,0.39,1.65
1743703969.387345,2c08d2cc-7a1c-9d34-25ea-6265acb43d72,2fa3cbed-69ea-56c7-81af-acff6406d417,13,nan,-75.0,-70.0,-64.0,nan,-58.0,-34.0,nan,-0.8902129933680238,-2.993175484988004,0.7343104778903492,nan,2.2571067363545314,1.8898008886134372,nan,1.3888928369625604,0.9401204990380543,0.3348170730395878,nan,0.7355702447733604,0.7112290520732972,-5.388453006744385,1.625789999961853,0.843997597694397,-5.94,0.39,1.65
1743703970.388174,2c08d2cc-7a1c-9d34-25ea-6265acb43d72,1f7ffb2b-5508-b104-56eb-820faf08a344,11,nan,-73.0,-70.0,-67.0,-60.0,-60.0,-34.0,nan,-1.041288263053821,-2.9611267381138817,0.7625525023023125,1.7151466294305588,2.3597434112079037,1.8795364780683292,nan,1.306909287017234,0.9756751643292116,0.37347884837454054,0.5232977054667245,0.7195644402030752,0.6956295311758073,-5.40218448638916,1.6770676374435425,0.8178932070732117,-5.94,0.39,1.65
1743703971.372391,2c08d2cc-7a1c-9d34-25ea-6265acb43d72,c78e34fa-458a-c633-9a37-bbd7aa1a44be,4,nan,-86.0,-72.0,-68.0,-48.0,-55.0,-35.0,nan,-1.0758769998176068,-2.976273999445925,0.7989275543672688,1.8623898320648113,1.3254906540630806,1.869536419425379,nan,1.1312202835885978,0.9811486261595969,0.4248149069428031,0.2799302669684719,0.9928882023981972,0.6799795122252771,-5.355101108551025,1.749502182006836,0.7608274817466736,-5.94,0.39,1.65
1743703972.372643,2c08d2cc-7a1c-9d34-25ea-6265acb43d72,d5077e6f-9b5d-fddc-ebd8-8ec662838b1a,14,-75.0,-76.0,-70.0,-64.0,nan,-58.0,-37.0,2.534867032990197,-1.0980657922298742,-2.9785989390775645,0.824612145184429,nan,2.0666793406605066,1.8829247691339277,1.0136120937944721,1.2339100441673445,0.9173427485507155,0.33515283107401944,nan,1.0284315018463832,0.674730939722152,-5.22771453857422,1.8301312923431396,0.715942919254303,-5.94,0.39,1.65
1743703973.392674,2c08d2cc-7a1c-9d34-25ea-6265acb43d72,4badc7df-0736-43d5-3bb3-01e5320df6af,28,-73.0,-70.0,-73.0,-62.0,-57.0,-56.0,-36.0,2.476954464557552,-1.0571584394637665,-2.9772559069398374,0.8001214494839513,2.099473555438422,2.29692305742091,1.8933118532139956,0.9745698193187743,1.4578203728218277,0.9938288016368185,0.3012720956860314,0.28337377220070137,0.6354029213424442,0.690211543258405,-5.123129844665527,1.9002138376235962,0.7057268619537354,-5.94,0.39,1.65
1743703974.387664,2c08d2cc-7a1c-9d34-25ea-6265acb43d72,09446666-c11f-6572-c61b-b485f2d9578e,6,-69.0,-76.0,-72.0,-64.0,-49.0,-58.0,-36.0,2.7125137261361507,-1.1156842007374024,-3.0391320580228474,0.6899318278013779,2.143326788260994,1.381533660760718,1.8933118532139956,0.8704490757073007,1.5156802106648892,0.9561907454248921,0.29234807589977124,0.22603398817010956,0.9292038086213348,0.690211543258405,-5.106886386871338,1.9046682119369507,0.7332926988601685,-5.94,0.39,1.65
1743703975.379168,2c08d2cc-7a1c-9d34-25ea-6265acb43d72,7f59590b-9c5f-9336-060b-888138d29922,6,nan,nan,nan,-64.0,-49.0,nan,-36.0,nan,nan,nan,0.5852240569066234,0.46413527350707845,nan,1.9003445305913274,nan,nan,nan,0.2608372875658447,1.4927555166526483,nan,0.7267750543412002,nan,nan,nan,-5.94,0.39,1.65
1743703976.387442,2c08d2cc-7a1c-9d34-25ea-6265acb43d72,3d120990-5496-250d-3039-b128fe9673c0,35,-76.0,-71.0,-77.0,-62.0,-55.0,-57.0,-41.0,2.6890225147927795,-0.9911088486364932,-3.020874757169809,0.5016340881917614,1.536557436067239,2.1304990880385386,1.9467350548389712,1.0107897422502334,1.4528281442004192,0.9640629830281392,0.31087632010421146,1.0992586012912755,0.6853612282955813,0.645265533668577,-5.051568984985352,1.9293184280395508,0.7443714141845703,-5.94,0.39,1.65
1743703977.387068,2c08d2cc-7a1c-9d34-25ea-6265acb43d72,de618185-a885-b766-69d5-abff30cd3322,19,-77.0,-81.0,-75.0,-67.0,-62.0,-58.0,-34.0,2.774729430258146,-1.1698310593886754,-2.9419106992684148,0.5030546183172095,1.9861741761303497,2.28076887046673,1.9348781877641035,1.0892825537967386,1.4774605200708895,1.0166863803778323,0.21559041367199377,0.5559994734578472,0.7131295555893366,0.6306402159833425,-5.06877613067627,1.8919343948364258,0.7663444876670837,-5.94,0.39,1.65
1743703978.373437,2c08d2cc-7a1c-9d34-25ea-6265acb43d72,3d70607a-28ee-d68f-ed0a-95e24054c3cb,5,-69.0,-78.0,-73.0,-66.0,-48.0,-56.0,-36.0,2.8321429223025096,-1.2299395372981454,-2.9283048755753094,0.558454494261365,2.0545425691767965,1.3188239000359336,1.9202086645441492,0.9206593827932731,1.4812968036211487,0.9988579816183514,0.16620480435183485,0.32586754223107084,0.955223176781742,0.6787014800595071,-5.143813133239746,1.8197985887527466,0.770047664642334,-5.94,0.39,1.65
1743703979.400579,2c08d2cc-7a1c-9d34-25ea-6265acb43d72,68208c3d-e5a1-b9d0-8764-e218a90babb3,26,-74.0,-73.0,-70.0,-62.0,-64.0,-55.0,-35.0,2.8287378045327345,-1.2386506040657401,-3.038970936776898,0.4852045147948445,1.4310947856998995,2.0971888853862364,1.9316034999277127,0.8002023430020625,1.5193202192428095,1.0222637054907309,0.1506706522924299,0.6684363431131541,0.7783742499998719,0.6937649953586775,-5.20797872543335,1.732800006866455,0.7707443237304688,-5.94,0.39,1.65
1743703980.388852,2c08d2cc-7a1c-9d34-25ea-6265acb43d72,9aa3f82f-42b5-40a6-5ac7-4bff57112d60,36,-78.0,-72.0,-79.0,-62.0,-54.0,-55.0,-34.0,2.7834326407005245,-0.8855593856792194,-2.9911165951492644,0.43394718592630743,1.5585766283811788,2.282851226567148,1.9588442943538358,0.8505678458005593,1.500314570123459,1.0358975589543098,0.1905571155441693,0.6107585971789993,0.4866599042370066,0.6387591929412652,-5.2652153968811035,1.6483064889907837,0.8076125383377075,-5.94,0.39,1.65
1743703981.393476,2c08d2cc-7a1c-9d34-25ea-6265acb43d72,26a7b121-2304-1e69-6bea-4c32881beae1,13,-76.0,-75.0,-70.0,-64.0,nan,-57.0,-34.0,2.8401702224602268,-1.1215796404425107,-3.025907332681732,0.6006762501834811,nan,2.396606868289403,1.90908794710151,0.8895627160088537,1.326878734135084,0.980425711081695,0.15488666932462072,nan,0.6009208751654301,0.6635760416186837,-5.306038856506348,1.5643268823623657,0.8000128269195557,-5.94,0.39,1.65
1743703982.394179,2c08d2cc-7a1c-9d34-25ea-6265acb43d72,5d296a92-4489-981f-384f-0c083923869a,0,-76.0,-75.0,-69.0,-65.0,-53.0,-53.0,-37.0,2.8996487296138387,-1.1970577536350457,-3.0867850646720716,0.6612029775421481,1.4634994205834544,1.3781824929586648,1.8933118532139956,0.9176601307736258,1.4703018099027019,1.0117473483991986,0.0990129171539994,0.40569215416815757,1.000473778990106,0.690211543258405,-5.347858905792236,1.468566656112671,0.8394652605056763,-5.94,0.39,1.65
1743703983.386886,2c08d2cc-7a1c-9d34-25ea-6265acb43d72,efb21b93-92e2-2bea-2fa2-b283364b69b9,24,-79.0,-73.0,-70.0,nan,-75.0,-57.0,-36.0,2.836174415560672,-1.2543198449714397,-3.134468697673831,nan,1.916912649619105,2.1592256369014917,1.903967453592976,1.042549669304137,1.4964192975550548,1.0571528468254774,nan,0.5139846754037269,0.7860707428652766,0.705637805563833,-5.242998123168945,1.4443211555480957,0.9173452258110046,-5.94,0.39,1.65
1743703984.380885,2c08d2cc-7a1c-9d34-25ea-6265acb43d72,ae4ea97a-57f1-2481-4623-38088f84e23c,6,nan,nan,nan,nan,-48.0,nan,-35.0,nan,nan,nan,nan,2.5930837437205643,nan,1.9292220479372317,nan,nan,nan,nan,0.7236919187369142,nan,0.7150007605567652,nan,nan,nan,-5.94,0.39,1.65
1743703985.387425,2c08d2cc-7a1c-9d34-25ea-6265acb43d72,fa3b1830-500f-9597-4729-fcb7a74229ff,28,-72.0,-71.0,-72.0,nan,-58.0,-55.0,-36.0,2.769398847020243,-1.1905413979217856,-3.099035872002545,nan,1.1693964503579248,2.2710353416802773,1.914906352509352,0.990812039333004,1.5024703990258783,1.0811415366604753,nan,0.9376703194072747,0.5724287480122062,0.7210065267034491,-5.263923168182373,1.4108160734176636,0.988475501537323,-5.94,0.39,1.65
1743703986.387812,2c08d2cc-7a1c-9d34-25ea-6265acb43d72,58716224-ce4d-9aba-13ba-4252b5f02043,2,-74.0,-80.0,-70.0,nan,-46.0,-53.0,-36.0,2.7650035659571763,-1.3405209099770696,-3.098194046781971,nan,1.1547411153944078,1.3673192024975593,1.8754089543413661,0.9496345754533351,1.4280576834274292,1.0933429423527277,nan,0.3840834318695599,0.9631068211066075,0.7165836440288615,-5.215886116027832,1.4344435930252075,0.995623230934143,-5.94,0.39,1.65
1743703987.387515,2c08d2cc-7a1c-9d34-25ea-6265acb43d72,55ba6a1d-0e1a-8b6c-7f39-adec0ad436a8,25,-81.0,-73.0,-69.0,nan,-75.0,-55.0,-36.0,2.77556033651825,-1.359202851865921,-3.0926850317510333,nan,0.975939236297892,2.1372802445123353,1.914906352509352,1.0116873606956447,1.5066048234601714,1.1169547283144519,nan,0.31291221354494486,0.729026787225715,0.7210065267034491,-5.30572509765625,1.423747181892395,1.0122267007827759,-5.94,0.39,1.65
1743703988.37353,2c08d2cc-7a1c-9d34-25ea-6265acb43d72,15c29083-2930-f677-f9da-a359d6708b8d,17,-80.0,-78.0,-73.0,-67.0,-61.0,-60.0,-40.0,2.8076349160549467,-1.3198631688754885,-3.085092359483217,0.1949724202496821,1.35049756077533,2.3329669568626987,1.8982276913627867,1.025080597554735,1.5077591706346662,1.1179345718585192,0.32229259261759496,0.5175152042150248,0.7784130455625597,0.6483919990177546,-5.393010139465332,1.418444275856018,1.0419633388519287,-5.94,0.39,1.65
1743703989.400375,2c08d2cc-7a1c-9d34-25ea-6265acb43d72,8725d7f3-1f61-90aa-eed5-a4503adb26d4,19,-78.0,-77.0,-74.0,-67.0,-61.0,-59.0,-34.0,2.9789422205420757,-1.269262042899547,-3.0034054856833254,0.46809343847497636,1.7611701679437566,2.368360422911396,1.9106486840614556,1.0632478904542872,1.4941504174643616,1.1670953271588915,0.22896916959265673,0.3555904998282891,0.7415843406645185,0.6426760463422886,-5.459074974060059,1.4204981327056885,1.0636292695999146,-5.94,0.39,1.65
1743703990.388753,2c08d2cc-7a1c-9d34-25ea-6265acb43d72,888c3b08-86f5-ca35-f69b-0dbf4b1609f0,15,-76.0,-75.0,-71.0,-65.0,-61.0,-57.0,-34.0,3.0078817268435305,-1.2633889737475952,-3.008183462995037,0.4970491900590809,1.7522038839922083,2.482273367082338,1.8982276913627867,1.0909138731224663,1.531201912446198,1.1965713272619432,0.2042360596539546,0.3403074419870607,0.7732910764826861,0.6483919990177546,-5.602715015411377,1.4063993692398071,1.0830894708633423,-5.94,0.39,1.65
1743703991.399716,2c08d2cc-7a1c-9d34-25ea-6265acb43d72,4bbc3576-66c1-2586-935f-0b8da25daec8,29,-73.0,-70.0,-74.0,-61.0,-59.0,-55.0,-35.0,3.0330981339410554,-1.3183411723125082,-2.99576700704476,0.5401215596333684,1.3801372729778811,2.385934025041171,1.8933118532139956,0.9740260684032072,1.5139358401508876,1.1737640156865046,0.18463910554882246,0.5839900075886446,0.5801144951648058,0.690211543258405,-5.6635308265686035,1.415601372718811,1.1212953329086304,-5.94,0.39,1.65
1743703992.400562,2c08d2cc-7a1c-9d34-25ea-6265acb43d72,7abf4dad-fd5d-fb35-3a6d-d3fffc19de2e,18,-82.0,-79.0,-74.0,-67.0,-61.0,nan,nan,3.059254104271159,-1.120540741301271,-2.9937267593336507,0.548036474393084,1.6301661235066045,nan,nan,1.0342828178063674,1.4906303842935493,1.3210039339284239,0.0987339343850568,0.4501533302072041,nan,nan,nan,nan,nan,-5.94,0.39,1.65
1743703993.399468,2c08d2cc-7a1c-9d34-25ea-6265acb43d72,2b055f16-02d0-099f-3cd1-1d4be7d6c42a,12,-73.0,-73.0,-69.0,-65.0,-62.0,-57.0,-36.0,3.0747622239309087,-1.14760418377282,-3.0575757801521912,0.6923545054450229,1.8051930703177665,2.445698050352299,1.869536419425379,0.9891303196836462,1.4423548637395196,1.2474202603773166,0.0924200704608049,0.26108183815895214,0.6378112688557569,0.6799795122252771,-5.64705228805542,1.4347724914550781,1.16852343082428,-5.94,0.39,1.65
