1740407613.185733,1d5ab4ef-0f65-dd99-0b6e-312f5d6add59,6908a798-77ff-cc97-d6ea-9001af788556,26,-70.0,-68.0,-79.0,-74.0,-60.0,-51.0,-56.0,1.638940760135626,1.6522171508018892,1.0228184419457944,1.0529433212484436,0.7599409699918951,1.2299439054940724,-0.46323401428641037,0.24198725027793888,0.7944796758726731,0.318040889226797,0.0880677911269645,0.3678778512299021,0.5806390797587954,0.33079144072670363,-1.55251407623291,1.4370123147964478,0.3310869038105011,-1.14,0.39,1.92
1740407614.188151,1d5ab4ef-0f65-dd99-0b6e-312f5d6add59,b03fd942-ee34-e07d-0b23-189d45a9270a,18,-75.0,-63.0,-71.0,-80.0,nan,nan,nan,1.6422505367383766,1.703171944570593,1.0316867683757582,1.2492052440979422,nan,nan,nan,0.4288297887336656,0.7002330680558588,0.2938534609954522,0.08586955970656425,nan,nan,nan,nan,nan,nan,-1.14,0.39,1.92
1740407615.18315,1d5ab4ef-0f65-dd99-0b6e-312f5d6add59,ccdae8c8-89c4-182f-e22e-cf338910c54e,30,-72.0,-75.0,-78.0,-74.0,-52.0,-56.0,-56.0,1.7031575635007066,1.676135000551891,1.0436611395850814,1.2963051121887565,0.7599409699918951,1.4616946910687887,0.12913682763398032,0.3576896320617332,0.4420182617944424,0.2564275255643506,0.11454140999608793,0.3678778512299021,0.6022702788169242,0.3290471223061619,-1.6199454069137573,1.3987507820129395,0.391201376914978,-1.14,0.39,1.92
1740407616.186443,1d5ab4ef-0f65-dd99-0b6e-312f5d6add59,a0d0d24f-91ed-6997-c2db-629b35db5195,19,-71.0,-62.0,-73.0,-83.0,-56.0,-52.0,-52.0,1.6574731655292696,1.7046606516199474,1.0529800728714866,1.2809626411488098,0.5410232563518929,1.5594630866632466,-0.34560917967849786,0.4102279081250848,0.7010509914056494,0.2894693652089637,0.14568298433438862,0.49174123373434103,0.5758597484117312,0.28009076515346665,-1.572399377822876,1.318718433380127,0.3984239399433136,-1.14,0.39,1.92
1740407617.182489,1d5ab4ef-0f65-dd99-0b6e-312f5d6add59,3e16db45-ce3d-f89e-5d67-b735a351b727,24,-72.0,-64.0,-78.0,-79.0,-57.0,-53.0,nan,1.629666035323316,1.768707012675263,1.0512884329470684,1.2913148809381658,0.6681744123996866,1.6477887419663935,nan,0.2761309228893018,0.8773882748226383,0.25941587526828536,0.19106299963798665,0.32162444239789906,0.5007590008448913,nan,-1.5902372598648071,1.2315809726715088,0.3510656952857971,-1.14,0.39,1.92
1740407618.183124,1d5ab4ef-0f65-dd99-0b6e-312f5d6add59,09acdf05-a4a7-21e1-298a-c2e17234cdab,9,-80.0,-64.0,-78.0,-67.0,-50.0,-59.0,-57.0,1.6101567824418317,1.797110690965394,1.1137374299805545,1.162516953770882,0.7434173246519734,1.7603626074374312,0.5230714583517929,0.26996364101592357,0.8868024826970412,0.18971870249874193,0.2690700506016611,0.24825146555028327,0.20629867988331488,0.2434763183918444,-1.5875226259231567,1.1151460409164429,0.34517475962638855,-1.14,0.39,1.92
1740407619.192457,1d5ab4ef-0f65-dd99-0b6e-312f5d6add59,20e855c9-624b-93d1-59fb-dd531549ed40,24,-90.0,nan,-77.0,-69.0,-51.0,nan,-51.0,1.6021949960469306,nan,1.1448551357375853,1.3357212279024742,0.7956735364294273,nan,0.01941809812749841,0.32508045622571713,nan,0.18816398234386725,0.234512422888359,0.3020398666102595,nan,0.45371132278464493,-1.5877140760421753,1.027338981628418,0.3297185003757477,-2.34,0.39,1.92
1740407620.183614,1d5ab4ef-0f65-dd99-0b6e-312f5d6add59,15e2103a-8ac4-c765-7b67-722d98ca634a,6,-75.0,nan,-67.0,-67.0,-50.0,-48.0,-55.0,1.649018161700486,nan,1.1383492995106306,1.4092212781953533,0.9355396416918279,1.8940038015433511,-0.1791480397352732,0.31537393313216444,nan,0.19285364257592869,0.19671311227242833,0.35507247250937496,0.21104041885192446,0.49933382566287493,-1.6091053485870361,1.0457664728164673,0.33833497762680054,-2.34,0.39,1.92
1740407622.183092,1d5ab4ef-0f65-dd99-0b6e-312f5d6add59,54181830-c976-f4a0-65cd-9772c0186118,23,-79.0,nan,-77.0,-70.0,-56.0,-51.0,-60.0,1.7615809262304292,nan,1.1523516678900494,1.4138791469419016,0.8760263720236056,2.053609365206562,0.25924360964271964,0.3355063989982411,nan,0.21027501045230465,0.20575412805432702,0.4782833065467825,0.3596124464579879,0.9969054213053968,-1.714192271232605,0.991733729839325,0.4007258415222168,-2.34,0.39,1.92
1740407623.186976,1d5ab4ef-0f65-dd99-0b6e-312f5d6add59,22b668de-8344-b7c7-6724-3fcd3507e2e7,28,-81.0,nan,-81.0,-68.0,-55.0,-56.0,-50.0,1.8490439301185935,nan,1.1152541002213547,1.5263327218671516,0.8344001807415056,2.212787405768527,0.37436062755637495,0.27968947202737937,nan,0.2892794152442138,0.15621801684306497,0.4832343571655545,0.2961285545576916,0.7844463517241879,-1.8623554706573486,1.098947525024414,0.4503135681152344,-3.54,0.39,1.92
1740407624.184388,1d5ab4ef-0f65-dd99-0b6e-312f5d6add59,ae0a6e18-ce58-97d6-c5ee-c9050140581b,1,-73.0,nan,-73.0,-64.0,-54.0,-54.0,-48.0,1.908421237150782,nan,1.1898995760990765,1.5750291550314683,0.8078290595659603,1.9808065581665832,0.5927570613968074,0.17973897236686073,nan,0.1857975473334933,0.2261637957003673,0.6211344897266663,0.6042727794713774,0.46233151330809863,-2.0051589012146,1.1777664422988892,0.5135398507118225,-3.54,0.39,1.92
1740407625.186833,1d5ab4ef-0f65-dd99-0b6e-312f5d6add59,a2339a54-9da6-5c2b-a639-e49a1958d69a,5,-68.0,-64.0,-79.0,-67.0,-51.0,-73.0,-40.0,1.9616540989159401,2.9495851305816965,1.2331631606396318,1.5869270935175064,0.8931607689300669,1.663103228306095,0.6359978150236603,0.2513199321334717,0.37240789143167874,0.17234269158468135,0.2571432501073094,0.46978569161618206,0.921798787588158,0.3439410747052656,-2.176318883895874,1.2403311729431152,0.5759941339492798,-3.54,0.39,1.92
1740407626.186964,1d5ab4ef-0f65-dd99-0b6e-312f5d6add59,bf1290bd-f385-93c8-c42f-569476ecac7e,28,-79.0,-62.0,-72.0,-65.0,-49.0,-53.0,-48.0,2.058415796066225,2.9687620209591388,1.27185436390463,1.3459589517649568,0.9722544445671115,2.1986642829357645,0.7258374826500794,0.32049103071918356,0.2110848444502841,0.21112327719376534,0.2250653915535209,0.4837721533333602,0.6799116074893329,0.2520602923070089,-2.340907335281372,1.2958381175994873,0.599261999130249,-3.54,0.39,1.92
1740407627.186755,1d5ab4ef-0f65-dd99-0b6e-312f5d6add59,594928fe-a0ef-b81c-35f7-a74f80c43075,34,-87.0,-62.0,-75.0,-69.0,-54.0,-57.0,-48.0,2.0984015619371106,3.0184193226447564,1.2795301267984565,1.5217222573880065,1.0735544448658443,2.2458983095525893,0.6850115480332039,0.37688662930540595,0.14600526011580184,0.36173946784190314,0.14280543877655802,0.45879696418617366,0.39894676315430255,0.23248054949352365,-2.5010769367218018,1.1969125270843506,0.6188664436340332,-3.54,0.39,1.92
1740407628.199871,1d5ab4ef-0f65-dd99-0b6e-312f5d6add59,1cac7449-3534-8097-862c-7660f0e8ea33,12,nan,nan,nan,nan,nan,nan,-41.0,nan,nan,nan,nan,nan,nan,0.679813296350263,nan,nan,nan,nan,nan,nan,0.36253939602584684,nan,nan,nan,-4.74,0.39,1.92
1740407629.183241,1d5ab4ef-0f65-dd99-0b6e-312f5d6add59,61a9467a-564d-71f4-7e3c-75331a3916f9,11,-80.0,-71.0,-81.0,-74.0,-45.0,-57.0,-45.0,2.1015201235735934,2.977893467704803,1.3337909687443847,1.6433642707062477,1.0660722522420198,0.9833093912304793,0.6618367824960055,0.4075507987287962,0.11347115213301236,0.25071915628106345,0.1833952428721873,0.4504141357084807,1.5078764359102454,0.36729548690165503,-2.7256133556365967,1.2139641046524048,0.7026281356811523,-4.74,0.39,1.92
1740407630.187754,1d5ab4ef-0f65-dd99-0b6e-312f5d6add59,e826330c-10f9-3408-d06c-95e66ab68bbc,13,-74.0,-67.0,-74.0,-74.0,-50.0,-65.0,-42.0,2.0477716738213965,3.089321725610372,1.3647049426780247,1.7416887107841912,0.8708492963208283,2.337402683969091,0.7037724306797466,0.5009351082741564,0.09959550028721106,0.17251573047650925,0.24677358325757015,0.6045216600343746,0.7440610811815735,0.3129853596078507,-2.9865517616271973,1.2820438146591187,0.7402860522270203,-4.74,0.39,1.92
1740407631.187403,1d5ab4ef-0f65-dd99-0b6e-312f5d6add59,ae14b108-38fe-5333-6557-c7faabd43880,14,nan,-67.0,nan,-76.0,-47.0,-58.0,-39.0,nan,-3.1380138977169447,nan,1.792630188747445,0.8705573117275744,2.680677611470599,0.7002078150421678,nan,0.09850443647811921,nan,0.22259302931078903,0.5724287479423951,0.8534888821235936,0.2996585857592847,-3.24079418182373,1.4426369667053223,0.7977271676063538,-4.74,0.39,1.92
1740407632.187427,1d5ab4ef-0f65-dd99-0b6e-312f5d6add59,886d4716-c2c2-1321-327f-f7ea12153a5d,22,-76.0,nan,-82.0,-69.0,-52.0,nan,-47.0,1.9780884660028188,nan,1.3911458712447673,1.8152079358369189,0.9879677655208825,nan,0.6750976312854342,0.44250012750417866,nan,0.22457720083619573,0.23136305180701536,0.7415843405790027,nan,0.40839059275460543,-3.48875617980957,1.5206916332244873,0.7892600297927856,-4.74,0.39,1.92
1740407633.183293,1d5ab4ef-0f65-dd99-0b6e-312f5d6add59,6c9d9c12-7f41-c53e-194f-b841d750bac4,27,-78.0,nan,-81.0,-72.0,-51.0,-55.0,-39.0,1.9786770246037264,nan,1.4112809669824204,1.976010667720339,1.2243124210515164,2.495709490746506,0.7924178914883764,0.4687003728874054,nan,0.16906632100885458,0.2370053247609981,0.8378231330311536,0.494080679308986,0.3992247461655081,-3.6730594635009766,1.6691820621490479,0.518366515636444,-4.74,0.39,1.92
1740407634.186812,1d5ab4ef-0f65-dd99-0b6e-312f5d6add59,3543f18f-6bff-c875-e318-e95f81ca04a9,11,-75.0,nan,-77.0,-75.0,-49.0,-57.0,-34.0,2.088232014998534,nan,1.5259641403722848,2.1333619428310167,-0.19037654672233717,2.328454498638251,1.2123706054045258,0.5324014551073922,nan,0.17199606452405072,0.2940918139130142,1.092142981291213,0.2969257333049619,0.7150007605107669,-3.830040693283081,1.724953293800354,0.31715211272239685,-5.94,0.39,1.92
1740407635.187693,1d5ab4ef-0f65-dd99-0b6e-312f5d6add59,53a47462-66c4-ebd4-f53f-f3d95cf1d3e5,12,-83.0,nan,-70.0,-80.0,nan,-62.0,nan,2.1433674390464446,nan,1.558641126947557,2.146994664451132,nan,2.279012511856237,nan,0.63167770895893,nan,0.15484600618372657,0.22132757838456743,nan,0.455754186274931,nan,nan,nan,nan,-5.94,0.39,1.92
1740407636.183926,1d5ab4ef-0f65-dd99-0b6e-312f5d6add59,1d015623-c1eb-50cd-008e-4317c1c0c196,2,-75.0,nan,-68.0,-74.0,-52.0,-56.0,-33.0,2.25407184976773,nan,1.5656452406144654,2.190273162693792,-1.5707963265025162,2.272402675299763,1.7623011651071465,0.5758956028193211,nan,0.16819573364850765,0.19684357387632856,1.2217304763960306,0.46706355903428814,0.7303025535098621,-4.008914470672607,1.774208903312683,0.13899359107017517,-5.94,0.39,1.92
1740407637.183013,1d5ab4ef-0f65-dd99-0b6e-312f5d6add59,8d5aeaa5-6554-6ebe-1209-99f8c9b2b51c,24,-79.0,-70.0,-93.0,-72.0,-52.0,-56.0,-34.0,2.26460571714343,-2.7762721994776287,1.5838319676986166,2.093476844449336,1.9976534693094055,3.093880763662104,1.9787228528130267,0.5749487158937434,0.4394124252468271,0.3145369681805798,0.20436252651621972,1.2824870145197473,0.7499236657799582,0.5835339435234018,-4.161672115325928,1.9882293939590454,-0.031207803636789322,-5.94,0.39,1.92
1740407638.186634,1d5ab4ef-0f65-dd99-0b6e-312f5d6add59,f6bb0bb8-0958-19ba-c519-5b123789bf72,8,nan,-69.0,-70.0,-65.0,nan,-56.0,nan,nan,-2.7586314204169438,1.6997945236761547,2.1468870727430933,nan,1.073061067486256,nan,nan,0.4417770792682221,0.22680694910362142,0.23068293039887955,nan,1.0895295784914487,nan,nan,nan,nan,-7.14,0.84,1.92
1740407639.186859,1d5ab4ef-0f65-dd99-0b6e-312f5d6add59,4e9959ab-b44e-f9e3-9d89-c900fe4a009e,17,nan,-86.0,-69.0,-69.0,-44.0,-47.0,-37.0,nan,-3.076081553934934,1.72222686217011,2.154436069169032,2.2178508523390943,2.204985501931762,2.477662781078292,nan,0.39235969510730717,0.23341723117957752,0.2506243976805271,0.8690897347853134,0.7784130455556807,0.5356127632237072,-4.3319993019104,2.1650826930999756,-0.09787288308143616,-7.14,0.84,1.92
1740407640.186131,1d5ab4ef-0f65-dd99-0b6e-312f5d6add59,23a947f5-27e5-6e08-9b6f-8f40e3967ba1,11,nan,-84.0,-72.0,-72.0,nan,nan,nan,nan,-2.5884189414539462,1.8022319497416166,2.0711233355236467,nan,nan,nan,nan,0.6509063978195747,0.22353317510985743,0.23044780656413918,nan,nan,nan,nan,nan,nan,-7.14,0.84,1.92
1740407641.187314,1d5ab4ef-0f65-dd99-0b6e-312f5d6add59,e471acd8-6c2c-3e9b-3ce7-dd6ff380d6b5,23,nan,-74.0,-75.0,-75.0,-46.0,-45.0,-42.0,nan,-2.56733176562659,1.7958494178731326,2.240119016184587,2.2484318844849844,2.33149215009309,2.6052792463559125,nan,0.7413761105784386,0.16303449416642046,0.2311633147252594,0.46978569167294576,0.47914097483845225,0.4767593154088579,-4.51098394393921,2.3495309352874756,-0.1410360187292099,-7.14,0.84,1.92
1740407642.185796,1d5ab4ef-0f65-dd99-0b6e-312f5d6add59,0545eb11-c6d9-2dbe-8a65-d5f806e9848a,36,nan,-76.0,-80.0,-69.0,-42.0,-50.0,-44.0,nan,-2.605345727026381,1.7727528870033114,2.251048096666054,2.280200706964698,1.3689647387400192,1.343187089554607,nan,0.9075138864945873,0.12467716807833414,0.20698763769222445,0.41397280131264486,0.8008049524610915,1.0137595409339475,-4.687451362609863,2.5322933197021484,-0.2008616030216217,-7.14,0.84,1.92
1740407643.187741,1d5ab4ef-0f65-dd99-0b6e-312f5d6add59,03497c0e-f813-f1d4-c27e-a559a6a5826e,35,-80.0,-71.0,-80.0,-80.0,-46.0,-49.0,-40.0,2.380627927929386,-2.6895559459591225,1.8743418299454742,2.394697407968274,2.136271774035771,2.1735527146383635,2.7564792654361407,0.473963045517511,0.3339755474246363,0.11975482246840546,0.26413849211883644,0.24484286216813475,0.7762790307800974,1.141291139237791,-4.834438800811768,2.722487688064575,-0.3707068860530853,-7.14,2.04,1.92
1740407644.183725,1d5ab4ef-0f65-dd99-0b6e-312f5d6add59,b2cb8c2c-fe84-ab92-f240-fea3c32be01b,8,-72.0,-75.0,-75.0,-71.0,-47.0,-55.0,-52.0,2.431074590562103,-2.667943062132584,1.8580688504206537,2.5217056908830253,2.1357206035789376,2.3604799049108953,-2.881816811892183,0.441558400453213,0.3117682460427925,0.18494528585039752,0.14754333551386348,0.1924408316153366,0.5065322559690043,0.733492560746246,-5.0005011558532715,2.7626280784606934,-0.471651405096054,-7.14,2.04,1.92
1740407645.18758,1d5ab4ef-0f65-dd99-0b6e-312f5d6add59,de2b7f23-9d98-e96f-151d-40904f1d0705,5,-84.0,-71.0,-69.0,-67.0,-44.0,-51.0,-43.0,2.374524495343142,-2.710044443173429,1.863285450363901,2.578051255330268,2.1187138033242285,2.4438683083637316,-2.783418704755755,0.29408518929980265,0.301809554883523,0.26179580917643464,0.22328060756997706,0.18737198185705364,0.35767653882915795,0.6660526108337729,-5.180865287780762,2.798574686050415,-0.4479731321334839,-7.14,2.04,1.92
1740407646.187657,1d5ab4ef-0f65-dd99-0b6e-312f5d6add59,9b99f36c-ac16-9581-508a-e5efe31cf898,36,-72.0,-75.0,-75.0,-80.0,-45.0,-57.0,-48.0,2.4174498584252575,-2.6872294084308295,1.8996636982221655,2.5555475441190985,2.1240734706762314,1.4511246614495206,-2.659440547953248,0.3472188150248415,0.3868628307488427,0.16607785479162213,0.19868603194222945,0.1691075712469606,0.848932132205661,0.42405001774165196,-5.361907482147217,2.8547613620758057,-0.1556207686662674,-7.14,2.04,1.92
1740407647.187926,1d5ab4ef-0f65-dd99-0b6e-312f5d6add59,b1c3d8b7-dff7-3886-80de-652782782c70,26,-86.0,-70.0,-71.0,-64.0,-45.0,nan,-45.0,2.4060030594278787,-2.775690298779446,1.8563644273230033,2.5323317036324418,2.1214659625775822,nan,-2.554209455378846,0.23005469069772985,0.4693837400231198,0.16848838176279374,0.23075709943523826,0.17825970556938503,nan,0.5602182823199899,-5.567593574523926,2.9310295581817627,0.0660010427236557,-7.14,2.04,1.92
1740407648.183985,1d5ab4ef-0f65-dd99-0b6e-312f5d6add59,77fa18b6-420d-9658-667e-e421582cc170,2,-72.0,-69.0,-71.0,-67.0,-43.0,-56.0,-41.0,2.4365037107603382,-2.712059923486401,1.8810370169259332,2.543242674618496,2.1636100668551204,0.5168071526372979,-2.5350303894003376,0.26141244713751777,0.5002822676224371,0.2573665228751989,0.24075921676503292,0.22200743323907848,1.1743209439945628,0.4429245711834897,-5.784088611602783,2.9952211380004883,0.2281237244606018,-7.14,2.04,1.92
1740407649.187505,1d5ab4ef-0f65-dd99-0b6e-312f5d6add59,6249190f-07d5-753c-8e07-9272631285b1,14,-68.0,-86.0,-76.0,-70.0,-53.0,-54.0,-56.0,2.5176401091629104,-2.6531883507452183,1.9348642962463969,2.6477184841823047,2.2587649802759766,-2.561925762845418,-2.4734182410594987,0.20860128028621708,0.5843137218670071,0.24156141081963522,0.23539389591966156,0.21525026774572917,1.2811668994654588,0.321624442447525,-5.993988990783691,3.0003514289855957,0.38583555817604065,-7.14,3.24,1.92
1740407650.188013,1d5ab4ef-0f65-dd99-0b6e-312f5d6add59,93d805dc-8589-a9ee-acd4-abdacafdcc35,26,-69.0,-73.0,-76.0,-67.0,-40.0,-51.0,-53.0,2.5766962389676356,-2.6291314839863147,1.8907900454700215,2.7808078291301426,2.2683640436879937,2.704084245004244,-2.41575517080263,0.19177534529531243,0.7306737982637918,0.22266609979319807,0.29445573487597354,0.3036114303739224,0.7534140493578777,0.25206029234431626,-6.192902565002441,3.0318379402160645,0.5043845772743225,-7.14,3.24,1.92
1740407651.182391,1d5ab4ef-0f65-dd99-0b6e-312f5d6add59,edba0fea-fa00-7553-58a9-68ddf4a47ee8,13,-66.0,nan,-67.0,-67.0,nan,nan,nan,2.591975326773638,nan,1.926058287785941,2.784882465597964,nan,nan,nan,0.10628671749317038,nan,0.2137987387591294,0.2977103840441594,nan,nan,nan,nan,nan,nan,-7.14,3.24,1.92
1740407652.187463,1d5ab4ef-0f65-dd99-0b6e-312f5d6add59,a4f539fc-a9d5-3b68-1447-d41638249baa,29,-75.0,nan,-72.0,-67.0,-43.0,nan,-50.0,2.569519019829872,nan,1.9586532489996387,2.8102181823123233,2.308977879802006,nan,3.141592653589793,0.12377849269086531,nan,0.252457950801533,0.28431418441835643,0.44034365320335905,nan,0.29670597286827327,-6.40213680267334,3.0444178581237793,0.6008540391921997,-7.14,3.24,1.92
1740407653.187062,1d5ab4ef-0f65-dd99-0b6e-312f5d6add59,ca4616d2-d42f-f72f-15db-e89e72934d24,22,-71.0,nan,-70.0,-75.0,-40.0,-62.0,nan,2.5357069939980077,nan,1.9485753148025606,2.835255624984595,2.3737161000823166,1.5228829324211695,nan,0.11788445114532918,nan,0.22481513763483751,0.25855301107509965,0.43704495408964417,1.2213122625314394,nan,-6.608164310455322,3.051668882369995,0.7086151838302612,-7.14,4.44,1.92
1740407654.187193,1d5ab4ef-0f65-dd99-0b6e-312f5d6add59,c7213ede-edd7-148a-748d-53e8f8c1beb1,23,-70.0,nan,-72.0,-61.0,-39.0,-47.0,-45.0,2.6598049744735204,nan,2.158780750171387,2.8770885593875595,2.619665388514949,2.618302963696179,-2.816243601543155,0.13502127690398702,nan,0.509728599877489,0.2940833250870396,0.49642858902705955,0.9458464196504069,0.41605139238899524,-6.83584976196289,3.038788080215454,0.8439995050430298,-7.14,4.44,1.92
1740407655.184766,1d5ab4ef-0f65-dd99-0b6e-312f5d6add59,48d72ffd-38f4-fe51-2367-ee24aa74423b,10,-73.0,nan,-68.0,-65.0,-38.0,-52.0,-53.0,2.719280818466042,nan,2.120529234802361,2.874289577081886,2.700372877718175,2.9263373321087776,-2.2992140743955716,0.11770803336786824,nan,0.5392538018816797,0.3188395379481982,0.4153637401638544,0.8611453751682338,0.8365391221563045,-7.058851718902588,3.0709848403930664,0.858339548110962,-7.14,4.44,1.92
1740407656.184656,1d5ab4ef-0f65-dd99-0b6e-312f5d6add59,0ec83399-04d5-8702-6db2-4d7bbb5a4025,32,-74.0,-71.0,-74.0,-74.0,-42.0,-48.0,-48.0,2.7806384520848137,-2.41240503237232,2.086936120812102,2.929211415610372,2.769758155754873,2.7079611632143217,-2.4454996539028886,0.13609612039756458,0.4017314921413505,0.4722656465072354,0.34803141205245186,0.4599397102378498,0.5492545265507427,0.5559994734770491,-7.24795913696289,3.1374449729919434,0.70981502532959,-7.14,4.44,1.92
1740407657.184262,1d5ab4ef-0f65-dd99-0b6e-312f5d6add59,2e2b5f36-2a32-8a4c-ad0a-2b453b75eb49,5,-70.0,-69.0,-71.0,-67.0,-37.0,-47.0,-55.0,2.7755614017826864,-2.397999195087755,2.076941277241034,2.9556677905114372,2.8302379443863854,2.948263900640002,-1.9618226569741983,0.14359704676582724,0.323640152129175,0.5313698130801228,0.3500829781981944,0.45159776121531553,0.6194023477542703,0.7818340573068971,-7.348546028137207,3.2629141807556152,0.5802472233772278,-7.14,4.44,1.92
1740407658.187161,1d5ab4ef-0f65-dd99-0b6e-312f5d6add59,9103750a-9997-5799-8f9a-69393cb63780,2,-69.0,-68.0,-75.0,-68.0,-37.0,-55.0,-50.0,2.8180127221907676,-2.379624448830644,2.0382487423954907,3.061942299075485,2.8858440510159395,1.4888729772773035,-2.051417782928845,0.18546595048826478,0.3395296031675102,0.5407189066658732,0.3197244397994043,0.4751131155473708,1.3606414822205943,0.7157160522978145,-7.42641019821167,3.3966665267944336,0.48542892932891846,-5.94,4.44,1.92
1740407659.188135,1d5ab4ef-0f65-dd99-0b6e-312f5d6add59,d257abd2-7cc1-68e9-5679-653ff17748ca,29,-67.0,-74.0,-70.0,-68.0,-35.0,-49.0,-53.0,2.731220834897303,-2.37280169643397,2.035829526861263,-3.0808454164928674,2.783418704755755,2.5927882759894016,-1.91164874787028,0.17237248569937663,0.4247578820059617,0.5688755767648995,0.3840840218884268,0.6660526108337729,0.9758600462369659,0.5806390797954708,-7.4372100830078125,3.551591634750366,0.429715633392334,-5.94,4.44,1.92
1740407660.184823,1d5ab4ef-0f65-dd99-0b6e-312f5d6add59,d2637a40-7cb7-15e1-7e4d-b97408414cb7,0,-68.0,-73.0,-73.0,-67.0,-34.0,-52.0,-54.0,2.793332675736785,-2.3519595314269006,2.029102914579941,-3.0627034305150302,2.603244526167753,2.687719967701924,-1.659109279535149,0.19879305772853703,0.36306279258756347,0.5479365725626923,0.35385021929719324,0.7968588539450577,0.890962263837072,0.622913578977458,-7.387138843536377,3.63428282737732,0.3869112730026245,-5.94,4.44,1.92
1740407661.185022,1d5ab4ef-0f65-dd99-0b6e-312f5d6add59,1feef57b-f6b7-b071-8349-7275712a3c2a,19,-63.0,-81.0,-80.0,-68.0,nan,nan,nan,2.6078461689738566,-2.3308366692409375,1.7795609920139899,3.0441667640636423,nan,nan,nan,0.17247087285689822,0.41432008816658694,0.5336337663227992,0.33889710240861637,nan,nan,nan,nan,nan,nan,-5.94,4.44,1.92
1740407662.18739,1d5ab4ef-0f65-dd99-0b6e-312f5d6add59,92edacbb-9e17-e309-421c-7437e56d2a06,7,-69.0,-72.0,-75.0,-67.0,-33.0,-56.0,-57.0,2.6863598863349187,-2.3100006295043753,1.715378277110862,3.0281505132679056,2.539752991021795,2.820729328336839,-1.4700236612785473,0.2132048371912849,0.295698765314768,0.6798171419812569,0.30424684662364987,0.9221537154581355,0.7766629698337287,0.6212658793055138,-7.263019561767578,3.74722957611084,0.34555158019065857,-5.94,4.44,1.92
1740407663.188202,1d5ab4ef-0f65-dd99-0b6e-312f5d6add59,455a10a2-a9f3-8fb0-bd05-1aaf858f6755,13,-67.0,-68.0,-74.0,-62.0,-40.0,-57.0,-65.0,2.655260023757191,-2.3071041755028054,1.7149963798105452,3.0349421066798263,2.0873370695037123,0.9752680447539146,-1.501455514701677,0.22930544361454966,0.2053907064340721,0.6014923093205087,0.3486354835667091,1.2278747579007618,1.295607673944778,0.9232080231041233,-7.10627269744873,3.875154495239258,0.3117976784706116,-4.74,4.44,1.92
1740407664.187283,1d5ab4ef-0f65-dd99-0b6e-312f5d6add59,513313b9-f993-9f3c-2b19-074274d3c9a7,3,-64.0,-72.0,-74.0,-54.0,-43.0,-47.0,-55.0,2.6608856852438745,-2.2645399370645047,1.6505335003607409,3.1072389407922074,0.810478534114166,2.8508352785171214,-0.15960412049865522,0.21878425954354175,0.19650050879365594,0.6090756605245093,0.31720425717034867,1.1302257790230676,1.261887016480095,1.2352263797100216,-6.83247995376587,3.9418790340423584,0.25197485089302063,-4.74,4.44,1.92
1740407665.198336,1d5ab4ef-0f65-dd99-0b6e-312f5d6add59,33d9259c-3e13-f99a-04b8-edbb4381c413,9,-63.0,-73.0,-73.0,-56.0,-42.0,-52.0,-58.0,2.8527153090911543,-2.248916236213446,1.4784325738687683,3.103339007691895,0.6136717004365839,0.6134616545687097,-0.14335709096890958,0.24219802283346184,0.2236362560888003,0.5515514808473387,0.24352164718474484,0.8625511332132985,1.2956076739200724,1.3240188249827463,-6.5828275680542,4.06603240966797,0.30539023876190186,-4.74,4.44,1.92
1740407666.187452,1d5ab4ef-0f65-dd99-0b6e-312f5d6add59,a053338e-bd35-101e-2a5e-2b0a0658fba7,17,-64.0,-74.0,-79.0,-58.0,-44.0,-52.0,-62.0,2.6631440458482616,-2.350292392584511,1.4428932217538792,-3.1384842119654524,0.47536334618578774,nan,-0.762910984987262,0.3020697457220237,0.13832144115967798,0.7268526281527186,0.2724876852285598,0.726775054260618,1.0297442585909378,0.9978620944794551,-6.290191173553467,4.189697265625,0.40953338146209717,-4.74,4.44,1.92
1740407667.18852,1d5ab4ef-0f65-dd99-0b6e-312f5d6add59,75209681-c3f4-b49c-f830-9134657e9766,36,-68.0,-69.0,-78.0,-61.0,-49.0,-47.0,-50.0,2.5990396278811825,-2.3656567015453964,1.4017175555079457,-3.0891677948993657,0.4065392094978442,2.6655860472479653,-0.959037229307853,0.3771134640512534,0.1327991519351817,0.5907541109101729,0.3725009689117771,0.6737861744347002,1.1821334151488572,0.866736655505681,-5.912786483764648,4.235715866088867,0.5953327417373657,-4.74,4.44,1.92
1740407668.188563,1d5ab4ef-0f65-dd99-0b6e-312f5d6add59,03ecf2ad-cb3d-5bb9-1fb1-ea2619f78dae,7,-70.0,-68.0,-71.0,-53.0,-43.0,-50.0,-55.0,2.6093892045094482,-2.30375817990923,1.3848560173822182,-3.113926404605505,0.2669796881909262,0.9364571744575275,-0.9436845847282452,0.3624519965915538,0.24280660507681537,0.6277474158221911,0.4664624853338982,0.6631067919098659,1.199326225475434,0.4436018497247506,-5.558464527130127,4.2486138343811035,0.7401089072227478,-3.54,4.44,1.92
1740407669.188125,1d5ab4ef-0f65-dd99-0b6e-312f5d6add59,e72765da-c8aa-bc21-3de0-3e80acb7d03c,30,-72.0,-67.0,-89.0,-44.0,-43.0,-43.0,nan,2.602232758028187,-2.2877864039036977,1.374900055963066,3.124228310650259,-0.0673342640761386,2.7964900536482307,nan,0.3116908812131257,0.12129740859556343,0.4784045657150043,0.702248881263967,0.679569125336812,1.2566678125997786,nan,-5.20335865020752,4.293870449066162,0.841457962989807,-3.54,4.44,1.92
1740407670.187599,1d5ab4ef-0f65-dd99-0b6e-312f5d6add59,69ffda3e-e966-38bf-b0b4-9242e4674f06,2,-63.0,-61.0,-74.0,-38.0,-51.0,-40.0,nan,2.5463053098720874,-2.241482288346599,1.2955003049073346,3.1038977388885933,-0.043137667285175374,2.566452920288732,nan,0.3624854192632343,0.10868929659296374,0.48132671922109377,0.803387683402879,0.6278760117041661,0.6810051590820607,nan,-4.89465045928955,4.3422088623046875,0.9421963691711426,-3.54,4.44,1.92
1740407671.18735,1d5ab4ef-0f65-dd99-0b6e-312f5d6add59,aab8e2b2-18c3-9777-9fad-b57575eb2ce6,14,-70.0,-64.0,-74.0,-39.0,-48.0,-43.0,-56.0,2.5474307617487546,-2.124310257760001,1.3126180391299276,3.0797311498927784,-0.06468919166691497,0.8004730695386115,-1.004344658785575,0.3053170379076982,0.1007823962836537,0.5033357815492947,0.9987596443951002,0.627323189105638,1.2269761102061922,0.5221929493924559,-4.616835594177246,4.368135452270508,1.0172609090805054,-3.54,4.44,1.92
1740407672.188081,1d5ab4ef-0f65-dd99-0b6e-312f5d6add59,a09b8c26-754a-db20-60aa-eb256272f057,10,-69.0,-63.0,-76.0,-38.0,-55.0,-43.0,-56.0,2.488347467700911,-2.078954360709025,1.2234269100104112,2.975684641896691,-0.21127424536842954,-0.024680177338466846,-0.9505055987857409,0.3556862358422075,0.07535245360097552,0.33894314180596113,1.193012278781161,0.4277818695029057,0.7852458700791891,0.4537955620647428,-4.36539888381958,4.424776077270508,1.0754642486572266,-3.54,4.44,1.92
1740407673.185705,1d5ab4ef-0f65-dd99-0b6e-312f5d6add59,6676e9f1-edd7-29c4-ab42-471d65af2853,12,-68.0,-75.0,-69.0,nan,nan,-50.0,-54.0,2.425284345720052,-2.119688741162332,1.0351073324798559,nan,nan,1.9475113091059137,-0.9338807581561291,0.3044143927457295,0.07283521709387582,0.3811947251322862,nan,nan,1.3829506056588157,0.46286982984115016,-4.116522312164307,4.466899871826172,1.1145532131195068,-3.54,4.44,1.92
1740407674.188062,1d5ab4ef-0f65-dd99-0b6e-312f5d6add59,accdcea5-73d5-aeee-8949-e42053f13e7a,9,-74.0,-67.0,-84.0,nan,nan,nan,nan,2.459687060681696,-2.131117963296516,0.8977547992590192,nan,nan,nan,nan,0.27024318970659783,0.13257303291387715,0.5054225014214263,nan,nan,nan,nan,nan,nan,nan,-2.34,4.44,1.92
1740407675.188836,1d5ab4ef-0f65-dd99-0b6e-312f5d6add59,f667ac49-a084-a1d2-db7d-01a79e054a3a,1,-68.0,-63.0,-76.0,nan,-48.0,nan,-56.0,2.3405169934872663,-2.099478144807775,0.8927472574613432,nan,0.3329035572766194,nan,-0.8775094269964345,0.23984733376303294,0.16296966283863384,0.4560516892900741,nan,0.33130832968334706,nan,0.31479418476561893,-3.9614834785461426,4.56565284729004,1.1509666442871094,-2.34,4.44,1.92
1740407676.188946,1d5ab4ef-0f65-dd99-0b6e-312f5d6add59,db5b41fb-7d8b-b1f5-9845-1b4561e01c28,17,-75.0,-75.0,-74.0,nan,-46.0,-38.0,-55.0,2.220349838780711,-2.0438630854475415,0.8870113411055306,nan,0.5455959718264359,2.697162569738604,-0.8057374137607588,0.26713514755642087,0.20457909144711361,0.35556915662278493,nan,0.27091852043334386,1.020182000590128,0.27284204090889497,-3.768573045730591,4.56838607788086,1.1568691730499268,-2.34,4.44,1.92
1740407677.188882,1d5ab4ef-0f65-dd99-0b6e-312f5d6add59,6de33b1d-53d4-cfe4-b814-4882750e0bdd,5,-76.0,-63.0,-73.0,nan,-53.0,-36.0,-52.0,2.2004709391399238,-1.8946714696007576,0.8394486156172605,nan,1.593952312584234,2.7784115843189703,-0.8133943954633283,0.2609268530022554,0.18455494965837596,0.29530495036857257,nan,0.9248224153014815,0.8216808095445772,0.23229496318199747,-3.604703903198242,4.508085250854492,1.166367530822754,-2.34,4.44,1.92
1740407678.185221,1d5ab4ef-0f65-dd99-0b6e-312f5d6add59,82846b69-337c-e44a-659a-5b2f7fb7f32d,2,-69.0,-75.0,-76.0,-60.0,-54.0,-33.0,-54.0,2.1632745681947867,-1.92166140882622,0.9094388859095239,0.13724920257054163,0.17290159848786305,2.8217602477282044,-0.9015390779614008,0.19483040718455363,0.19634656143789253,0.1689837796598189,0.3493219799167043,0.9177894822570506,0.6037784874430636,0.4098150204696556,-3.530853271484375,4.521757125854492,1.1751588582992554,-2.34,4.44,1.92
1740407679.18815,1d5ab4ef-0f65-dd99-0b6e-312f5d6add59,cdbba72d-b195-f889-d37c-4b310b5f1520,34,-71.0,-66.0,-81.0,-80.0,-55.0,-30.0,-55.0,1.8849705058559802,-1.9119227613520182,0.9365466700132224,0.11001358673451929,0.531780905641935,2.7784115843189703,-0.7391182306331684,0.17732964381817967,0.20485065065451763,0.15713451044270205,0.3483387741317606,0.5266027431373291,0.8216808095445772,0.41791474159397474,-3.4669885635375977,4.505491256713867,1.1956826448440552,-1.14,4.44,1.92
1740407680.187935,1d5ab4ef-0f65-dd99-0b6e-312f5d6add59,8507dcd1-a3fb-8b48-70cc-854e894b15d1,5,-79.0,-79.0,-69.0,-68.0,-51.0,nan,-54.0,1.8366538394631087,-1.7988179103821895,0.9207597173873417,0.13006745605892495,0.5489142808189905,nan,-0.45572958826091214,0.17230304377395275,0.16204101856652323,0.1972305478274739,0.2697324286990343,0.37861106828548663,nan,0.4782795097101667,-3.371262311935425,4.40700101852417,1.1929644346237183,-1.14,4.44,1.92
1740407681.188885,1d5ab4ef-0f65-dd99-0b6e-312f5d6add59,a654b3e0-7c0c-122c-ca48-70f994c37ef1,24,nan,-65.0,-76.0,-68.0,nan,nan,nan,nan,-1.7751992667806582,0.9092071908946869,0.11536733947390558,nan,nan,nan,nan,0.20297819873683973,0.1817594294621198,0.2657859402139163,nan,nan,nan,nan,nan,nan,-1.14,4.44,1.92
1740407682.187773,1d5ab4ef-0f65-dd99-0b6e-312f5d6add59,f31d3061-78f4-9c66-6417-3657707f42a1,34,-75.0,-69.0,-86.0,-69.0,nan,nan,nan,1.7449308430952537,-1.6904520214141021,0.9604293660368352,0.09123563788837057,nan,nan,nan,0.20151590691654767,0.21152899314108206,0.22474897472650587,0.26349518891277096,nan,nan,nan,nan,nan,nan,-1.14,4.44,1.92
1740407683.186146,1d5ab4ef-0f65-dd99-0b6e-312f5d6add59,53765fab-4c6a-3158-42b9-ab014b072c16,3,-73.0,-79.0,nan,-65.0,-51.0,-36.0,-53.0,1.719192989056292,-1.6198657356698791,nan,0.28378058680444546,0.6759078211289122,2.729541054897153,-0.4748684657634378,0.21573885161325207,0.19655793320466078,nan,0.2459080392585376,0.2766654509650277,0.8117219925100092,0.4743639597955781,-3.255721092224121,4.30919647216797,1.1782324314117432,-2.34,4.44,1.92
1740407684.188077,1d5ab4ef-0f65-dd99-0b6e-312f5d6add59,155c89e8-0181-30a7-c965-8198864edd99,34,-71.0,-74.0,-79.0,-66.0,-54.0,-43.0,nan,1.8484335335967472,-1.7387701525455734,0.5745844620356478,0.21386674923546728,0.8425476115822855,2.7793745083296213,nan,0.295277053756154,0.2286699301546727,0.6844228793494672,0.28418059360017534,0.20074254871643912,0.7518794143588546,nan,-3.1695103645324707,4.2386212348938,1.17357063293457,-2.34,4.44,1.92
1740407685.188611,1d5ab4ef-0f65-dd99-0b6e-312f5d6add59,c7301804-23f3-54de-f43f-3478114546a1,19,-75.0,-73.0,-72.0,-62.0,-50.0,-43.0,-53.0,1.9397948726885696,-1.7017134643996112,0.5564126486536012,0.18119588793070218,nan,2.8447287769759866,-0.6116027871701044,0.30540954946606486,0.17413138708607626,0.7081977173489316,0.27405562132034395,0.27925268029152894,0.6935151359175413,0.3952140841768,-3.085136651992798,4.16003131866455,1.1555116176605225,-2.34,4.44,1.92
1740407686.189435,1d5ab4ef-0f65-dd99-0b6e-312f5d6add59,40cbc5e3-39f9-4da1-a331-61ffba6711c9,20,-75.0,-79.0,-70.0,-62.0,-50.0,-44.0,-52.0,1.9318740989744558,-1.7302823918353818,0.5858903798113613,0.11038376612604028,-0.3978899949517415,2.866880368719677,-0.7160646865896807,0.2870444904574193,0.10665119605548291,0.668963695274748,0.33526361857536674,0.25843362290494054,0.5930293899543098,0.4107725765508037,-2.9513564109802246,4.128094673156738,1.1843655109405518,-2.34,4.44,1.92
1740407687.188863,1d5ab4ef-0f65-dd99-0b6e-312f5d6add59,65584581-d0df-6160-3ea4-ed5d335c8dab,23,-75.0,-76.0,-74.0,-60.0,-50.0,-46.0,-61.0,1.9521306348578167,-1.7345667522390464,0.6189753626656337,0.07917258341474766,0.23461090161314882,2.8247838329942283,-1.7409980207874804,0.26382483832145237,0.13720173172411096,0.6152986024646703,0.32892998900239945,0.25493812059288534,0.48479717741924294,0.8781875834812323,-2.848388671875,4.049840450286865,1.2180907726287842,-2.34,4.44,1.92
1740407688.188411,1d5ab4ef-0f65-dd99-0b6e-312f5d6add59,800bb0a3-ddbb-3946-c322-ae7d5385e601,0,-76.0,-69.0,-69.0,-54.0,-49.0,-44.0,-48.0,1.9739025094014324,-1.7820856687273852,0.6728247462231448,0.10833739314442341,0.5032009980232252,2.6970032956182477,-1.0748544903923685,0.2819940051871658,0.0985771407758784,0.4914335154264853,0.38789457264465305,0.230560936684927,0.43113307223917596,0.751246932658568,-2.7396392822265625,4.030667781829834,1.23684287071228,-3.54,4.44,1.92
1740407689.189245,1d5ab4ef-0f65-dd99-0b6e-312f5d6add59,134ecaa8-539a-caad-fd8f-6e48d9fad7fa,0,-65.0,-78.0,-64.0,-44.0,-52.0,-45.0,-50.0,2.0083595528493134,-1.7963671363890439,0.8254989778274253,0.07192638840475105,nan,1.405050456679557,-0.9602412775881299,0.332555816247515,0.08549147405555707,0.4955163411146586,0.44603833674943066,0.29670597280979893,1.0035847076053745,0.4346550316490766,-2.5974435806274414,4.085289001464844,1.2753461599349976,-3.54,4.44,1.92
1740407690.185734,1d5ab4ef-0f65-dd99-0b6e-312f5d6add59,25b8841f-47af-e828-5715-94829bb45bf9,34,-78.0,-73.0,-78.0,-47.0,-48.0,-53.0,-53.0,2.1633070587600858,-1.81375398303979,0.8631691251304872,0.06826560717032813,0.43801360197673045,0.6854116443144471,-0.8866176677552078,0.26212540865084555,0.15626901637794,0.5173063251536868,0.5006643313703226,0.39956990335272086,0.9689692456335662,0.3369809635090729,-2.4485507011413574,4.130650520324707,1.3003705739974976,-3.54,4.44,1.92
1740407691.187867,1d5ab4ef-0f65-dd99-0b6e-312f5d6add59,74565c10-63bb-9b7c-9c25-fabee3596b42,15,-69.0,nan,-67.0,-42.0,-52.0,-49.0,-56.0,2.1928180794314716,nan,0.9526231082495948,0.03577504187136143,-0.2409131904493099,1.9070814189697431,-1.0361033209221167,0.31237634558819855,nan,0.27466874758230747,0.4563589847903556,0.33975296564797003,1.3116280281157775,0.44360184972806543,-2.3504834175109863,4.204859256744385,1.330083966255188,-3.54,4.44,1.92
1740407692.185269,1d5ab4ef-0f65-dd99-0b6e-312f5d6add59,64dc8137-186d-f01e-d042-edef93f37bcf,10,-72.0,-81.0,-63.0,-41.0,-51.0,-48.0,-48.0,2.1759016801872884,-1.844899518830212,1.002736076797725,0.041881403934804114,0.3094308356538036,2.8313475121428495,-0.9880691627768161,0.32946045740202956,0.13196277787246388,0.18824805501052969,0.5497268826054982,0.283373772159967,1.0974483565301325,0.29607235342825433,-2.25814151763916,4.267522811889648,1.3686314821243286,-3.54,4.44,1.92
1740407693.189024,1d5ab4ef-0f65-dd99-0b6e-312f5d6add59,407aeca0-321a-4d70-02cb-87d18ff46903,27,-73.0,-77.0,-67.0,nan,nan,-46.0,nan,2.231034973706327,-1.8986727359805469,1.081965119227582,nan,nan,0.7283810380275446,nan,0.3307456323650746,0.12317684298872436,0.17617820947612708,nan,nan,1.2260736609833518,nan,nan,nan,nan,-4.74,4.44,1.92
1740407694.185399,1d5ab4ef-0f65-dd99-0b6e-312f5d6add59,833b5a7d-8cb4-919b-cc4d-5a0ac4d271e2,35,-79.0,-70.0,-73.0,nan,-51.0,-54.0,-50.0,2.3503456558063127,-2.0928126520734702,1.0853031253378875,nan,0.3019816219835152,0.7237355172337792,-1.0520890710007753,0.43099114369534675,0.09574187290035277,0.17663449219464172,nan,0.3850385528552998,0.6430768756814469,0.21724231877811956,-2.179016351699829,4.290436744689941,1.4201785326004028,-4.74,4.44,1.92
1740407695.186041,1d5ab4ef-0f65-dd99-0b6e-312f5d6add59,26b40049-8ef2-a092-d8d4-ac41818fd918,20,-68.0,-76.0,-73.0,nan,-43.0,-51.0,-56.0,2.610408129942513,-2.131664044478037,1.0651752201351776,nan,0.3791392710195089,1.9754847730300042,-1.348921600757565,0.3531325639624442,0.10776770137536343,0.23784292221334163,nan,0.3921839068111277,1.2279478136103315,0.47827950974136635,-2.118170738220215,4.271055698394775,1.4662261009216309,-4.74,4.44,1.92
1740407696.189562,1d5ab4ef-0f65-dd99-0b6e-312f5d6add59,97072d34-4a59-e489-1a66-9e8f0d55c5f0,36,-77.0,-71.0,-73.0,nan,-45.0,-52.0,-50.0,2.6048218832399623,-2.136138687741588,0.9803703173310214,nan,0.2557486025169582,2.919857465963334,-1.3653038904276067,0.3814197955339116,0.1252878475610461,0.2463437989919018,nan,0.4751131154588586,0.9834591902530916,0.5607530287382824,-2.1106903553009033,4.23802137374878,1.5107758045196533,-4.74,4.44,1.92
1740407697.18833,1d5ab4ef-0f65-dd99-0b6e-312f5d6add59,3f436955-84b8-e98a-55e3-d1d2eef54292,21,-67.0,-79.0,-66.0,nan,nan,nan,nan,2.5490307889316743,-2.183842693925687,0.9705874613827243,nan,nan,nan,nan,0.39837810627575004,0.11346842239289501,0.28253266280714795,nan,nan,nan,nan,nan,nan,nan,-4.74,4.44,1.92
1740407698.193463,1d5ab4ef-0f65-dd99-0b6e-312f5d6add59,7ec0c937-282e-80ae-f3ac-941ba3cc12fa,26,-69.0,-69.0,-67.0,-60.0,-40.0,nan,-52.0,2.593924228059358,-2.2207375950354264,1.2197663950920972,-3.121567812721269,0.26309521786198387,nan,-1.0361033209221167,0.2951845754873009,0.1334834927891696,0.5386440045710789,0.410125709318253,0.5257220514552693,nan,0.44360184972806543,-2.224841594696045,4.191319465637207,1.503806471824646,-5.94,4.44,1.92
1740407699.186859,1d5ab4ef-0f65-dd99-0b6e-312f5d6add59,42f81859-47db-5e98-5a9a-e6ebf69f3899,28,-67.0,-70.0,-68.0,-69.0,nan,-53.0,-62.0,2.770138673171067,-2.2858553457972812,1.5937282743093508,3.1343184953883507,nan,2.7596880668709685,-1.7151466294305588,0.3037035950507873,0.10469422206270863,0.65921599305284,0.3419821082153641,nan,0.5931997762015031,0.5232977054667245,-2.429558277130127,4.171544551849365,1.4960908889770508,-5.94,4.44,1.92
1740407700.185731,1d5ab4ef-0f65-dd99-0b6e-312f5d6add59,2f378bc1-68e4-6df6-1a35-c5149a30e2d3,6,-83.0,-68.0,-72.0,-78.0,nan,-57.0,-52.0,2.7203753776740647,-2.2779052773111768,1.612751766608005,3.117974143146317,nan,1.4412787350252798,-1.6217341633702946,0.17711932067109065,0.10499956180406464,0.49109266409646884,0.273860694573307,nan,1.3067330363859908,0.4511154908422458,-2.72787356376648,4.156189918518066,1.4807237386703491,-5.94,4.44,1.92
1740407701.188316,1d5ab4ef-0f65-dd99-0b6e-312f5d6add59,ea0ff653-9f0d-37ce-0fe6-f7462000ac9c,9,-80.0,-71.0,-72.0,-76.0,nan,nan,-53.0,2.8147833730529377,-2.259644248032612,1.65951314692427,3.1206037484066607,nan,nan,-1.684947524195897,0.39173834633547805,0.09975430791196384,0.2825843281322955,0.3042122921085061,nan,nan,0.5300487180086556,-3.083927869796753,4.098153114318848,1.4447247982025146,-5.94,4.44,1.92
1740407702.194672,1d5ab4ef-0f65-dd99-0b6e-312f5d6add59,aba06a77-c7c8-dbfa-7c43-bece91de3efc,5,-70.0,-70.0,-71.0,-67.0,nan,-51.0,-56.0,2.8084908560292985,-2.296218770863215,1.6328772749657336,3.141174537298651,nan,2.770254929806938,-1.3903159696818175,0.3921453106395558,0.11193249416846225,0.45453275536234744,0.3739031232257038,nan,1.125070980969925,0.27973135260189247,-3.451139211654663,3.982678174972534,1.4119044542312622,-5.94,4.44,1.92
1740407703.188828,1d5ab4ef-0f65-dd99-0b6e-312f5d6add59,62453bbf-2d4b-ed78-243d-7952c5533b6f,26,-77.0,-73.0,-75.0,-85.0,nan,-51.0,-61.0,2.7823471362402086,-2.3027432492178006,1.5979568414881786,-3.130233738908387,nan,0.6928080940473874,-0.8940182054064002,0.33772208244615975,0.16452521523134914,0.34525286950814493,0.35614253520547895,nan,1.323352748794604,0.9978620944875677,-3.8066205978393555,3.9407525062561035,1.3696293830871582,-7.14,4.444,1.92
1740407704.189747,1d5ab4ef-0f65-dd99-0b6e-312f5d6add59,ffe0485e-7685-ca9e-8f0d-7226221fdcbd,35,-75.0,-78.0,-76.0,-69.0,-51.0,-56.0,-63.0,2.7227700921262636,-2.299108300645951,1.7679187169925996,-3.1104440551641175,2.1132903920373476,2.73253076029207,-1.8458580424603555,0.2618796155269881,0.23000936702492808,0.38743131577303375,0.3351076239145154,1.305014972265597,1.1190053591537332,1.0428663505067413,-4.21377992630005,3.955801010131836,1.3256001472473145,-7.14,4.444,1.92
1740407705.189586,1d5ab4ef-0f65-dd99-0b6e-312f5d6add59,fe593c54-1f44-a338-befe-921a78558bf8,13,-66.0,-78.0,-80.0,-87.0,-42.0,-56.0,-55.0,2.7881011620914338,-2.1402253084343146,1.9135403653981322,-3.051472880198166,2.8284915970323983,2.9344008024117207,-2.29692305742091,0.30924177169566164,0.18393070469886139,0.38240812790395357,0.37151130496119,0.9718485318399804,1.0377857701488349,0.6354029213424442,-4.6155266761779785,4.00061273574829,1.2415677309036255,-7.14,4.444,1.92
1740407706.189775,1d5ab4ef-0f65-dd99-0b6e-312f5d6add59,2b68e677-219f-5408-a647-14d1966991ff,2,-70.0,-71.0,-68.0,-65.0,nan,-54.0,-52.0,2.8138406140270495,-2.197600584117036,2.008490047742727,-2.888353997114703,nan,0.4680565991466627,-2.3614983416541273,0.32748349305632285,0.14352352687498426,0.5623631492142468,0.4539469265015572,nan,1.3369797230225096,0.4180090237563268,-5.023046016693115,4.081160068511963,1.1363580226898193,-7.14,4.444,1.92
1740407707.186058,1d5ab4ef-0f65-dd99-0b6e-312f5d6add59,fac0d8fe-617f-049e-ad10-1105f85e80e9,14,-65.0,nan,-68.0,nan,nan,nan,nan,2.842666669666067,nan,2.0598123577418623,nan,nan,nan,nan,0.31581874761323486,nan,0.6390325609414018,nan,nan,nan,nan,nan,nan,nan,-7.14,4.444,1.92
1740407708.190509,1d5ab4ef-0f65-dd99-0b6e-312f5d6add59,84b0fb15-0b2d-1193-1a16-b6f72d5e1c42,16,-66.0,-79.0,-69.0,-68.0,-48.0,nan,nan,2.8048689569467906,-2.3797900974504467,2.054979785627805,-3.0312637485822083,3.0711875912534685,nan,nan,0.3084498141664993,0.07992382786874538,0.6231928111469104,0.5286640414126023,0.7318049978989603,nan,nan,-5.37575101852417,4.181064128875732,1.0925321578979492,-7.14,5.64,1.92
1740407709.184718,1d5ab4ef-0f65-dd99-0b6e-312f5d6add59,36e5b6be-f87f-7e0b-7f29-64b1dd1a7976,24,-67.0,-73.0,-84.0,nan,-50.0,-60.0,-57.0,2.8710639563695817,-2.334312893411818,2.10966566808371,nan,-0.9583327479931755,3.0673462424965976,-2.075411868620731,0.25604715958166,0.09664702309822187,0.6726329320456318,nan,1.161579277151678,1.0809596799965804,0.6775582051485171,-5.608768463134766,4.271449089050293,1.088584065437317,-7.14,5.64,1.92
1740407710.191141,1d5ab4ef-0f65-dd99-0b6e-312f5d6add59,a5117f14-6b2f-6f0c-ea63-472fd38a1db7,12,-75.0,-80.0,-63.0,nan,-50.0,-61.0,-56.0,2.9065388599860915,-2.4488759582365196,2.145538447967077,nan,-2.0882737489068814,2.81967450690929,-2.0147098996739685,0.19561645582504733,0.08499639240891134,0.656687920809055,nan,0.9364744980889768,1.5156066923011593,0.8414204711719352,-5.813486576080322,4.447291374206543,1.0909342765808105,-7.14,5.64,1.92
1740407711.190632,1d5ab4ef-0f65-dd99-0b6e-312f5d6add59,65d3feb0-04d1-182c-8ded-369a32048cd3,10,nan,-76.0,-65.0,nan,-47.0,-56.0,-53.0,nan,-2.4501537429275397,2.219163134198972,nan,-2.3181759656650027,-2.9761077196285117,-2.260802178661797,nan,0.10128840521314719,0.787348063368577,nan,0.7339287661689758,0.8833809952988828,0.5204388676117685,-5.928577423095703,4.610016345977783,1.1032686233520508,-7.14,5.64,1.92
1740407712.190094,1d5ab4ef-0f65-dd99-0b6e-312f5d6add59,5ac475f4-f206-c23f-4ab4-aa279c8cebf1,6,nan,-75.0,-63.0,nan,-48.0,-60.0,-57.0,nan,-2.4660525483192037,2.251741051181693,nan,-2.4573461773085006,-3.0711875912534685,-2.166786120123805,nan,0.15074596981700872,0.7954793599668615,nan,0.5765260527580284,0.7318049978989603,0.731882198912088,-6.006293296813965,4.7476654052734375,1.06267774105072,-7.14,5.64,1.92
1740407713.189295,1d5ab4ef-0f65-dd99-0b6e-312f5d6add59,b8af7ea8-9a3f-2efa-1bd3-a529d09d9827,6,nan,-75.0,-60.0,nan,-50.0,-52.0,-60.0,nan,-2.338984344279926,2.2345780432205684,nan,-2.4424378121566317,2.7505948551532913,-2.3202988091270504,nan,0.17482818654053867,0.6927172945645189,nan,0.6034116484079771,0.4568896902466483,0.45961953814336093,-5.998411655426025,4.877734661102295,1.01002037525177,-7.14,6.84,1.92
1740407714.189507,1d5ab4ef-0f65-dd99-0b6e-312f5d6add59,989857e0-e7c8-fa38-f2e9-864d427addcc,27,nan,-77.0,-57.0,-68.0,-50.0,-49.0,-58.0,nan,-2.333421533394968,2.3141090881180406,3.0003646883506736,-2.282851226567148,-2.972402603835453,-2.117566046431918,nan,0.1634599175058038,0.707186381924974,0.9414030774190364,0.4866599042370066,0.3790031701609162,0.6211344897971417,-5.959155082702637,4.912132740020752,0.9908933639526367,-7.14,6.84,1.92
1740407715.189038,1d5ab4ef-0f65-dd99-0b6e-312f5d6add59,5c0ebfd3-3665-c786-fdb6-18d6c1d109b0,20,nan,-79.0,-60.0,-69.0,-48.0,-57.0,-54.0,nan,-2.32510741078785,2.373313822311592,3.063847524519328,-2.315992948481352,3.068199316659628,-1.8754089543413661,nan,0.29638789153633965,0.5700223339302877,0.845015154927744,0.3326759587440283,0.31336787900486424,0.7165836440288615,-5.98470115661621,4.913015365600586,0.7674649357795715,-7.14,6.84,1.92
1740407716.18908,1d5ab4ef-0f65-dd99-0b6e-312f5d6add59,68f8feea-ef1e-1459-b8ce-664e333c9a4e,0,-67.0,-85.0,-51.0,-68.0,nan,nan,-54.0,-3.0030012178298517,-2.0968446779638503,2.417015763167574,-2.8266629357274535,nan,nan,-1.487854518342419,0.2552195822729179,0.16759562358637192,0.5597871400708405,0.8607612280308922,nan,nan,0.8697665746677805,-5.959140300750732,4.93299102783203,0.6050691604614258,-7.14,6.84,1.92
1740407717.188568,1d5ab4ef-0f65-dd99-0b6e-312f5d6add59,518005a6-cd74-c7ed-a67d-9d401380a90a,35,-69.0,-81.0,-61.0,-71.0,nan,-48.0,-53.0,-3.063081066757603,-2.0324174848726533,2.500935697541497,-2.8711880596763795,nan,-2.911225937016371,-1.5966648114504263,0.24874658615115536,0.14299705321698922,0.49654288984634315,0.8035376859512777,nan,0.4261662925744763,0.9771586176830214,-5.930583953857422,4.970978260040283,0.3735732138156891,-7.14,6.84,1.92
1740407718.184597,1d5ab4ef-0f65-dd99-0b6e-312f5d6add59,9954d448-ff3e-7361-5afc-fad484f89ddc,24,-63.0,nan,-57.0,-71.0,nan,nan,nan,-3.110410499334382,nan,2.536182101936478,-2.5181807308641964,nan,nan,nan,0.24604386047413165,nan,0.4980765377390926,0.7082495824111609,nan,nan,nan,nan,nan,nan,-7.14,6.84,1.92
1740407719.19241,1d5ab4ef-0f65-dd99-0b6e-312f5d6add59,a347a072-f3a2-e2d3-6e19-a35747bdba00,7,-67.0,-69.0,-54.0,-75.0,-50.0,nan,-63.0,-3.0846750421404017,-2.0256410714789466,2.5203687840158056,-2.478065801680442,-2.082198909130372,nan,-1.5923449177968267,0.17308096977312176,0.12308087764331904,0.5301223551360161,0.6882877253024174,0.5759933193019444,nan,0.889929859536173,-5.928584098815918,4.971173286437988,0.11793370544910431,-5.94,6.84,1.92
1740407720.189825,1d5ab4ef-0f65-dd99-0b6e-312f5d6add59,74d44831-fbd3-27f5-c431-3f8c8422ccf1,36,-71.0,-72.0,-58.0,-69.0,-52.0,-52.0,-69.0,-3.1039840253079123,-2.167282625635356,2.485616662319144,-2.4213857442002853,-2.0806700214706155,-2.7903602039322357,-2.862656844164044,0.3058723402844934,0.14162772236349774,0.5273601244533859,0.6634887687057631,0.3180307850213351,0.32930600184569603,0.8883610027123651,-5.9930596351623535,4.986778259277344,0.012295648455619812,-5.94,6.84,1.92
1740407721.188553,1d5ab4ef-0f65-dd99-0b6e-312f5d6add59,dd4e3148-b361-7fb0-12cc-d05464ab528b,3,-67.0,-73.0,-54.0,-75.0,-50.0,nan,-60.0,-3.093361474667913,-2.1211276470993017,2.393404176942932,-2.175048403374027,-1.848250557456622,nan,-1.4112054420058096,0.23576184491376967,0.15479918448281166,0.5760145795410204,0.5163129327775736,0.5515266760270473,nan,0.9864561218547022,-5.957619667053223,4.9478325843811035,-0.116535946726799,-5.94,6.84,1.92
1740407722.189461,1d5ab4ef-0f65-dd99-0b6e-312f5d6add59,6d2e9a11-d4ed-1f58-297f-d6e6dc0613c4,25,-65.0,-78.0,-57.0,-69.0,-52.0,-56.0,-61.0,-3.040397059540635,-2.173625343245543,2.308977176697458,-2.0645329439320825,-1.7436302232702976,-2.7238482705355382,-0.9072142094253136,0.36471105627572714,0.19670880128041376,0.6034924098781854,0.45856887586290335,0.5706021093659848,0.2724891448196867,0.6164485822772594,-5.928715705871582,4.945928573608398,-0.15137693285942078,-5.94,6.84,1.92
1740407723.185405,1d5ab4ef-0f65-dd99-0b6e-312f5d6add59,19a14396-77eb-5f3c-14a9-aeb79bdeda84,14,-63.0,-68.0,-56.0,-84.0,-53.0,-53.0,-67.0,-3.0749467809944515,-2.133925334559623,2.2958525862133294,-2.0967936784289756,-1.335622126031613,-2.6138900782094034,-0.8927147339131716,0.49545508840958674,0.20893923542854817,0.6590691197187221,0.44260994960963074,0.6823832862328479,0.27367590110413076,0.6590921117456014,-5.84407663345337,5.001073360443115,-0.13318288326263428,-5.94,6.84,1.92
1740407724.189935,1d5ab4ef-0f65-dd99-0b6e-312f5d6add59,e9fb30b0-b613-8008-4727-7c885f7ee807,0,-61.0,-76.0,-58.0,-65.0,-56.0,-46.0,-58.0,-3.061663199793245,-2.0886437397030604,2.3191413973138544,-2.0508814470262817,-1.1403176468282195,-2.527191167972995,-1.1173277563990824,0.5706561662697266,0.22606998585096924,0.5849609365909235,0.37690703577725865,0.39533563268479,0.3338625071859943,0.5266008451308013,-5.79656982421875,5.13478946685791,-0.1418425738811493,-4.74,6.84,1.92
1740407725.189721,1d5ab4ef-0f65-dd99-0b6e-312f5d6add59,0b7fc24a-4f75-e93b-ffc5-de4bdd37c12b,10,-62.0,nan,-66.0,-72.0,-57.0,-54.0,-64.0,-3.0844713103170105,nan,2.335698269810877,-1.9141863151205312,-1.1230481785481223,-2.477662781078292,-1.0702132155425257,0.41298151682368583,nan,0.5490237414986899,0.2433598601485225,0.6243705463378828,0.5356127632237072,0.5350146296886119,-5.735207557678223,5.432382583618164,-0.18224351108074188,-4.74,6.84,1.92
1740407726.185826,1d5ab4ef-0f65-dd99-0b6e-312f5d6add59,57845f13-2561-192f-2b98-3cbfce683846,34,-74.0,nan,-75.0,-76.0,-53.0,-48.0,-63.0,3.1180034379183073,nan,2.347749073743486,-1.915309769626381,-1.0062674754149392,-2.5350303894003376,-3.0290640591754214,0.40555036527598326,nan,0.5320731872135264,0.2579799320980282,0.4353266577853371,0.4429245711834897,1.2547675968803842,-5.576289176940918,5.754523277282715,0.0022035613656044,-4.74,6.84,1.92
1740407727.189557,1d5ab4ef-0f65-dd99-0b6e-312f5d6add59,d701879e-a985-2d3a-8d7c-eb59fb26e177,13,-60.0,nan,-63.0,-67.0,-56.0,-59.0,-64.0,-3.100819390984571,nan,2.261702871555243,-1.9179433696283603,-0.9483249144326851,-2.4977975393724243,-0.7589007358336967,0.39234381600930757,nan,0.6456262814843291,0.14748449629852953,0.483428114811908,0.37194288318831015,0.9383989112546285,-5.42342233657837,6.073944091796875,0.19085782766342163,-4.74,6.84,1.92
1740407728.189225,1d5ab4ef-0f65-dd99-0b6e-312f5d6add59,ef583c45-fcf5-48f4-1154-ee64af5eb31d,11,-61.0,nan,-71.0,-70.0,nan,-47.0,nan,-3.0713224850669625,nan,2.0782249208864525,-1.9177830473307376,nan,3.029482839757315,nan,0.2853449609182716,nan,0.7746855979126045,0.163746590152394,nan,0.3644171420916072,nan,nan,nan,nan,-3.54,6.84,1.92
1740407729.188476,1d5ab4ef-0f65-dd99-0b6e-312f5d6add59,d8f8405f-0d93-6b8b-0c31-f0d6c0a6af09,25,-66.0,nan,-73.0,-67.0,-58.0,-50.0,-65.0,3.049421713526587,nan,2.008902305079472,-1.8835726125997976,-0.964027316116665,-2.975622906339779,-1.5150034207797836,0.28142628582178814,nan,0.865216230481404,0.17838874969419052,0.3300855516479783,0.3273763904370503,1.0113168447311192,-5.301453590393066,6.334107875823975,0.520167112350464,-3.54,6.84,1.92
1740407730.189617,1d5ab4ef-0f65-dd99-0b6e-312f5d6add59,1ca8b779-b95d-70e4-7e39-d86b750b0777,8,-65.0,-75.0,-69.0,-64.0,-58.0,-57.0,-68.0,2.964933460576041,-0.930483717475548,1.5074796718782626,-1.8331235531220995,-0.8787238459067145,-2.6879027921089436,-1.0172118708711704,0.27399801381701416,0.3121254092344858,0.8114717088918145,0.24236716685219553,0.2645243133470745,0.26818188732024484,1.1570183879066231,-5.1243062019348145,6.576752185821533,0.8211873173713684,-3.54,6.84,1.92
1740407731.185865,1d5ab4ef-0f65-dd99-0b6e-312f5d6add59,1f94bd9a-66ce-8532-d8ee-7d8be5bfdc88,7,-64.0,-79.0,-78.0,-64.0,-54.0,-58.0,-65.0,2.9244209214415378,-0.9675808856700793,0.8801185475721875,-1.7848488315163968,-0.8481783976768161,-2.4591128847588974,-0.7597636154550247,0.2587277477321225,0.31993702663341983,0.668418346462527,0.2227972604768845,0.22390307019966338,0.21895039938253497,1.1055270654589984,-4.908332347869873,6.77691125869751,0.957139551639557,-3.54,6.84,1.92
1740407732.19016,1d5ab4ef-0f65-dd99-0b6e-312f5d6add59,091bba8b-b966-6f82-5906-da8254cfae54,1,-64.0,-69.0,-73.0,-73.0,-57.0,-53.0,-60.0,2.903633883869033,-0.9589656927017275,0.7001394579435426,-1.7437392116654977,-0.8077300519841852,-2.4624976605420783,-2.2735165285896786,0.17103915745487164,0.31731654269980913,0.5695815807698794,0.2614974019762913,0.20823976651618412,0.29026418647129004,0.8823646547037934,-4.697932243347168,6.961665630340576,1.1121646165847778,-3.54,6.84,1.92
1740407733.189157,1d5ab4ef-0f65-dd99-0b6e-312f5d6add59,6e95c7b0-332c-11c0-4ca9-e867b682a5d9,6,-63.0,-70.0,-69.0,-63.0,nan,nan,nan,2.918763302021773,-1.0315713203425032,0.6591608656182752,-1.6878590346187468,nan,nan,nan,0.11761458970312007,0.3575698896812206,0.32653550757679556,0.28011021819009824,nan,nan,nan,-4.472800254821777,7.114756107330322,1.204049825668335,-2.34,6.84,1.92
1740407734.18612,1d5ab4ef-0f65-dd99-0b6e-312f5d6add59,41fd361a-0c71-7c1c-e3b5-abbcde7c45bf,16,-62.0,-75.0,-70.0,-76.0,nan,-48.0,nan,2.762806458057861,-1.1947658372009238,0.6563568233065309,-1.6722944559438875,nan,-2.355299648366956,nan,0.1078535966428969,0.3057753013522736,0.3629047672663809,0.3076165110614135,nan,0.3318294786313438,nan,-4.299395561218262,7.233407497406006,1.2763071060180664,-2.34,6.84,1.92
1740407735.188587,1d5ab4ef-0f65-dd99-0b6e-312f5d6add59,cf2a389b-c7a5-f449-b605-217a16b4662e,30,-62.0,-70.0,-73.0,-75.0,nan,-46.0,-66.0,2.7159982061064105,-1.3689489561911747,0.49649525255234445,-1.6797434506708937,nan,-2.356765382785963,-1.5707963266061888,0.17697327957481343,0.35235725119009487,0.4917754320209379,0.3823113552878428,nan,0.26519113514515136,1.0122909661567112,-4.167730808258057,7.331663131713867,1.3759024143218994,-2.34,6.84,1.92
1740407736.190569,1d5ab4ef-0f65-dd99-0b6e-312f5d6add59,af88bf44-2e27-6370-f283-28dc6e28a94c,2,-56.0,-77.0,-68.0,nan,-63.0,-45.0,-59.0,2.6848615919056398,-1.5252031420907946,0.5730848360258242,nan,-0.7391182306331684,-1.9802239571815077,-0.9849736757361323,0.23084894520333235,0.4084937907812797,0.43537846856465684,nan,0.41791474159397474,0.7533257754511615,0.7637554139904055,-4.055819511413574,7.276976108551025,1.3937474489212036,-2.34,6.84,1.92
1740407737.189826,1d5ab4ef-0f65-dd99-0b6e-312f5d6add59,6c959b25-65c3-42e2-9644-32ef4ff49f8b,0,-59.0,-71.0,-68.0,nan,nan,-51.0,nan,2.6712794703462355,-1.571239743116395,0.5463118112711487,nan,nan,-2.2683939389901364,nan,0.22862041200315406,0.4950586103023012,0.3310096847871559,nan,nan,0.5092778562195126,nan,-3.91696834564209,7.211474895477295,1.4509557485580444,-2.34,6.84,1.92
1740407738.189295,1d5ab4ef-0f65-dd99-0b6e-312f5d6add59,73b72f13-3a3a-dbbd-120e-0b1226cc5a67,20,-57.0,-70.0,-69.0,nan,nan,nan,nan,2.6614231111518527,-1.7051836964580391,0.49814987453761067,nan,nan,nan,nan,0.21725262566636674,0.45329049058236637,0.23988638236251625,nan,nan,nan,nan,nan,nan,nan,-1.14,6.84,1.92
1740407739.194718,1d5ab4ef-0f65-dd99-0b6e-312f5d6add59,6778f798-41c1-e478-d18f-4e8614600158,27,nan,-67.0,-79.0,nan,-58.0,-54.0,-60.0,nan,-1.6408149597527693,0.4854452645573877,nan,-1.1438013722663312,-1.9005319683007327,-0.82773168185658,nan,0.4364786204109686,0.24692836285117423,nan,1.0288769393026191,0.6069415971981933,0.47146905993865784,-3.8011832237243652,7.1269145011901855,1.3717656135559082,-1.14,6.84,1.92
1740407740.189848,1d5ab4ef-0f65-dd99-0b6e-312f5d6add59,1c7520a7-75af-bd41-2678-a07fea1f4cfb,13,nan,-69.0,-71.0,nan,-60.0,nan,-56.0,nan,-1.6563636926191425,0.5219055377772265,nan,0.06580314087686638,nan,-0.8846065250834388,nan,0.36763380899306186,0.30355309315968426,nan,1.0113168446512757,nan,0.3769785346428155,nan,nan,nan,-1.14,6.84,1.92
1740407741.191012,1d5ab4ef-0f65-dd99-0b6e-312f5d6add59,67e8f570-431d-d44d-54ee-d5f1258ef51c,8,nan,-75.0,-69.0,-66.0,-60.0,-52.0,-54.0,nan,-1.5281122461075427,0.42078744171578986,-0.7616648707109892,0.24858260514230873,-1.9507187811236097,-0.019257152433122333,nan,0.23966507367593068,0.22326394616840722,0.3388218015287944,0.787244896779768,0.5356127632024388,0.43626129321730833,-3.5530388355255127,7.043302059173584,1.3320468664169312,-1.14,6.84,1.92
1740407742.189829,1d5ab4ef-0f65-dd99-0b6e-312f5d6add59,b60cfcaf-dd13-78ac-1c17-24023323188a,36,nan,-68.0,-72.0,-80.0,-55.0,-61.0,-62.0,nan,-1.5491176628894334,0.3943273383891986,-0.7066543489182033,-0.24068153807480994,-1.307038244488029,-0.4968548386581515,nan,0.24587821185432873,0.19924404741438512,0.343330400096244,0.5110275760302591,0.5966116674826919,0.30966772091512096,-3.3386058807373047,6.938844680786133,1.29836630821228,-1.14,6.84,1.92
1740407743.190271,1d5ab4ef-0f65-dd99-0b6e-312f5d6add59,7eaebdb9-5eca-6018-504d-968258a2db55,30,nan,-66.0,-75.0,-71.0,-61.0,-62.0,nan,nan,-1.5026188702566503,0.342381848694985,-0.7009168346657367,-0.4688962807789763,-1.9588442943538358,nan,nan,0.22623664980093774,0.1754185261304252,0.25040485333816365,0.36197577320679747,0.6387591929412652,nan,nan,nan,nan,nan,nan,nan
1740407744.190418,1d5ab4ef-0f65-dd99-0b6e-312f5d6add59,3fb1772a-979b-09ff-2015-1accff87d938,14,-66.0,-68.0,-65.0,-77.0,-63.0,-56.0,-56.0,1.5294464898136721,-1.4984378405032803,0.2295264027612422,-0.7103942260370016,0.11368871739145128,-2.164932446543902,-0.6850115480332039,0.1800003782726088,0.22644545827515677,0.20157158362808714,0.19724587764849869,0.399101554830301,0.4256043851637395,0.23248054949352365,-3.126110315322876,6.83605146408081,1.3045612573623657,nan,nan,nan
