1740406226.150951,1d5ab4ef-0f65-dd99-0b6e-312f5d6add59,deece8af-3fb7-36bd-84bb-8340a8d05d25,21,-69.0,-69.0,-75.0,-80.0,-60.0,-50.0,-56.0,1.5841398291206297,1.718419607075733,0.9365477352776584,0.9813050868736393,0.6949772713942042,1.5163504591587902,-0.3257254077134627,0.2152256105369234,0.9438078453043508,0.3562601137676059,0.34397684916134713,0.5089906099446901,0.6613233549244557,0.8635646549661645,-1.7636821269989014,1.6389455795288086,0.00841286778450012,-1.14,0.39,1.92
1740406227.150933,1d5ab4ef-0f65-dd99-0b6e-312f5d6add59,da904951-e094-5059-b5f4-15057e31a967,6,-74.0,-60.0,-72.0,-89.0,-53.0,-53.0,-58.0,1.6018812756705194,1.624253426723839,0.9864298077592786,1.0818825612337897,0.7510629470829031,1.7615439733438052,1.4412787350252798,0.26081573260577184,0.5586825940087303,0.3736769542701288,0.2506421742808033,0.3424669259735843,0.5282042826820337,1.3067330363859908,-1.743748426437378,1.5591143369674683,0.031359076499938965,-1.14,0.39,1.92
1740406228.152901,1d5ab4ef-0f65-dd99-0b6e-312f5d6add59,6fa1ab09-8858-a3c7-0d10-f8c1120e7d88,8,nan,nan,-70.0,nan,-57.0,nan,-48.0,nan,nan,0.9526140535018885,nan,0.8691899781189448,nan,0.8078894357862397,nan,nan,0.304048973754657,nan,0.4670635589761637,nan,0.8356305530506141,nan,nan,nan,-1.14,0.39,1.92
1740406229.150734,1d5ab4ef-0f65-dd99-0b6e-312f5d6add59,e21c1b39-93df-2df3-d3af-95d7b099d99c,23,-70.0,-67.0,-80.0,-78.0,-54.0,-56.0,-53.0,1.7246125218746031,1.6822906310955,0.9298908978168964,1.1313041731629352,0.8348435903847587,1.6522820791046777,-0.15282602539321455,0.3037273970530299,0.853665767938594,0.3320999163584071,0.25436227742850775,0.3562294112543641,0.6589522703879558,1.094798811224245,-1.7149521112442017,1.5177419185638428,0.109200119972229,-1.14,0.39,1.92
1740406230.150838,1d5ab4ef-0f65-dd99-0b6e-312f5d6add59,084bc783-5f90-1d9b-47be-ca5e525151a3,1,-73.0,-60.0,-72.0,-73.0,-54.0,-58.0,-51.0,1.7186038978231664,1.7647154668334524,1.0203592789952152,1.0139937913577077,0.6888608915223651,2.0591428546251587,-1.9902088200638661,0.2772478859399947,0.6331778676009716,0.3268794215420657,0.3251691062005031,0.4955509710579196,0.494911904534325,1.0897316777789323,-1.6902185678482056,1.48816180229187,0.171692430973053,-1.14,0.39,1.92
1740406231.152538,1d5ab4ef-0f65-dd99-0b6e-312f5d6add59,b78c026d-0401-2915-0684-89a195a47b7e,22,-80.0,-57.0,-74.0,-78.0,-49.0,-54.0,-55.0,1.6938205207188888,1.7571494261765372,1.057253913788846,1.1615499599790742,0.7800943117817438,2.0308381120778143,0.2904327152613926,0.2643370474228587,0.6471224453847356,0.367054538166456,0.32955699699154495,0.4180090236986143,0.4443586694689208,0.9928882023382858,-1.6657836437225342,1.4526424407958984,0.2234901487827301,-2.34,0.39,1.92
1740406232.151954,1d5ab4ef-0f65-dd99-0b6e-312f5d6add59,58f65c10-9b7d-5111-f26f-939e95b9e2b6,33,-92.0,-60.0,-84.0,-72.0,-56.0,-51.0,-57.0,1.7139156690401907,1.7427310720348481,1.0279263849165663,1.288492995447118,0.8479026381836223,0.5915989571981283,2.2702648091683693,0.33322989560892774,0.6814032541474808,0.3624365502572313,0.29286875718239536,0.2864441089936107,1.3822497009010208,1.0103625193437473,-1.6467194557189941,1.412022590637207,0.182979941368103,-2.34,0.39,1.92
1740406233.153076,1d5ab4ef-0f65-dd99-0b6e-312f5d6add59,b9f06fe4-9b7f-48ab-646d-2b05267fb539,14,-80.0,-59.0,-74.0,-65.0,nan,nan,nan,1.770316627238107,1.7179365096539925,1.0018580325863256,1.3600694444846329,nan,nan,nan,0.42295768497760905,0.6302246216891556,0.43062535851962436,0.323030188371006,nan,nan,nan,nan,nan,nan,-2.34,0.39,1.92
1740406234.150057,1d5ab4ef-0f65-dd99-0b6e-312f5d6add59,77ce91ee-f28f-c7e1-9b3a-5adde0d6bcfa,24,-81.0,-60.0,-75.0,-71.0,-50.0,-54.0,-64.0,1.775966789806819,1.8201757965343524,1.0469839656771733,1.349319861060637,0.8305477512696139,2.311044902109077,2.4116274914159965,0.3718659714393613,0.5883289698425196,0.3772302103755397,0.3212732677103671,0.29172653373200597,0.9873432593483772,1.032243692146743,-1.6332122087478638,1.3671910762786865,0.10264071077108383,-2.34,0.39,1.92
1740406235.15035,1d5ab4ef-0f65-dd99-0b6e-312f5d6add59,c266a76d-6989-7e00-4e5e-22bb09c11db2,21,-76.0,-66.0,-85.0,-75.0,-55.0,-51.0,-64.0,1.7578951112817593,2.5144187495083505,1.0625187169478234,1.3497534236861017,0.7906439925428026,2.3644138400221353,2.2092054972351107,0.37377472557164837,0.7290918805762844,0.35920290677214356,0.4385436022307024,0.34413305614354506,0.5390873741574701,0.7236159465512897,-1.6620298624038696,1.3827569484710693,0.14883221685886383,-2.34,0.39,1.92
1740406236.152164,1d5ab4ef-0f65-dd99-0b6e-312f5d6add59,87308c05-1857-f27e-33ed-f3f141bbb882,36,-82.0,-65.0,-80.0,-76.0,-50.0,-56.0,-43.0,1.6734052604345595,2.8225699234481114,1.1576423037116008,1.570942800654851,0.837126558057245,2.1767446755257396,0.9752680447539146,0.22246832679274609,0.25861902418062,0.4308264604714389,0.42336504875585035,0.2515890492842233,0.5640031836366075,1.295607673944778,-1.7367887496948242,1.389700174331665,0.12838277220726013,-3.54,0.39,1.92
1740406237.151718,1d5ab4ef-0f65-dd99-0b6e-312f5d6add59,252b2908-3638-a018-bdfd-39ea721d0f05,12,nan,-69.0,nan,nan,nan,nan,-44.0,nan,2.7576921235004725,nan,nan,nan,nan,0.6918208420757415,nan,0.23383837681645991,nan,nan,nan,nan,0.7075437886277283,nan,nan,nan,-3.54,0.39,1.92
1740406238.153012,1d5ab4ef-0f65-dd99-0b6e-312f5d6add59,e21e7104-960d-293c-5af3-b2fd1ef2f7f8,22,-78.0,-62.0,-70.0,-69.0,-52.0,nan,-50.0,1.6791672757690548,2.8613338310108682,1.1774162748054393,1.548187687036778,0.9832990873428522,nan,0.6483604708091494,0.30602627099549995,0.15405674510516798,0.437096740099976,0.42891154777913104,0.17818628349549165,nan,0.44665074676308936,-1.8178294897079468,1.3852659463882446,0.1442195028066635,-3.54,0.39,1.92
1740406239.151277,1d5ab4ef-0f65-dd99-0b6e-312f5d6add59,e61db955-19c6-a20c-6e29-7d3546597082,10,-71.0,-71.0,-74.0,-77.0,-50.0,nan,-39.0,1.767600735558444,2.8850940216243375,1.1401541237813775,1.6654786277660476,0.9463602498937838,nan,0.7037724306797466,0.3128188963823424,0.16003743925467254,0.41618892817203645,0.4404398395058661,0.17687448345484166,nan,0.3129853596078507,-1.9476776123046875,1.3785204887390137,0.13771270215511322,-3.54,0.39,1.92
1740406240.152085,1d5ab4ef-0f65-dd99-0b6e-312f5d6add59,e044ac0e-405f-8eca-0611-e4617f84d0cf,19,-78.0,-69.0,-74.0,-78.0,-56.0,-60.0,-47.0,1.9100228622303557,2.837862327059564,0.985733124818114,1.6701684544456772,0.1504330345861209,2.1113592010065574,0.6341560736752576,0.35377198894017214,0.16018243173127056,0.40101010838107526,0.39677228671745945,0.380043588076484,0.299888519678779,0.40468800099744523,-2.05421233177185,1.4199903011322021,0.10150854289531708,-3.54,0.39,1.92
1740406241.151939,1d5ab4ef-0f65-dd99-0b6e-312f5d6add59,1fa91e5c-824c-b407-7b2a-075a5a0c7695,4,-73.0,-66.0,-76.0,-72.0,-60.0,-53.0,-43.0,1.9032520414749383,2.904850415854981,0.9106572821082353,1.7311686918461602,0.5812989281586235,1.585966308333287,0.6468196369149959,0.4375160215240953,0.19019474254359356,0.21784008571332458,0.40078100994830124,0.265157507014371,0.7154526043555529,0.3118918448112075,-2.144477367401123,1.4564403295516968,0.10172758996486664,-4.74,0.39,1.92
1740406242.151825,1d5ab4ef-0f65-dd99-0b6e-312f5d6add59,fb0bbc81-651d-b893-bbeb-23bf89d13fb0,3,-75.0,-71.0,-71.0,-88.0,-55.0,-57.0,-47.0,2.162604516864523,2.915823172178326,0.8673223248504658,1.7274248199857267,0.9807575559908422,3.0004326338405587,0.6341560736752576,0.240978344988476,0.2219661045454276,0.2212285254367733,0.36095336926713895,0.16849364838280276,0.9027157155189371,0.40468800099744523,-2.242438793182373,1.5126948356628418,0.13477551937103271,-4.74,0.39,1.92
1740406243.149763,1d5ab4ef-0f65-dd99-0b6e-312f5d6add59,ff2e0010-c899-e1ba-6030-4336b7255afe,11,-80.0,-73.0,nan,-70.0,-46.0,-61.0,-47.0,2.188664080763166,2.954780425236223,nan,1.8282041619565055,1.0021573213224817,-0.8133943953758237,0.6468196369149959,0.24831778392613899,0.17547506836931892,nan,0.38807193917325233,0.32458277474140956,1.1062064003378478,0.3118918448112075,-2.3403570652008057,1.5837292671203613,0.1929563730955124,-4.74,0.39,1.92
1740406244.149312,1d5ab4ef-0f65-dd99-0b6e-312f5d6add59,b3bba2b7-5609-c22a-66a4-70f427e65281,6,-78.0,-68.0,nan,-75.0,-50.0,-53.0,nan,2.1208919573428298,2.961370683669733,nan,1.9590138410112354,1.0512077472490367,-2.1473724350791854,nan,0.21567766548720751,0.1986705689631502,nan,0.3280671580987273,0.30084471894001885,0.9092230644183721,nan,-2.469163417816162,1.6672519445419312,0.31873801350593567,-4.74,0.39,1.92
1740406245.152689,1d5ab4ef-0f65-dd99-0b6e-312f5d6add59,ee342d42-452d-2bf4-905d-ad7073be732a,18,-78.0,-74.0,nan,-80.0,-47.0,-65.0,-39.0,2.101933446174774,2.9612103613721104,nan,1.9605036133250258,1.099928572082478,2.9803145334922165,0.7053395057319415,0.17115600364769887,0.19814511063532075,nan,0.2683393624223275,0.375635242630222,0.7091235632294005,0.242521718698813,-2.609186887741089,1.7537790536880493,0.4604470729827881,-4.74,0.39,1.92
1740406246.151618,1d5ab4ef-0f65-dd99-0b6e-312f5d6add59,70794f27-3874-a6fe-7b01-eab5ce01975a,6,-81.0,-72.0,nan,-83.0,-57.0,-50.0,-39.0,2.2686270903894497,3.02808499950509,nan,1.9607017525101276,1.366731082876322,2.6369153484646755,0.9799409404642503,0.15192370287482582,0.3186626041832761,nan,0.2626424946659981,0.8547494954305741,0.4356041892775728,0.4935507627510729,-2.78964638710022,1.7578747272491455,0.563310980796814,-5.94,0.39,1.92
1740406247.151664,1d5ab4ef-0f65-dd99-0b6e-312f5d6add59,075bf887-6583-8df2-6e2a-1a385cb5c271,13,-79.0,-81.0,nan,-76.0,-51.0,-51.0,-39.0,2.3430523228450215,2.983326848960782,nan,1.996311944710013,-2.6719328258224175,2.095843227808295,1.2760426105016478,0.15690880754031786,0.28704791927732276,nan,0.2767714297762227,1.298156035079212,0.8681475374798399,0.7008166987134486,-2.9524173736572266,1.7027846574783325,0.6669946312904358,-5.94,0.39,1.92
1740406248.150768,1d5ab4ef-0f65-dd99-0b6e-312f5d6add59,a29fb846-3881-5793-b037-0af80c8b29fd,12,-85.0,-71.0,-78.0,-78.0,-47.0,-52.0,-38.0,2.3513033285343052,-3.090269544642331,1.4841056396228551,2.0205914517360477,-2.2045361579392484,2.2279137086734875,1.6011246941026918,0.12813322712633562,0.6109304856447223,0.27579010484879896,0.2654861847884711,0.948869761219039,0.5640031836388151,0.7150555691277714,-3.126235008239746,1.6821789741516113,0.74807870388031,-5.94,0.39,1.92
1740406249.153047,1d5ab4ef-0f65-dd99-0b6e-312f5d6add59,434db4f4-3cfe-bdfd-33c1-a74bba3dda00,32,-87.0,-70.0,-75.0,-79.0,-52.0,-55.0,-40.0,2.332308598375424,3.1199017391433155,1.5682157236986098,2.0890267022678137,2.6922332059215135,2.999315941556371,1.8245048923482692,0.13738221914461268,0.553652548499843,0.23723963300265463,0.28946440507143345,0.6642818233533492,0.53657933950584,0.657736764531794,-3.2895593643188477,1.686014175415039,0.843984603881836,-5.94,0.39,1.92
1740406250.151609,1d5ab4ef-0f65-dd99-0b6e-312f5d6add59,b5c10d36-739b-2172-c43c-e1bb474f4d06,2,-76.0,-71.0,-74.0,-69.0,-53.0,-52.0,-36.0,2.3700301446875245,-3.018301877240684,1.618102057237974,2.0768986666635927,2.0555475475178677,2.658142476846395,1.946680344259718,0.1402036801943619,0.5390150494899542,0.264387397812218,0.255485349104951,0.9077040719403808,0.5053404172748517,0.6243288645352458,-3.466256618499756,1.6885708570480347,0.908194661140442,-5.94,0.39,1.92
1740406251.153067,1d5ab4ef-0f65-dd99-0b6e-312f5d6add59,2d421f35-ae42-900d-268e-55800a8044ee,14,-82.0,-92.0,-74.0,-69.0,-57.0,-54.0,-40.0,2.28392268979421,-3.0265659324193086,1.664687668922294,2.091891198336303,2.19326773897359,2.7472445380460107,2.323654481418131,0.10855917620657816,0.6689840018780598,0.1441299286551953,0.3546176091652996,0.4834281148661098,0.4730146870261785,0.6664784760561362,-3.6447041034698486,1.655140995979309,0.9302926063537598,-7.14,0.84,1.92
1740406252.152436,1d5ab4ef-0f65-dd99-0b6e-312f5d6add59,38df9696-a26b-bfed-195c-81b8388368f6,3,-72.0,-69.0,-76.0,-69.0,-43.0,-52.0,-46.0,2.4655119266179173,-2.9978005968531445,1.6792572906138996,2.2468962285266207,2.1702450435137415,2.6433598525524262,2.600569397121053,0.14216413294131014,0.5867107000061329,0.17307735786089332,0.26028762776160913,0.3030981989073268,0.4856496814790136,0.4917412338152868,-3.7958483695983887,1.601945161819458,0.9210253357887268,-7.14,0.84,1.92
1740406253.15374,1d5ab4ef-0f65-dd99-0b6e-312f5d6add59,296e5403-3320-cbb0-9c1e-af5607b47cda,31,-75.0,-71.0,-76.0,-73.0,-43.0,nan,nan,2.517153283315644,-3.0239315334690025,1.6764332745939794,2.324913532660492,2.1779283011735417,nan,nan,0.14234419592051306,0.47079501566378,0.12897190648787202,0.23585933325442335,0.5035640688355347,nan,nan,nan,nan,nan,-7.14,0.84,1.92
1740406254.153392,1d5ab4ef-0f65-dd99-0b6e-312f5d6add59,25c0f7fa-1b4b-5384-861e-40c60cb2c966,25,-70.0,-80.0,-76.0,-71.0,-43.0,-47.0,-43.0,2.556013064677644,-3.0266812472945093,1.6713748664194832,2.3500532407186223,2.1159066089444685,2.4912927516347336,2.681662083475672,0.22122136819134372,0.5947648980908595,0.18036686252811734,0.2679835973902065,0.2908725357529142,0.32580147616927574,0.41203186539819914,-3.943530559539795,1.5476880073547363,0.9041911363601685,-7.14,0.84,1.92
1740406255.150825,1d5ab4ef-0f65-dd99-0b6e-312f5d6add59,872e10be-b44a-da9b-0081-b7ea81e16293,4,-70.0,-78.0,-78.0,-73.0,-44.0,-51.0,-39.0,2.4141981387342706,-3.017093068421897,1.5457487641104832,2.3422336671259316,3.0475116543316503,2.5482816651092497,2.9458141483540508,0.26729368886506466,0.521761027998576,0.21018777528184773,0.3851588737043828,0.3824354703104212,0.39970413030851576,0.63652639666007,-4.06385087966919,1.4767168760299683,0.8491122722625732,-7.14,0.84,1.92
1740406256.151948,1d5ab4ef-0f65-dd99-0b6e-312f5d6add59,0f615dff-4e92-6865-41f6-c3edb40f36bf,0,-74.0,-76.0,-70.0,-67.0,-57.0,-49.0,-50.0,2.425574097646653,-2.824824022994754,1.59343319606057,2.4077740615527814,2.7679369253285295,2.4447706810732015,-3.0058227469663095,0.3018696757451315,0.23155929348984058,0.31060810649292675,0.30010749534133974,0.7149489922896295,0.2862927285204666,0.4501533302477325,-4.158034801483154,1.4194754362106323,0.784897744655609,-7.14,2.04,1.92
1740406257.153833,1d5ab4ef-0f65-dd99-0b6e-312f5d6add59,51ab62ff-9ffc-ae48-11c7-3b80505040d2,9,-76.0,-69.0,-68.0,-69.0,-43.0,-55.0,-48.0,2.4902036909806964,-2.836387468447878,1.829200716836413,2.4555980431439886,2.4664950221681634,2.5247053853233647,-2.7505948551532913,0.25126365621068697,0.20371967271858824,0.25422445884209616,0.2607725893961126,0.4083905928166095,0.2590751733940922,0.4568896902466483,-4.192785739898682,1.463570475578308,0.714281976222992,-7.14,2.04,1.92
1740406258.151953,1d5ab4ef-0f65-dd99-0b6e-312f5d6add59,f2c86876-e52c-7e73-a9aa-7fa034d0e1c4,3,-78.0,-69.0,-73.0,-66.0,-44.0,-54.0,-43.0,2.503949330631031,-2.9213825209538657,1.8531206971152867,2.4993340724619237,2.3248062702248116,2.4591128847588974,-2.6556981732851574,0.30425923032271873,0.24638005127224052,0.4233196751487781,0.4294537673770712,0.49113161989772597,0.21895039938253497,0.43949856035107415,-4.2341084480285645,1.5434584617614746,0.655584692955017,-7.14,2.04,1.92
1740406259.153534,1d5ab4ef-0f65-dd99-0b6e-312f5d6add59,4e8df8e0-1205-b482-fdc1-605b8000b9dc,20,-81.0,-72.0,-69.0,-65.0,-45.0,-57.0,-48.0,2.5406652673155175,-2.6179973401009113,1.8631996965768005,2.544588636233422,2.296730916561926,2.6052792463559125,-2.6292528397441735,0.38583758030818943,0.4740056893844659,0.4537472892883422,0.5502551871867426,0.3795336926919541,0.4767593154088579,0.6483919990509686,-4.278404712677002,1.6113474369049072,0.522513747215271,-7.14,2.04,1.92
1740406260.151535,1d5ab4ef-0f65-dd99-0b6e-312f5d6add59,6f95edd9-b415-e655-32ae-cf71ca26ae93,15,-81.0,-73.0,-73.0,-64.0,-45.0,-55.0,-46.0,2.4722076462305944,-2.7127102674245984,1.9138769889599183,2.602897483036271,2.2571067363742343,2.603565219665339,-2.619665388514949,0.3025427231316218,0.5286106783222598,0.46206583940077284,0.5803078615343371,0.4176130410577298,0.4124442623896734,0.49642858902705955,-4.3286004066467285,1.7120742797851562,0.19305519759655,-7.14,2.04,1.92
1740406261.151983,1d5ab4ef-0f65-dd99-0b6e-312f5d6add59,047e2a60-d851-682e-b5e3-75d8c2993135,5,-72.0,-69.0,-80.0,-68.0,-45.0,-67.0,-46.0,2.516860868227953,-2.6935855750045214,1.9199644425796214,2.5772661554409124,2.2552434388277027,2.4481570875492196,-2.552308975246774,0.3103568705335914,0.5410937465893019,0.46607073433754753,0.5538175313293735,0.28669827426742467,0.6725293285787024,0.38521394563266104,-4.3893723487854,1.8067309856414795,-0.1685042381286621,-7.14,3.24,1.92
1740406262.152784,1d5ab4ef-0f65-dd99-0b6e-312f5d6add59,d0b1946c-2907-5378-f3ba-02a623f3c8e7,8,-69.0,-73.0,-73.0,-68.0,-50.0,-59.0,-50.0,2.5057847812543135,-2.677479575680049,1.9618117580524728,2.5929793385045983,2.2936900152498216,1.0978531298140486,-2.441384838412739,0.27508922742891734,0.584247941788082,0.44832962068279403,0.5588040341544379,0.28644410903099443,1.2361637932424743,0.2996585858044322,-4.4664740562438965,1.9258054494857788,-0.4032313823699951,-7.14,3.24,1.92
1740406263.151745,1d5ab4ef-0f65-dd99-0b6e-312f5d6add59,9e4ab269-d5e7-d454-b2f8-72e2c63dcf05,29,-72.0,-80.0,-74.0,-68.0,-42.0,-50.0,-56.0,2.527540676831389,-2.6716089033730785,1.9166445459647286,2.6150409649748143,2.259142805323012,-2.7406607708474016,-2.40759046083171,0.24559188874763155,0.5993256280366475,0.4466911441116364,0.5591487137785214,0.2756369895593199,0.9564935126163789,0.4049854385117487,-4.562288284301758,2.0659914016723633,-0.6466498970985413,-7.14,3.24,1.92
1740406264.150783,1d5ab4ef-0f65-dd99-0b6e-312f5d6add59,1938dcd0-364b-f08a-ba35-c30984a963fc,36,-75.0,-72.0,-77.0,-70.0,-40.0,-54.0,-60.0,2.580982863058227,-2.739227628714626,1.8556752012328905,2.634712138050576,2.2501432222456024,2.7596880668709685,-2.368532595764217,0.25883522292686395,0.5973194687874908,0.36162405309816176,0.5593579716611744,0.3479795785022174,0.5931997762015031,0.3497159656470096,-4.729352951049805,2.21242618560791,-0.89018577337265,-7.14,3.24,1.92
1740406265.154004,1d5ab4ef-0f65-dd99-0b6e-312f5d6add59,62a97708-2a9f-4745-e987-4cc34495a6ab,21,-67.0,-78.0,-70.0,-65.0,-43.0,-57.0,-57.0,2.6241899885836726,-2.5091020147081164,1.8456744987074252,2.7195013282043003,2.2757422030824865,2.7850215248101757,-2.321857429758642,0.29081459445459,0.42106281257250405,0.4537978227700264,0.4565465046206108,0.4980169261743148,0.7355410979125249,0.25619791660460933,-4.952031135559082,2.371548891067505,-1.1095929145812988,-7.14,3.24,1.92
1740406266.151615,1d5ab4ef-0f65-dd99-0b6e-312f5d6add59,3323c479-e7cb-87e1-5b89-b71972fcf263,32,-75.0,-74.0,-74.0,-69.0,-40.0,-58.0,-66.0,2.6730802998753473,-2.416602440566394,1.8612923406040858,2.7664310203014586,2.4827014473888114,2.9807125852205134,-2.3660379339706337,0.26951731186198313,0.3855590802371945,0.46459484375093923,0.48590858800803416,0.47436395987231705,0.5179890972413654,0.22797021592699002,-5.211340427398682,2.548816680908203,-1.2563302516937256,-7.14,4.44,1.92
1740406267.15427,1d5ab4ef-0f65-dd99-0b6e-312f5d6add59,99a4765c-34af-e160-2436-146e02d402f5,5,-65.0,-72.0,-76.0,-65.0,-36.0,-52.0,-50.0,2.735078157420174,-2.1787171740917204,1.9387983178086616,2.7890188874030746,2.683379759607312,2.888058956804428,-2.032334907177921,0.2806137886627185,0.3884798355837116,0.39552149982199014,0.4677240580317824,0.5607373903413904,0.4582225886666961,0.6378112688365746,-5.491443157196045,2.7319207191467285,-1.3535345792770386,-7.14,4.44,1.92
1740406268.152811,1d5ab4ef-0f65-dd99-0b6e-312f5d6add59,e8349335-64bd-00a9-b988-bfbe5ec3bbb8,29,-70.0,-77.0,-67.0,-66.0,-42.0,-56.0,-46.0,2.7843040270091985,-2.446012527432466,1.9849551605574791,2.7884798635984427,2.7792653944688306,2.6783586392088914,-2.1580781608435347,0.34280812091696583,0.2519524328923655,0.37254850633723496,0.43248184811551854,0.5118951113951508,0.3307914407848161,0.5836175104994754,-5.799930572509766,2.898648262023926,-1.4270931482315063,-7.14,4.44,1.92
1740406269.151666,1d5ab4ef-0f65-dd99-0b6e-312f5d6add59,ead2dd93-9507-9ecd-bde5-99f39e9740a5,35,-79.0,-75.0,-73.0,-70.0,-42.0,-55.0,-50.0,2.7791731808530518,-2.558565970898594,2.029621698360288,2.8271415057753413,2.7785125053237265,2.585070208471585,-2.1779283011735417,0.2807018394262593,0.28387309836281205,0.2950588742838492,0.43378077164769113,0.41107327045525377,0.4083211274353203,0.5035640688355347,-6.12235164642334,3.068049907684326,-1.3174819946289062,-7.14,4.44,1.92
1740406270.151887,1d5ab4ef-0f65-dd99-0b6e-312f5d6add59,69ec8df5-a844-8178-408a-15e22e7dd724,6,-62.0,-70.0,-75.0,-67.0,-38.0,-55.0,-48.0,2.7874881024084974,-2.5190923309053304,2.0628765908921074,2.8879505282095566,2.8247838329942283,2.7409532687067104,-2.0994082011093926,0.35376756143485993,0.20896754815988708,0.4596891678649588,0.5141466842573896,0.48479717741924294,0.405576042568867,0.6603139303947013,-6.432366847991943,3.22097110748291,-1.052623987197876,-7.14,4.44,1.92
1740406271.151241,1d5ab4ef-0f65-dd99-0b6e-312f5d6add59,c72f53c4-057b-e8ea-f194-59bd6bfef607,29,-74.0,-72.0,-70.0,-71.0,-39.0,-51.0,-48.0,2.7909267760080074,-2.538641531203166,2.008683393237867,2.945745917554238,2.8289850128835585,2.6086450609132465,-2.091560102517749,0.30207044480180983,0.2532714632907681,0.41533152345908536,0.5422748252432383,0.570602109408092,0.3037886971074553,0.6177812823176116,-6.707571506500244,3.350611686706543,-0.7481103539466858,-5.94,4.44,1.92
1740406272.150632,1d5ab4ef-0f65-dd99-0b6e-312f5d6add59,6045ece1-8958-497c-dbe9-b996fd7c03af,11,-67.0,nan,nan,nan,-34.0,-50.0,-50.0,2.77191500161815,nan,nan,nan,2.7334974317422844,2.715874047092615,-1.6947300526336877,0.2754754357212493,nan,nan,nan,0.7426053334913802,0.4344732636584483,0.8661612312980781,-6.821928024291992,3.4397518634796143,-0.571550726890564,-5.94,4.44,1.92
1740406273.152497,1d5ab4ef-0f65-dd99-0b6e-312f5d6add59,69a59255-91ed-18c3-e7bc-5d9e663d5085,31,-67.0,-74.0,-78.0,-70.0,nan,-50.0,nan,2.7578231510261046,-2.6724784254689893,1.9708728973453582,2.9792372987908564,nan,2.8518607940733722,nan,0.18525331371997877,0.6012924390806983,0.41343595197419425,0.47867797249041455,nan,0.4372325831547362,nan,-6.99596929550171,3.502068519592285,-0.3872113525867462,-5.94,4.44,1.92
1740406274.151895,1d5ab4ef-0f65-dd99-0b6e-312f5d6add59,f301477c-4b30-694b-4681-1c9c46391611,15,-65.0,-69.0,-73.0,-64.0,nan,nan,nan,2.7078398784230613,-2.4196943705919765,1.9245083280315147,3.0413736407123673,nan,nan,nan,0.18668071812999082,0.5590200830978705,0.47939319769066896,0.578238918262482,nan,nan,nan,nan,nan,nan,-5.94,4.44,1.92
1740406275.1533,1d5ab4ef-0f65-dd99-0b6e-312f5d6add59,dc002311-897d-e00c-bc19-f53147fc166d,32,-73.0,-74.0,-83.0,-76.0,-38.0,-54.0,-55.0,2.65919031689393,-2.4077394404586103,1.8514801898837978,3.089819736734217,2.630080620729986,-2.67745737893433,-1.2949967136255078,0.1666666297743682,0.5135897174049132,0.429538522478763,0.426148950911851,0.9306772713889011,1.4927555168309459,0.6691455175878761,-7.06239652633667,3.6190764904022217,-0.1265101432800293,-5.94,4.44,1.92
1740406276.154304,1d5ab4ef-0f65-dd99-0b6e-312f5d6add59,24e3a2e8-0b86-32b4-e50d-35fcd084eeff,35,-69.0,-69.0,-86.0,-61.0,-45.0,-57.0,-56.0,2.573038653526521,-2.3921413059540164,1.833034603541691,-3.11579594369074,1.2306208956646267,-0.49745929597177696,-1.1273915223195496,0.14127863187885878,0.4562480308414402,0.4765418176905484,0.3647874889990125,1.218175533413279,1.2748463088773043,0.38056265523550026,-7.03884506225586,3.7601606845855713,0.1620640605688095,-4.74,4.44,1.92
1740406277.15226,1d5ab4ef-0f65-dd99-0b6e-312f5d6add59,c81e1e7a-98cb-1e6f-8935-fec91153700e,16,-63.0,-73.0,-89.0,-57.0,-45.0,nan,-63.0,2.579327442124634,-2.3072855367730396,1.8171898603201555,-3.0809330344927313,0.46815064816650015,nan,-0.9991002190175868,0.18591414385496832,0.4216840614757923,0.6023448537644701,0.40308950456020914,0.959930240727567,nan,0.7733025248401609,-6.932307243347168,3.885685443878174,0.36989012360572815,-4.74,4.44,1.92
1740406278.153705,1d5ab4ef-0f65-dd99-0b6e-312f5d6add59,0770caf4-da5f-5646-605d-b8a8e8707dc2,34,-66.0,-73.0,-75.0,-62.0,-47.0,-51.0,-54.0,2.5349107088320744,-2.3054032145145715,1.7573092158419419,-3.0970113369418666,0.43750840846936934,-2.8507234552808782,-1.824057890121083,0.21580077010859644,0.3110626748014897,0.6050199990794549,0.4224874373081283,0.7534140492339386,1.0641047136703283,0.7518794143120988,-6.8576483726501465,3.981769323348999,0.500187337398529,-4.74,4.44,1.92
1740406279.151329,1d5ab4ef-0f65-dd99-0b6e-312f5d6add59,52ed6194-bca5-5296-2a20-223679fb4c67,28,-65.0,-71.0,-86.0,-60.0,-47.0,-52.0,-58.0,2.552442298288066,-2.279093846105679,1.710825869543481,-3.1105564405621187,0.32776755441801825,-3.0052401723615483,-1.41569853202553,0.23975455588855732,0.2802398808456715,0.714706416474058,0.3728983458359305,0.6368716901490407,0.6935438400553402,0.7194419297638793,-6.656954288482666,4.109120845794678,0.6205602884292603,-4.74,4.44,1.92
1740406280.152109,1d5ab4ef-0f65-dd99-0b6e-312f5d6add59,e1b024db-cfa0-a35f-ea3f-759859afd415,19,-65.0,-75.0,-77.0,-60.0,-48.0,-46.0,-54.0,2.5070204880001103,-2.266936782045576,1.6278279215389435,-3.114193785978949,0.4645263500139591,3.1191359575734086,-0.8683033636733898,0.2269838329342731,0.3168822144155308,0.656092904042504,0.3917824882305461,0.6436185274079279,0.680555080468162,1.1776791705291623,-6.442548751831055,4.22173833847046,0.705231249332428,-4.74,4.44,1.92
1740406281.151487,1d5ab4ef-0f65-dd99-0b6e-312f5d6add59,90333fb5-ff21-37e0-40e8-4d00671a11ee,26,-68.0,-67.0,-74.0,-47.0,-46.0,-46.0,-58.0,2.449626170715595,-2.2449973946693946,1.5914464778873711,3.1034870794485037,0.6116027871701044,2.984893726207255,-1.0015038395305906,0.21642619684584474,0.3616329081087863,0.8165000899250204,0.5199722825629107,0.3952140841768,0.6746570446199532,0.7510919635502995,-6.249013423919678,4.299916744232178,0.8187901973724365,-3.54,4.44,1.92
1740406282.152552,1d5ab4ef-0f65-dd99-0b6e-312f5d6add59,15f799ee-dfc9-1ba5-d66a-e5c9f0b21738,31,-63.0,-66.0,-94.0,-42.0,-51.0,-53.0,-65.0,2.4271980932793835,-2.2089802714549447,1.4618725055784378,3.092761464474318,0.36588644878748683,3.0294877778841944,-1.2238426666906848,0.2842435440704421,0.31019115533476127,0.7188409740664059,0.551540861492492,0.5282042826254162,0.6776007658417098,0.779125191309955,-6.00083875656128,4.360823154449463,0.8639327883720398,-3.54,4.44,1.92
1740406283.151036,1d5ab4ef-0f65-dd99-0b6e-312f5d6add59,12305e7a-2547-5e4c-0f05-b817150c6d5f,33,-65.0,-70.0,-81.0,-43.0,-52.0,-51.0,-57.0,2.45976375972109,-2.200323133699424,1.423360533054802,3.1144103009755724,0.38190458662892907,-2.913906217315063,-1.0661807847443534,0.3356543708863087,0.28064964146889376,0.6522792573615106,0.6041448843452548,0.5931997760977545,1.000473779088219,0.6775582050879003,-5.833179473876953,4.45068120956421,0.897648513317108,-3.54,4.44,1.92
1740406284.153172,1d5ab4ef-0f65-dd99-0b6e-312f5d6add59,43a17876-8eb8-a53f-630a-d1e7ad8ae2c4,34,-65.0,-72.0,-91.0,-43.0,-53.0,nan,-61.0,2.4845854863450647,-2.189973290755049,1.425686005318659,3.1133029585943177,0.38639202121934024,nan,-1.0421844522617356,0.4432211117902904,0.2596377165870889,0.6524026948780357,0.740250392385662,0.6093811354508145,nan,0.660313930332833,-5.565453052520752,4.5454740524292,0.9101678729057312,-3.54,4.44,1.92
1740406285.153924,1d5ab4ef-0f65-dd99-0b6e-312f5d6add59,1a6a1697-ef6e-6b78-b685-7d76d0097589,16,-75.0,-68.0,-68.0,-40.0,-50.0,-48.0,-63.0,2.478873005806845,-2.1456130164775993,1.3276007171066047,3.064905332104307,0.4481272947799622,0.5334502376881562,-0.9722544445671115,0.517778403746417,0.27124785058307344,0.6462971983419473,0.7986549798296992,0.44687647973151495,1.3287796759837758,0.4837721533333602,-5.338062286376953,4.5748515129089355,0.8343600034713745,-3.54,4.44,1.92
1740406286.152008,1d5ab4ef-0f65-dd99-0b6e-312f5d6add59,85381e0b-06ae-77a5-7ae5-73667c3fb6d8,26,-69.0,-66.0,-78.0,nan,-57.0,-45.0,-58.0,2.483914369750365,-2.1498530352491145,1.3169898843754018,nan,0.10514124105950282,2.5736240335704066,-0.9702036084822931,0.471018421589724,0.26338446799045095,0.6622758985663137,nan,0.5908474522594271,1.1043274535864307,0.4157872926045881,-5.0566253662109375,4.57405138015747,0.7962788939476013,-2.34,4.44,1.92
1740406287.152577,1d5ab4ef-0f65-dd99-0b6e-312f5d6add59,987a6e5f-769e-81e2-296b-e99b7f1ee640,31,-68.0,-85.0,-90.0,nan,-48.0,-46.0,-59.0,2.5144459137514694,-2.0672953077727674,1.2396050810004244,nan,-0.02105150228656493,2.8953644980387305,-0.8556774105529494,0.4273396502352255,0.1744378170590035,0.5895497628862119,nan,0.5933092182668362,0.963106821202818,0.40256603748550707,-4.77058458328247,4.576324462890625,0.778115689754486,-2.34,4.44,1.92
1740406288.151948,1d5ab4ef-0f65-dd99-0b6e-312f5d6add59,d290abc1-6bd9-7c12-6c6e-c313c809e3b6,30,-69.0,-69.0,-72.0,nan,-53.0,nan,-61.0,2.6404832081327774,-1.9925563549407832,0.8815752966884609,nan,0.4164002034356015,nan,-0.7340021926123229,0.41428926207696926,0.1906572670459131,0.5112008951966257,nan,0.38668434166050236,nan,0.404985438453239,-4.40144395828247,4.571805477142334,0.770687997341156,-2.34,4.44,1.92
1740406289.152667,1d5ab4ef-0f65-dd99-0b6e-312f5d6add59,81a02842-54d1-2600-ebb4-723349626392,32,-67.0,-69.0,-73.0,nan,-52.0,-48.0,-59.0,2.442182635468823,-1.8480116888800786,0.7186444327779581,nan,0.604717735745643,3.033231972693042,-0.679813296350263,0.42604678539453283,0.18351465235756376,0.4269717012411174,nan,0.2909289140754718,0.8697665747500811,0.36253939602584684,-4.114225387573242,4.538740158081055,0.7028895020484924,-2.34,4.44,1.92
1740406290.153375,1d5ab4ef-0f65-dd99-0b6e-312f5d6add59,57c6a907-c593-329e-44d5-0b0d48b09f9b,8,-70.0,-75.0,-73.0,nan,-50.0,-37.0,nan,2.2756865978070313,-1.814312847394543,0.7087049829575643,nan,0.6168872681467341,0.7667225871963718,nan,0.3190003262990117,0.1381029620817506,0.3390464724562562,nan,0.2590751733522988,1.2146106532236285,nan,-3.819383382797241,4.536314964294434,0.7293421626091003,-2.34,4.44,1.92
1740406291.153277,1d5ab4ef-0f65-dd99-0b6e-312f5d6add59,0e1c2f1f-ad67-f8ac-820c-703b5ccd555a,35,-66.0,-70.0,-92.0,-68.0,-62.0,nan,-55.0,1.2623455472325023,-1.8729298219355142,0.7019291021960758,0.04271550598821693,0.03952961525801297,nan,-0.728907046360238,0.24630386822030745,0.17401880195099315,0.3362954603397179,0.5265841458907641,0.4883683153732663,nan,0.2650967402467875,-3.487370014190674,4.543062210083008,0.696381688117981,-1.14,4.44,1.92
1740406292.15307,1d5ab4ef-0f65-dd99-0b6e-312f5d6add59,d20aa88a-00e1-0e9d-722d-5a1c13dd9ac8,17,-73.0,-63.0,-72.0,-69.0,-56.0,-29.0,-60.0,1.2627900288184364,-1.8459249690079471,0.45431371036268836,0.022450980621585993,-0.371834497753828,1.865871371604225,-0.758046870233508,0.23376573909772802,0.2137537812709775,0.2952917011421494,0.3892173647580954,0.4599397101551379,1.2785662748168438,0.23171228239050845,-3.207756757736206,4.558001518249512,0.782979130744934,-1.14,4.44,1.92
1740406293.152729,1d5ab4ef-0f65-dd99-0b6e-312f5d6add59,4588efb5-7f7e-b1fa-60ca-291f5a5aee37,20,-75.0,-64.0,-79.0,-70.0,-62.0,nan,-57.0,1.3302606824033758,-1.8335475283676401,0.8919672175780591,0.10848839437823089,-0.608499778895821,nan,-0.7355696329096587,0.26822957360638894,0.20409008513670462,0.2991754888283529,0.2932887376863008,0.6531171677713057,nan,0.2910573865257356,-2.9808523654937744,4.55791997909546,0.8546874523162842,-1.14,4.44,1.92
1740406294.152601,1d5ab4ef-0f65-dd99-0b6e-312f5d6add59,9fc62922-6a9e-ad4d-3fc4-dff0f6a303b5,7,-80.0,-64.0,-71.0,-64.0,-52.0,nan,-57.0,1.3966330483547666,-1.6651578500127477,0.9225275237189363,0.1832529135566794,nan,nan,-0.5275032287937537,0.17342857887440438,0.22780859727911384,0.29363701257785596,0.2636556443684483,0.6457718231777206,nan,0.44667431919321876,-2.7368392944335938,4.553467750549316,0.8908414244651794,-1.14,4.44,1.92
1740406295.154206,1d5ab4ef-0f65-dd99-0b6e-312f5d6add59,b620a006-d93c-0b6d-cfe3-c3b71e95c3e2,12,-72.0,-75.0,-72.0,-69.0,-51.0,-42.0,-55.0,1.4031199761379816,-1.6342056597174652,0.9072452401196257,0.22588532891888585,0.29213914278896336,2.124380782295491,-0.206859484216416,0.11200732899509348,0.36074534309649015,0.32021882236626387,0.24064117214971514,0.5735084445585193,1.1570183880028977,0.7049317573390648,-2.455185651779175,4.515570640563965,0.9576284885406494,-1.14,4.44,1.92
1740406296.152855,1d5ab4ef-0f65-dd99-0b6e-312f5d6add59,51faf38c-7d50-8156-a65b-d69250ac23b9,27,-73.0,-69.0,-81.0,-67.0,-47.0,-33.0,-53.0,1.4950767980495459,-1.6317960315631614,0.8593482879145505,0.1513226773510654,0.5636090123807617,2.5840737636899,-0.4518388435013445,0.1199244491850867,0.28717811456511405,0.3741142120316062,0.22550950695480523,0.3599679798371294,0.8266574034313661,0.46259247746935056,-2.2308573722839355,4.475204944610596,0.9380221366882324,-2.34,4.44,1.92
1740406297.152237,1d5ab4ef-0f65-dd99-0b6e-312f5d6add59,43fe2a2e-f8be-78d0-0604-a9c9019621ff,18,-73.0,-78.0,-69.0,-61.0,-50.0,-39.0,-54.0,1.52150121501753,-1.6975129935702837,0.8950199991356169,0.08794663394212271,-0.14846002494885707,2.7566999405438812,-0.6216772593296588,0.13286643836459824,0.06315104790872299,0.3562908399886827,0.14617923111401127,0.3455259900549446,0.6781999928410479,0.4857217718907823,-2.062877655029297,4.42595338821411,0.954357147216797,-2.34,4.44,1.92
1740406298.157536,1d5ab4ef-0f65-dd99-0b6e-312f5d6add59,2b3294a2-c850-4adb-3378-3f7a484a6356,17,-70.0,-83.0,-74.0,-58.0,-50.0,-42.0,-63.0,1.420478992755336,-1.756229037703806,0.9664579637964474,0.07320710257297015,-0.48954712061429717,2.813825099091688,-0.7517579886968928,0.16418979009205364,0.18492621095908982,0.2516355333674029,0.15558078897323627,0.26354532580090806,0.6368716902616456,0.534174705874271,-1.942275881767273,4.39432430267334,0.9819197058677673,-2.34,4.44,1.92
1740406299.152393,1d5ab4ef-0f65-dd99-0b6e-312f5d6add59,3562fb19-e6f5-9100-9346-70d84b94379b,6,-69.0,-72.0,-75.0,-54.0,-50.0,-40.0,-50.0,1.360954679230975,-1.7835687831384504,0.9580668758338258,0.08329036309222818,0.18141606153233214,2.8746129653319152,-0.8208811525955748,0.20952839324070094,0.3294192449841606,0.15745968241180078,0.1654391455384371,0.27489907727796176,0.663106792028618,0.4167006953268758,-1.8761353492736816,4.37127685546875,1.0585609674453735,-2.34,4.44,1.92
1740406300.15345,1d5ab4ef-0f65-dd99-0b6e-312f5d6add59,8260ed26-be52-1e6e-ad68-4430d3881d61,33,-68.0,-80.0,-74.0,-61.0,-51.0,-45.0,-55.0,1.2852519284004915,-1.8073851664509197,0.9573859055430926,0.08979566668696473,0.4874046691000955,2.863612455288621,-0.7429474111497854,0.30100178483538836,0.17287866939881663,0.16330653607177206,0.22436303275028296,0.2481331162549293,0.6098205370210883,0.31685361165161896,-1.805498480796814,4.34702205657959,1.0517547130584717,-2.34,4.44,1.92
1740406301.152083,1d5ab4ef-0f65-dd99-0b6e-312f5d6add59,aa45f76a-d2e9-934a-9b00-93d03a773b72,9,-68.0,-74.0,-71.0,-50.0,-47.0,-43.0,-61.0,1.445650658746547,-1.808606758442939,1.041934079618165,0.16770244963559772,0.6625111916064436,2.703579051520981,-0.8775094269964345,0.38013368846448503,0.16277947984728852,0.15459475357963443,0.5660469667920991,0.20820303824741412,0.3995699034231803,0.31479418476561893,-1.73821496963501,4.317307949066162,1.1238176822662354,-3.54,4.44,1.92
1740406302.153628,1d5ab4ef-0f65-dd99-0b6e-312f5d6add59,357793e2-cf72-52d4-6188-3ed247edf792,31,-72.0,-74.0,-77.0,nan,-55.0,-48.0,-51.0,1.3734427742145747,-1.8795527040923778,1.1038549718074886,nan,0.19537204866491242,1.8503823584611,-0.9520102270592262,0.3632154915865659,0.1664491993161201,0.14621979438636454,nan,0.4635131905001543,1.152158540572049,0.38579950850227085,-1.7595336437225342,4.28331184387207,1.0914117097854614,-3.54,4.44,1.92
1740406303.153905,1d5ab4ef-0f65-dd99-0b6e-312f5d6add59,0162271b-25f3-2f20-c464-3648d770e0c0,32,-71.0,-72.0,-74.0,nan,-47.0,-53.0,-50.0,1.4115265104349257,-1.9736018385143625,1.137707477687922,nan,0.18877145683570606,0.8021251017436108,-0.9739318530864988,0.3278974814477757,0.25277080565059007,0.17177735241952793,nan,0.5851306605024931,1.0226217722441544,0.454473341253017,-1.8316400051116943,4.250232219696045,1.0523699522018433,-3.54,4.44,1.92
1740406304.153774,1d5ab4ef-0f65-dd99-0b6e-312f5d6add59,9f61598f-b915-801a-60a1-f82cda836868,23,-72.0,-73.0,-68.0,nan,-47.0,-48.0,-47.0,1.3341941713334229,-2.0566884697831993,1.1633851442862475,nan,-0.1470360760534127,1.9923000999163365,-1.037229631949743,0.3576215550063681,0.18114229181376437,0.15143274912786966,nan,0.58839273659398,1.3601300022132345,0.5293811299995167,-1.9667237997055054,4.27470350265503,1.0625759363174438,-3.54,4.44,1.92
1740406305.163932,1d5ab4ef-0f65-dd99-0b6e-312f5d6add59,4467c22b-c142-9e5a-e9fd-26f9874a8d66,18,-79.0,-71.0,-76.0,nan,-57.0,-50.0,-55.0,1.2022915309673243,-2.0506116688078566,1.1975955790171875,nan,0.02105150228656493,2.939919704802314,-1.0240266069477943,0.36272663507896824,0.21284472787763573,0.14198059120793322,nan,0.5933092182668362,1.2150981386252147,0.621134489736626,-2.1498055458068848,4.32512903213501,1.053823709487915,-3.54,4.44,1.92
1740406306.150798,1d5ab4ef-0f65-dd99-0b6e-312f5d6add59,604a4d02-5528-db46-d783-3f53d17d62d8,7,-74.0,-75.0,-67.0,nan,-43.0,-45.0,-58.0,1.8648732270058064,-2.1377654796934626,1.1769347752803532,nan,0.41935039322998136,3.035407393382473,-1.9111832053268718,0.25883815240406305,0.25244520091781425,0.30183698544275084,nan,0.4026359190855017,0.8524135924477713,0.7422643084543175,-2.368248462677002,4.360797882080078,1.069375991821289,-3.54,4.44,1.92
1740406307.15494,1d5ab4ef-0f65-dd99-0b6e-312f5d6add59,12169af3-beb5-417c-a344-14c3ae4c0a2b,12,-68.0,-79.0,-69.0,nan,-45.0,-53.0,-60.0,2.2659777777370387,-2.1183330590094274,1.203052928722978,nan,0.3000591645351725,-3.116004241475428,-1.8897112269403862,0.21792440805133925,0.15872523320656326,0.2901018992573712,nan,0.50403527555097,0.8201414358616224,0.5919481814305055,-2.61693525314331,4.38963794708252,1.0725657939910889,-4.74,4.44,1.92
1740406308.152326,1d5ab4ef-0f65-dd99-0b6e-312f5d6add59,067d0271-54cd-513c-5a2d-677d51d4ce64,9,-66.0,-75.0,-65.0,nan,-43.0,-51.0,-49.0,2.5775814737139777,-2.1322138540850837,1.2100487865905072,nan,0.40679046584288797,3.04302169951697,-1.2410606850586898,0.442929728677522,0.14506313359067272,0.42224275938297734,nan,0.4376770714873729,0.782965171051727,0.6069415971612575,-2.916722536087036,4.390517711639404,1.0186893939971924,-4.74,4.44,1.92
1740406309.154622,1d5ab4ef-0f65-dd99-0b6e-312f5d6add59,8d826be0-2a8b-5440-b394-241b7b85c096,0,-73.0,-75.0,-69.0,nan,-43.0,-51.0,-52.0,2.5944099886421887,-2.161323536380195,1.1665332670108304,nan,0.47320870158888817,2.9316071525459098,-0.9833161761830159,0.4812776171884954,0.15975387917760636,0.5106405328137594,nan,0.5407041055743448,0.7220073747518821,0.4353266577845254,-3.13845705986023,4.356112003326416,0.9631341695785522,-4.74,4.44,1.92
1740406310.152281,1d5ab4ef-0f65-dd99-0b6e-312f5d6add59,d632d93d-10db-d3f0-2a36-d4fbff357ded,2,-71.0,-75.0,-68.0,nan,-44.0,-47.0,-58.0,2.605986749900763,-2.202604663805295,1.2231499412570428,nan,0.49410007199479905,2.713562864289825,-1.4949974538135806,0.5294851272661873,0.16149200790780338,0.5727034713577249,nan,0.6025186066306616,0.669145517661204,0.6243441822868295,-3.4442203044891357,4.315192699432373,0.8135704398155212,-4.74,4.44,1.92
1740406311.153159,1d5ab4ef-0f65-dd99-0b6e-312f5d6add59,4d025bbe-8df1-d655-8ef9-93f5836be211,5,-66.0,-72.0,-68.0,-65.0,nan,-47.0,-56.0,2.5949623282522714,-2.1772565633918664,1.2327793991265514,-3.1283604713976256,nan,2.7334974317422844,-1.7639064815648007,0.5756280882878226,0.19517087568516342,0.4153017959234174,0.33380230879572664,nan,0.7426053334913802,0.693515135868681,-3.7363619804382324,4.261478424072266,0.27948197722435,-5.94,4.44,1.92
1740406312.152371,1d5ab4ef-0f65-dd99-0b6e-312f5d6add59,e7a88a3e-2e4d-a11e-ff28-6f7f8b7b2f7e,17,-68.0,-85.0,-74.0,-74.0,nan,nan,-53.0,2.5778994551481333,-2.1775299368777628,1.3627571066567405,-3.1015405750077645,nan,nan,-1.8840551817329958,0.321577234259286,0.14472326430130816,0.29470950083834446,0.3809621645900951,nan,nan,0.308895014914047,-3.95410680770874,4.2119402885437,0.25039610266685486,-5.94,4.44,1.92
1740406313.15251,1d5ab4ef-0f65-dd99-0b6e-312f5d6add59,91b9a320-1469-74b7-56d9-34c7b8b4d10d,36,-74.0,-81.0,-83.0,-69.0,nan,-57.0,-53.0,2.615775997435676,-2.2116542183474386,1.4999695576042393,3.140992909712307,nan,-0.8784836921568369,-1.9863600007623528,0.31323787820083915,0.15131174174583925,0.3391778661665379,0.4085347368830397,nan,1.4345840270341588,0.22899127889957743,-4.225384712219238,4.181585311889648,0.307951956987381,-5.94,4.44,1.92
1740406314.151989,1d5ab4ef-0f65-dd99-0b6e-312f5d6add59,83a0d6ff-fe79-38af-d482-f284e7bfa9cd,33,-71.0,-81.0,-76.0,-81.0,nan,-57.0,-53.0,2.666587513137734,-2.2336543257964743,1.5515970658642975,-3.0699435002545195,nan,-2.750185591497637,-1.9927852303606468,0.2798776909374207,0.14321499966269857,0.2934450985318021,0.37046781186706973,nan,0.9944073855980782,0.17213405354130762,-4.478278160095215,4.09879970550537,0.35939115285873413,-5.94,4.44,1.92
1740406315.155029,1d5ab4ef-0f65-dd99-0b6e-312f5d6add59,552093f3-e2fa-ca97-d1a4-bfaa8aeb0710,0,-72.0,-75.0,-85.0,-69.0,nan,-52.0,-51.0,2.775021845345836,-2.279732205818971,1.5328185843859305,-3.118301978276505,nan,-3.0259181632134684,-2.895751979601771,0.1694327553300926,0.22005831580903568,0.36295862969942777,0.3204757841219429,nan,0.9217987876599512,1.426900338889524,-4.71598243713379,4.053617477416992,0.43204906582832336,-5.94,4.44,1.92
1740406316.154589,1d5ab4ef-0f65-dd99-0b6e-312f5d6add59,ba0fa033-0ea6-6ba0-02bf-8fc04ddd49c6,20,-72.0,-73.0,-81.0,-69.0,-45.0,-62.0,-61.0,2.7386547827641503,-2.2649734996899697,1.6038280464273675,-2.9707649844149873,1.8782121286937676,3.141592653589793,-1.976725717324673,0.18308220493080532,0.34454889616349615,0.15611952981700247,0.4228983297748139,1.1853259067292816,0.6108652382553732,1.189339934872027,-4.946932315826416,4.048346042633057,0.4547843337059021,-7.14,4.444,1.92
1740406317.154458,1d5ab4ef-0f65-dd99-0b6e-312f5d6add59,eb50cd9a-7805-8ed9-9432-fa0c7e97cb37,9,-67.0,-78.0,-63.0,-67.0,-43.0,-57.0,-52.0,2.784463816674603,-2.27967068679779,1.6998642984967147,-2.911351724708083,2.9509564797363836,0.7857028412461103,-2.2812695397274183,0.19781397984328303,0.19958759519500535,0.2109120219402948,0.5443546874755631,0.9864561219498538,1.5214359743304986,0.9286820993818117,-5.15526580810547,4.045093536376953,0.45686718821525574,-7.14,4.444,1.92
1740406318.153027,1d5ab4ef-0f65-dd99-0b6e-312f5d6add59,05e5d077-91cb-623a-c17f-ad7b677f2679,21,-67.0,-72.0,-70.0,-74.0,-45.0,-55.0,-47.0,2.7684933722496163,-2.304902007597419,1.7348294730805829,-2.8625940388386937,2.926996510529304,-2.7227082512686533,-2.396606868289403,0.4415939869432792,0.15238847441931505,0.47057447263600793,0.5200244805202762,0.6173244042179151,0.8810738906359561,0.6009208751654301,-5.29173994064331,4.108080863952637,0.514645516872406,-7.14,4.444,1.92
1740406319.156422,1d5ab4ef-0f65-dd99-0b6e-312f5d6add59,4b1674da-7917-0f15-fdda-3c12fb58e471,23,-68.0,-77.0,-72.0,-70.0,-48.0,-54.0,-49.0,2.75712646808494,-2.2771593258898455,1.9123946734971804,-2.8563875419182643,3.101687045897026,-2.6922332059215135,-2.459112386092514,0.3587695105942467,0.13580268165732987,0.5749291416597314,0.4232930102483637,0.5058078446186874,0.6642818233533492,0.6940511197562148,-5.425133228302002,4.218683242797852,0.6002148985862732,-7.14,4.444,1.92
1740406320.154082,1d5ab4ef-0f65-dd99-0b6e-312f5d6add59,52fc7182-c4d3-d516-3391-6cb9e5497e97,23,-69.0,-82.0,-67.0,nan,-47.0,-49.0,-57.0,2.7425824127397993,-2.2905734019844655,1.9506792120637233,nan,2.953662027235159,-2.7124464883725117,-2.409852649588311,0.3114555576413036,0.17205273992099898,0.5693479549632523,nan,0.3778419231336636,0.4503564304369082,0.4955644321181184,-5.512005805969238,4.347501754760742,0.7172800302505493,-7.14,4.444,1.92
1740406321.154645,1d5ab4ef-0f65-dd99-0b6e-312f5d6add59,625d8d92-b917-4b64-bc4a-f8e1c9e7ac7f,0,-80.0,-72.0,-62.0,nan,-45.0,-58.0,-50.0,2.8867158867281955,-2.287521952007453,1.9851053628429598,nan,-2.952330657780018,-2.8155367438732584,3.026138696834654,0.2959057928000081,0.20310584737683862,0.5172937417175363,nan,0.3949857593674716,0.5344770481802276,0.4337793477351675,-5.622522354125977,4.53452444076538,1.1575850248336792,-7.14,5.64,1.92
1740406322.153696,1d5ab4ef-0f65-dd99-0b6e-312f5d6add59,0970a76a-188a-8ea5-94da-17e5d2272c78,29,-69.0,-77.0,-67.0,nan,-45.0,-58.0,-59.0,2.900526507509128,-2.2744373089396754,2.025548127156903,nan,-2.640751579957161,-2.8186450717071256,2.6518752721264804,0.30868480484318517,0.2665867361089463,0.4794163006131254,nan,0.4203105117859497,0.39950697210177005,0.9000516196186734,-5.716998100280762,4.74607753753662,1.1283366680145264,-7.14,5.64,1.92
1740406323.154333,1d5ab4ef-0f65-dd99-0b6e-312f5d6add59,498d851c-c273-370d-0406-eb76c9c9812c,16,-75.0,-74.0,-66.0,nan,nan,nan,nan,2.872818979527944,-2.3128131939316083,2.078428386393734,nan,nan,nan,nan,0.19840949595253837,0.22542411935235457,0.3907418913241113,nan,nan,nan,nan,nan,nan,nan,-7.14,5.64,1.92
1740406324.154131,1d5ab4ef-0f65-dd99-0b6e-312f5d6add59,8c503069-354b-a178-03c1-10423ad52efc,34,-72.0,-78.0,-68.0,nan,-47.0,-61.0,-57.0,2.909286176966617,-2.2844981989057764,2.1194059134545657,nan,-2.5535900499806874,-2.701508721627129,-2.846128511242785,0.21447729556012476,0.2577534635368306,0.4044275099813786,nan,0.44783239696496147,0.3019905957684253,0.5902139198998597,-5.718456745147705,4.97103452682495,1.0781075954437256,-7.14,5.64,1.92
1740406325.154113,1d5ab4ef-0f65-dd99-0b6e-312f5d6add59,43ad64d6-cfd1-08e9-c7fc-47edee5bf719,34,-76.0,-74.0,-67.0,-72.0,-46.0,-63.0,-64.0,2.905120460389515,-2.301205007372171,2.16291930250537,-2.6752257424495154,-2.4438683083637316,-1.982091281034298,-3.071864342024168,0.23121554597213856,0.3345972956706289,0.409255488142556,0.5991924699821437,0.35767653882915795,0.7316857331272797,1.0461433949010726,-5.67548418045044,5.163984775543213,1.0314949750900269,-7.14,5.64,1.92
1740406326.154847,1d5ab4ef-0f65-dd99-0b6e-312f5d6add59,4a0435b8-814a-a54c-9736-8c88d7dfd589,15,-69.0,-82.0,-56.0,-77.0,-51.0,-53.0,-63.0,2.9264827407574767,-2.3133847083015393,2.2813948172875076,-2.2086903863702894,-2.2915673874288753,-2.217304759402123,-1.5350288510036534,0.15147609207461074,0.2754640174180756,0.3312032300193774,0.5235030682466242,0.43288039502454456,0.48239679065902946,1.1166985499641484,-5.66702938079834,5.363290786743164,0.9655049443244934,-7.14,6.84,1.92
1740406327.152403,1d5ab4ef-0f65-dd99-0b6e-312f5d6add59,4d68ca3c-5c79-39d0-2ea3-cc05a5f6a9c9,35,-67.0,-79.0,-58.0,-71.0,-53.0,nan,-56.0,3.088354465502455,-2.068101979266952,2.3743631077810834,-2.021819701630792,-2.2515416013777054,nan,-2.097038448479878,0.11610961240398111,0.27872222856421935,0.39544713104854967,0.4222237510706968,0.38800024491931445,nan,0.8455448410742525,-5.6642279624938965,5.56743621826172,0.9687219262123108,-7.14,6.84,1.92
1740406328.151418,1d5ab4ef-0f65-dd99-0b6e-312f5d6add59,3ec8dad1-47b0-85a6-a0f0-66bcfd7aa1c1,14,-69.0,-72.0,-56.0,-66.0,-50.0,-56.0,-57.0,-3.0987160263556266,-2.1384216825860585,2.4507921026408312,-2.132799483208792,-2.2741561181541528,-2.6934653587137394,-2.3569606226810844,0.12190317787501556,0.32329144447394276,0.3363900025584158,0.3516288100529309,0.38408343190893957,0.446876479809411,0.5514842793772273,-5.63854455947876,5.778719902038574,0.917129635810852,-7.14,6.84,1.92
1740406329.152649,1d5ab4ef-0f65-dd99-0b6e-312f5d6add59,5e0b0ba2-a0f6-599d-40e5-715aa54b59bb,16,-66.0,-75.0,-57.0,-66.0,-49.0,-53.0,-56.0,-2.993074284866581,-2.0297615143175176,2.5380505757572775,-2.200219004100802,-2.3114663874917536,-3.0668305025126865,-2.417205047704498,0.09626246263681443,0.4017145810684285,0.27608163776437855,0.33169984298364996,0.34448245200353755,0.3655842370798341,0.3789537379557923,-5.48459529876709,5.81695318222046,0.95813250541687,-7.14,6.84,1.92
1740406330.153797,1d5ab4ef-0f65-dd99-0b6e-312f5d6add59,1b9f871f-92c0-cd1b-4af3-b398ec7c6c1d,14,-69.0,-68.0,-54.0,-75.0,-50.0,-48.0,-56.0,-2.982591283867702,-2.0132989177230836,2.654964412876192,-2.242548884363176,-2.214821185650664,-2.9948810388490705,-2.4378202227740187,0.0978093098217165,0.423710693775829,0.3145435262147641,0.2902859236886956,0.23798774610259443,0.3109987867287415,0.31298535965479973,-5.34604024887085,5.81816291809082,0.95401269197464,-7.14,6.84,1.92
1740406331.15537,1d5ab4ef-0f65-dd99-0b6e-312f5d6add59,d280e5d0-4239-cbc1-c19a-80163663eac4,24,-72.0,-70.0,-53.0,-68.0,nan,-55.0,-58.0,-2.9708294329133675,-2.014161781916269,2.4544608733585247,-2.283230001594681,nan,-2.8321618178725565,-2.3775426119685887,0.15464052666087014,0.30983805346373033,0.32898751328194514,0.2717061972514329,nan,0.2833737722132306,0.25698993990212693,-5.17569637298584,5.797929763793945,0.991075575351715,-5.94,6.84,1.92
1740406332.153942,1d5ab4ef-0f65-dd99-0b6e-312f5d6add59,6e26f766-5a82-e824-fa38-4f509e12f915,11,-72.0,-72.0,-58.0,-75.0,-52.0,-52.0,-57.0,-3.0406796209322926,-2.070407477822634,2.4583901012308274,-2.234674449652029,-2.072193948859589,-2.6363441713747244,-1.7053283988915795,0.14116464858420338,0.2793697262490017,0.3460685624605226,0.26678351042398957,0.5844590001725288,0.24584225311388908,0.8295173207661171,-5.0541253089904785,5.765503883361816,1.0400464534759521,-5.94,6.84,1.92
1740406333.152836,1d5ab4ef-0f65-dd99-0b6e-312f5d6add59,797672ab-480c-644c-da07-6857800a2baf,13,-70.0,-71.0,-55.0,-78.0,-51.0,-51.0,-53.0,-3.07396194402334,-2.0669837179252277,2.4279043636004722,-2.1432918052714864,-1.914906352509352,-2.585112678520535,-1.3514263451105637,0.17494112121551483,0.21156492917104133,0.34788563727228367,0.30071835791637663,0.7210065267034491,0.22371259448487515,0.7971561573295404,-4.944326400756836,5.73401403427124,1.11209762096405,-5.94,6.84,1.92
1740406334.154279,1d5ab4ef-0f65-dd99-0b6e-312f5d6add59,ae2afeea-8d92-fc72-6bc1-685ca8b49339,34,-68.0,-73.0,-59.0,-73.0,nan,-51.0,-59.0,3.0472581614570062,-2.108300798025044,2.368703890464665,-2.1109732801789387,nan,-2.5496890175822196,0.10217517609873344,0.5356638274427393,0.2546248984015032,0.3823492387543492,0.33681401109347,nan,0.21880566124678832,0.8176961577215534,-4.830077171325684,5.678709030151367,1.14645254611969,-5.94,6.84,1.92
1740406335.153875,1d5ab4ef-0f65-dd99-0b6e-312f5d6add59,266c752d-9de3-91c3-af87-2652fde6b478,18,-69.0,-75.0,-57.0,-66.0,-53.0,-59.0,-58.0,3.0663146769531773,-2.110903638516433,2.315962115604518,-2.091489859960028,-1.6033291515562502,-2.585112678520535,-2.0888137327997565,0.6586345584078483,0.24460879947598563,0.4727795034395662,0.34346089498965787,0.7499236657140946,0.22371259448487515,1.1043274535553633,-4.855014324188232,5.7294440269470215,1.1524536609649658,-5.94,6.84,1.92
1740406336.151986,1d5ab4ef-0f65-dd99-0b6e-312f5d6add59,edca812c-9127-170d-0091-fa5c229fdd76,20,-81.0,-76.0,nan,-67.0,-50.0,-49.0,-60.0,3.0980398497548554,-2.0213934626983248,nan,-2.0626491569350147,-1.982091281034298,-2.4790814618576147,-1.7365421965430943,0.6637263892540255,0.27852378977349485,nan,0.2591920698681778,0.7316857331272797,0.20820303828000894,1.0035847076332047,-4.883925437927246,5.791093349456787,1.0696516036987305,-4.74,6.84,1.92
1740406337.153157,1d5ab4ef-0f65-dd99-0b6e-312f5d6add59,25a8f4a9-a044-f675-8bc5-32e21c9def99,9,-62.0,-76.0,nan,-80.0,-62.0,-49.0,-58.0,3.086199968180581,-2.0044897134693196,nan,-2.019923131460492,-1.5393830156101633,-2.45139431239955,-0.9664437344195802,0.5279790430907203,0.2747855937751347,nan,0.2427848503796608,0.732489919370699,0.4490217332231349,0.7000856601613333,-4.82729196548462,5.871867656707764,1.011238694190979,-4.74,6.84,1.92
1740406338.161504,1d5ab4ef-0f65-dd99-0b6e-312f5d6add59,473fc81c-5f78-e7b0-b801-befa7f3a813f,2,-61.0,-75.0,nan,-74.0,-56.0,-46.0,-59.0,3.035377799834163,-1.905927719422141,nan,-2.0490822153938244,-1.093956041029535,-2.455593980456505,-1.3130218842597352,0.4091370107635611,0.21802063139047514,nan,0.26563502220389285,0.5311480444385096,0.31735186190779513,0.6373081013244398,-4.7313385009765625,5.944208145141602,1.027573823928833,-4.74,6.84,1.92
1740406339.153293,1d5ab4ef-0f65-dd99-0b6e-312f5d6add59,0a96e5a0-79e5-3573-86ca-762f3c45878c,6,-61.0,-72.0,nan,-66.0,-60.0,-46.0,-62.0,2.9980147150047873,-1.9741029122734608,nan,-2.0516513668974237,-0.9795643556258375,-2.455593980456505,-1.453456027528581,0.27672703820980243,0.2577856378517501,nan,0.25064783349811975,0.3596124464220347,0.31735186190779513,0.6365263965948063,-4.745154857635498,6.12911558151245,0.989952802658081,-4.74,6.84,1.92
1740406340.153627,1d5ab4ef-0f65-dd99-0b6e-312f5d6add59,910f3273-bae6-6301-87d1-7d5052df0bdb,10,-60.0,-74.0,nan,-79.0,-61.0,-47.0,-63.0,3.011356619433866,-1.8804986589115735,nan,-1.8830618183027206,-0.9856367791309039,-2.451017300631591,-1.1747681769134735,0.22229575395410894,0.22488304824263455,nan,0.20068681493493554,0.33233470815300326,0.2594522846818733,0.40476935021514715,-4.731611728668213,6.34876012802124,0.964004158973694,-4.74,6.84,1.92
1740406341.156764,1d5ab4ef-0f65-dd99-0b6e-312f5d6add59,482d9168-d2a2-654b-861a-ff31e2f46c07,24,-66.0,-71.0,-69.0,-73.0,-58.0,-51.0,-58.0,3.0031391695743177,-1.9495075543421432,0.9200859376315518,-1.7886604808265727,-1.0824497987639303,-2.4479806014246033,-1.780105631658464,0.2103218487979764,0.18546861364935488,0.22994927945283317,0.11399786713998117,0.49491190448975847,0.27288993155899965,0.5969249170621478,-4.736184120178223,6.575115203857422,0.9503875970840454,-3.54,6.84,1.92
1740406342.153264,1d5ab4ef-0f65-dd99-0b6e-312f5d6add59,9205a65a-1576-a5fa-d9f2-1ae30d92cd94,18,-68.0,-71.0,-74.0,-67.0,-61.0,nan,nan,2.904700213569501,-1.8432126725957558,0.881647202037893,-1.7520135200143194,-1.034940973101408,nan,nan,0.23641273812894184,0.17033305358135076,0.2091775051223262,0.15808868777176385,0.30883525406941426,nan,nan,nan,nan,nan,-3.54,6.84,1.92
1740406343.155325,1d5ab4ef-0f65-dd99-0b6e-312f5d6add59,6351765a-7373-e795-f0c1-fffb982ca5db,9,-68.0,-73.0,-86.0,-63.0,-55.0,-57.0,-72.0,2.843268544072425,-1.8150026061168736,0.8660107180136017,-1.618205920520487,-0.9643447246911714,-2.4213826214484633,-1.188811179867283,0.22867980049546283,0.15303580565652933,0.1146599705988669,0.13746174779266518,0.23737069417371168,0.22588577192157872,0.7451735082975779,-4.674222946166992,6.75673532485962,0.9986854195594788,-3.54,6.84,1.92
1740406344.153887,1d5ab4ef-0f65-dd99-0b6e-312f5d6add59,5a89b51a-d87b-c193-b27c-f2c0ee36697d,14,-67.0,-82.0,-72.0,-65.0,-61.0,-48.0,-66.0,2.838335304469162,-1.769692515436647,0.8432020748576181,-1.5318595800773933,-0.01941809812749841,-2.3713728376801697,-0.5603798712722535,0.18604259144329424,0.12632692147223257,0.13237167296833194,0.1270582005404331,0.45371132278464493,0.20297934429046777,0.6515734813384433,-4.59163761138916,6.910154819488525,1.060589075088501,-3.54,6.84,1.92
1740406345.154948,1d5ab4ef-0f65-dd99-0b6e-312f5d6add59,84a5b87c-556c-2039-fd8c-a3c5a283d921,5,-65.0,-69.0,-71.0,-67.0,-57.0,nan,nan,2.8322121644908522,-1.7778349973115097,0.8120638627601936,-1.4960073065344195,-0.35334583510411255,nan,nan,0.13638085392998608,0.12747520163286907,0.19905123455146337,0.17195247190595747,0.3456874644143525,nan,nan,-4.4860358238220215,7.069222450256348,1.084228754043579,-3.54,6.84,1.92
1740406346.154167,1d5ab4ef-0f65-dd99-0b6e-312f5d6add59,ca7cc1aa-bfdb-cd3b-47e3-90fd1d3f6a12,12,-57.0,nan,-68.0,nan,nan,nan,nan,2.9398805715694474,nan,0.6568103596401713,nan,nan,nan,nan,0.16859109655708673,nan,0.11631013178930726,nan,nan,nan,nan,nan,nan,nan,-2.34,6.84,1.92
1740406347.15515,1d5ab4ef-0f65-dd99-0b6e-312f5d6add59,97c78e91-8c4a-b259-171f-9ff355f9106f,0,-58.0,-71.0,-70.0,-72.0,-60.0,-47.0,nan,2.865780777399083,-1.633004973540003,0.5447072567143759,-1.4687146990510693,-0.042604591355115067,-2.3888727449403135,nan,0.1289822428818529,0.044595735168515706,0.09484868196025381,0.19884948345413309,0.6104387542943515,0.20629867989440479,nan,-4.275921821594238,7.149988174438477,1.2030408382415771,-2.34,6.84,1.92
1740406348.154743,1d5ab4ef-0f65-dd99-0b6e-312f5d6add59,e13a3e90-509d-68fb-cb40-81e01cb57026,32,-60.0,-77.0,-75.0,-69.0,-62.0,-46.0,-63.0,2.8102426833943523,-1.525149878868993,0.45038821091591164,-1.4669747227528662,-0.41935039322998136,-1.5707963266424714,-0.38190458662892907,0.16253345369683564,0.04891262358818247,0.1725984882073834,0.21007094573377733,0.4026359190855017,0.8552113334772217,0.5931997760977545,-3.9946742057800293,7.1840972900390625,1.364810824394226,-2.34,6.84,1.92
1740406349.154338,1d5ab4ef-0f65-dd99-0b6e-312f5d6add59,63164372-2ea2-ccb4-742d-c73cdac63ba2,35,-59.0,-73.0,-69.0,-75.0,-65.0,-50.0,-62.0,2.747715922057036,-1.5770940369826614,0.46826707657804956,-1.4060417301699073,0.16697977129030844,-1.1509078794581897,-0.7043461422416132,0.24237507311168166,0.05857605756753551,0.19802866391665705,0.2327506253139739,0.34458840618920816,0.7898732289784173,0.6511591894898253,-3.75179648399353,7.16762113571167,1.471494436264038,-2.34,6.84,1.92
1740406350.154646,1d5ab4ef-0f65-dd99-0b6e-312f5d6add59,7b1e5e00-febf-c0a2-7481-0fa4dbba3193,15,-55.0,-68.0,nan,-72.0,nan,-50.0,-58.0,2.71014084960489,-1.5757526027415885,nan,-1.3666884650579156,nan,-1.8022047451707388,-0.6949772713942042,0.3067238860430462,0.047372072282544905,nan,0.24663663019851284,nan,0.8677367875159269,0.5089906099446901,nan,nan,nan,-2.34,6.84,1.92
1740406351.15483,1d5ab4ef-0f65-dd99-0b6e-312f5d6add59,83f56b86-b7c9-0b00-b5ca-2ab9fce4909b,22,-51.0,-70.0,-80.0,-77.0,-61.0,-48.0,-60.0,2.638194487491963,-1.5593896083719239,0.43148296296965705,-1.3430293414078152,0.7800177529092912,-1.7639064815648007,-0.6644915328253151,0.455163491777019,0.042006256255658396,0.22387389328181942,0.27265466542890776,0.8690897346849776,0.693515135868681,0.48813399235614524,-3.524789333343506,7.106284141540527,1.5203526020050049,-1.14,6.84,1.92
1740406352.154767,1d5ab4ef-0f65-dd99-0b6e-312f5d6add59,53e4d83e-a09b-5c37-23a0-4801acda2856,33,nan,-74.0,-71.0,-68.0,-64.0,nan,-65.0,nan,-1.446115380356766,0.40091626524216367,-1.3150798652415971,0.1137156288623339,nan,-1.7972815375513527,nan,0.09011643611788636,0.33435305050915504,0.3132953359013576,0.6949429339791989,nan,0.9051251337953894,-3.314798355102539,7.05629825592041,1.4928128719329834,-1.14,6.84,1.92
1740406353.15676,1d5ab4ef-0f65-dd99-0b6e-312f5d6add59,4d871400-9d85-e518-14d9-fcd2ea486655,14,nan,nan,-69.0,nan,nan,nan,nan,nan,nan,0.4033938040042644,nan,nan,nan,nan,nan,nan,0.33115955417750015,nan,nan,nan,nan,nan,nan,nan,-1.14,6.84,1.92
1740406354.154621,1d5ab4ef-0f65-dd99-0b6e-312f5d6add59,c9e7412c-cc77-5b89-f5b7-b0591059566d,15,nan,-69.0,-66.0,-68.0,-58.0,-63.0,-55.0,nan,-1.2885760860731286,0.3193106178555196,-1.2859185176213384,0.48262801645698233,-1.8409860957859305,-1.100861335657739,nan,0.10997212464529811,0.30409028604106686,0.31118454771087445,0.7422643083718755,0.6327538746192196,0.6089078645197797,-3.1670596599578857,7.004077434539795,1.4583145380020142,-1.14,6.84,1.92
1740406355.153761,1d5ab4ef-0f65-dd99-0b6e-312f5d6add59,b33676b6-8081-28e3-ee7e-9f6a132dbb8d,12,nan,-72.0,-67.0,-70.0,-56.0,-56.0,-57.0,nan,-1.2770720291123132,0.2938691736458836,-1.2133998421901537,0.540438499829721,-1.9808065581665832,-0.990823897083504,nan,0.10047262903698548,0.2790528766583095,0.3608933482740713,0.6069415971308182,0.6042727794713774,0.37890702927515907,-2.993443489074707,6.9422430992126465,1.3926527500152588,-1.14,6.84,1.92
1740406356.154568,1d5ab4ef-0f65-dd99-0b6e-312f5d6add59,8c3b12f6-1e0c-2754-fce2-c315918250ba,22,nan,-68.0,-71.0,-65.0,-57.0,-54.0,-56.0,nan,-1.2747620031827784,0.2759546216251386,-1.092681146821843,0.6660601242496793,-2.1611960776625416,-0.9246268135101892,nan,0.1668310966164374,0.21600952864854503,0.35199213180464495,0.38104125614956075,0.39720150935601894,0.28564830079931347,-2.842694044113159,6.89983081817627,1.3079122304916382,nan,nan,nan
