1743702249.35482,2c08d2cc-7a1c-9d34-25ea-6265acb43d72,471cab2a-a811-24da-6610-0590868830b1,0,-63.0,-72.0,-67.0,-77.0,nan,nan,-60.0,-3.094335126362446,-0.8780287650648023,2.99433902006826,0.29882505011841204,nan,nan,-1.8876230035827766,1.1856801968260096,1.0349505388706777,1.1595572496934223,0.718757483966232,nan,nan,1.1470296470286345,-3.2515249252319336,4.089457035064697,1.7161967754364014,-2.34,4.44,1.65
1743702250.362249,2c08d2cc-7a1c-9d34-25ea-6265acb43d72,999e68d9-4939-dc74-25ab-03d3882f4eea,3,-63.0,-73.0,-70.0,-77.0,-61.0,nan,-66.0,-3.123026159734197,-0.8954186743508018,2.9885066972809864,0.2844666171012499,-0.3656056355376244,nan,-1.407916223379067,1.2148423433945952,1.0350231100103822,1.1176711852267105,0.9071920434768513,0.6132381176525049,nan,1.163670107307985,-3.1253082752227783,4.096398830413818,1.656416416168213,-2.34,4.44,1.65
1743702251.334113,2c08d2cc-7a1c-9d34-25ea-6265acb43d72,2824e1d8-0b0c-0654-42d0-e60c7dbfbe3d,5,-63.0,-70.0,-73.0,-77.0,-60.0,-41.0,-66.0,-3.139391284632734,-0.8952245299073349,2.9737341427143167,0.2858762282662288,-0.5123398137226126,2.9074117661777077,-1.2229777901686196,1.1742702826097287,0.9738540281967882,1.1143753236406557,0.9380189986218729,0.6483919989456958,0.4601357233410053,1.1797083751554025,-3.172877550125122,4.090137004852295,1.584113597869873,-2.34,4.44,1.65
1743702252.362476,2c08d2cc-7a1c-9d34-25ea-6265acb43d72,cc8bdec4-e8f0-1957-7d52-a49d92eba3bf,5,-64.0,-71.0,-72.0,-79.0,-61.0,-41.0,-70.0,-3.1388581197824994,-0.9200888671087508,2.936315664134267,0.23301301326037394,-0.6121464538319855,2.93194345054196,-1.1483434514392619,1.1436441963899264,0.9943990510052317,1.0936560635178938,0.950005753530265,0.7030380372598757,0.41071366710700297,1.1280829192499784,-3.2386319637298584,4.097354888916016,1.5312042236328125,-2.34,4.44,1.65
1743702253.355318,2c08d2cc-7a1c-9d34-25ea-6265acb43d72,8540f8dc-4295-071e-a4cc-b25742a17589,3,-63.0,-74.0,-70.0,-81.0,-60.0,-42.0,-79.0,-3.1063379933954334,-0.9077742770701699,2.962716645284659,0.1916344141393768,-0.6799252280261912,2.9162370458377276,-1.0442275433755344,1.2124403052493982,0.9745227479465072,1.0944282470759623,1.2151748390566917,0.6108413591704274,0.37515907032583673,1.0809754638859752,-3.331087589263916,4.073523044586182,1.492883563041687,-2.34,4.44,1.65
1743702254.312687,2c08d2cc-7a1c-9d34-25ea-6265acb43d72,c50ecd57-e08a-0586-3210-8bce57bed3ad,15,-73.0,-90.0,-75.0,-74.0,nan,-42.0,-66.0,3.0994694346280096,-0.9477410013392615,2.932685775568489,0.13424941791867637,nan,2.9248999297668536,-0.7512065045995484,1.1550723532596743,0.9432470501578073,1.0377869385896663,1.28408999121689,nan,0.4789482776375342,0.6818398219838935,-3.428546905517578,4.039771556854248,1.44805908203125,-2.34,4.44,1.65
1743702255.353516,2c08d2cc-7a1c-9d34-25ea-6265acb43d72,66f159ff-9c57-12f0-dcfb-a74ea5248bb4,3,-63.0,-73.0,-70.0,-78.0,-60.0,-42.0,-69.0,3.1008622678781212,-0.9102820427106431,2.885879654145911,0.09274378601368244,-0.684246476130501,2.911225937016371,-0.6826071770732132,1.190586139028099,0.9108907081777805,1.0406761354772662,1.263736649427905,0.576526052673547,0.4261662925744763,0.8366513898819922,-3.510922431945801,4.029633045196533,1.4148255586624146,-2.34,4.44,1.65
1743702256.354975,2c08d2cc-7a1c-9d34-25ea-6265acb43d72,6df093e9-a401-baa7-5218-408ce28964e9,30,-77.0,-87.0,-71.0,-75.0,nan,nan,-72.0,-3.064314642974528,-0.9449022047752916,2.864473697936072,0.1349618135102726,nan,nan,-0.7072715593519646,1.2347346919988877,0.9470886600302467,1.0761925178277538,1.344582630113604,nan,nan,0.4891166663534025,-3.472926378250122,4.05046558380127,1.4216731786727905,-2.34,4.44,1.65
1743702257.363362,2c08d2cc-7a1c-9d34-25ea-6265acb43d72,af439162-54c6-7c59-3c99-0edb2e0fd414,7,-67.0,-71.0,-77.0,-80.0,-66.0,nan,nan,-3.0934115420964066,-0.8994528307700538,2.8703587513129287,0.13356711604739807,-0.6179182291578273,nan,nan,1.119040183185066,0.8440460971860915,1.0908048166758275,1.3460042255034883,0.7532308420174116,nan,nan,-3.5109317302703857,4.04754400253296,1.427862524986267,-2.34,4.44,1.65
1743702258.31118,2c08d2cc-7a1c-9d34-25ea-6265acb43d72,8385937d-136d-fec9-eccb-628a9250cbf1,25,-86.0,-78.0,-67.0,-80.0,-58.0,nan,-64.0,3.115954934407818,-0.9461845168401646,2.892946085782327,0.15322870174323508,0.10772330718486847,nan,-0.7031041972621606,1.2340951338631052,1.1678079890665969,1.1856924473670238,1.168706140144226,0.6255565846370555,nan,0.42978410914561704,-3.5052480697631836,4.057183265686035,1.4271223545074463,-2.34,4.44,1.65
1743702259.31308,2c08d2cc-7a1c-9d34-25ea-6265acb43d72,c1ce820f-a550-021d-a17a-4d3195ec996d,13,-71.0,-79.0,-75.0,-73.0,-62.0,nan,nan,3.0597366690606815,-0.9611873016830715,2.877458206146862,0.20224418160614346,0.038511755026297334,nan,nan,1.037795793600291,1.1871770265166885,1.1560832892094686,1.3858758749216638,0.4360482697374006,nan,nan,-3.4529058933258057,4.073291778564453,1.4671728610992432,-2.34,4.44,1.65
1743702260.312877,2c08d2cc-7a1c-9d34-25ea-6265acb43d72,d94c0ec7-44b5-21b3-8c0f-1d309045bad1,10,-67.0,-75.0,-70.0,-74.0,nan,-42.0,-64.0,3.063795326561962,-0.988811605880191,2.834856683453301,0.17599739748286752,nan,2.9444830163298037,-0.7699868852124345,1.099344042974085,0.9350636887602118,1.143899060906247,1.4592928345885323,nan,0.48063151597997267,0.5266008451167369,-3.3738365173339844,4.087461948394775,1.5113674402236938,-2.34,4.44,1.65
1743702261.310954,2c08d2cc-7a1c-9d34-25ea-6265acb43d72,9c7955fc-8715-a409-f040-a0eac0ec9bf8,3,-64.0,-72.0,-72.0,-80.0,nan,nan,-67.0,3.1045672575866394,-0.9519594485059469,2.7948283070049738,0.17248282379228996,nan,nan,-0.8013236345429543,1.1957896894820048,0.9444053920739374,1.0661051959878332,1.4207671467852827,nan,nan,0.8584552476781682,-3.3014919757843018,4.104838848114014,1.5603272914886475,-2.34,4.44,1.65
1743702262.354896,2c08d2cc-7a1c-9d34-25ea-6265acb43d72,6e05ea63-5a31-5f91-2d5e-ce7c1dfa5785,11,-67.0,-75.0,-73.0,-73.0,nan,-42.0,nan,2.962054050805447,-1.0035312966992225,2.8056556547327998,0.19778391941247875,nan,2.999315941556371,nan,1.1707051088584397,0.8109583180126745,1.0717331877404705,1.4755411798732698,nan,0.53657933950584,nan,-3.228229522705078,4.120022296905518,1.59129536151886,-2.34,4.44,1.65
1743702263.309711,2c08d2cc-7a1c-9d34-25ea-6265acb43d72,3e97c5c5-e00c-0972-a1c5-002da1a7e029,14,-72.0,-83.0,-75.0,-74.0,nan,-42.0,-66.0,2.89761087874771,-0.9978716799086406,2.847763959992479,0.18654564592845335,nan,2.975559610324201,-0.7417115231064109,1.0646013089202655,0.8034463395258881,1.0421371456512836,1.4847836804363896,nan,0.5696515379177208,0.6690271013683575,-3.129420518875122,4.140235424041748,1.6212217807769775,-2.34,4.44,1.65
1743702264.334012,2c08d2cc-7a1c-9d34-25ea-6265acb43d72,090ef26e-5779-2fd6-6858-1a3b16141f6c,2,-64.0,-73.0,-70.0,-78.0,nan,nan,nan,2.90871093417116,-0.9761585280670612,2.780551633033277,0.190801643666509,nan,nan,nan,1.1631309455601997,0.8983675260468192,1.0581400806415697,1.4025588480963018,nan,nan,nan,nan,nan,nan,-2.34,4.44,1.65
1743702265.355198,2c08d2cc-7a1c-9d34-25ea-6265acb43d72,84e72815-3fe9-bdaa-f276-5eea0f7a6ab5,19,-73.0,-81.0,-71.0,-74.0,-63.0,-43.0,-62.0,2.843744717275331,-0.9644515382311817,2.7888250092757167,0.12780323650013958,-0.01882367037632881,2.9320266544204134,-0.696092999535917,1.1574654698152196,1.0080159933958888,1.045396122456241,1.416896108982798,0.3839109010150444,0.5831996405784611,0.5559994733960484,-3.051342248916626,4.154465198516846,1.644558310508728,-2.34,4.44,1.65
1743702266.313363,2c08d2cc-7a1c-9d34-25ea-6265acb43d72,49a9dd6c-951e-f74d-d6c2-b13ba6518d99,4,-63.0,-71.0,-72.0,-81.0,-61.0,-42.0,-77.0,2.933351565841009,-1.0041073384430066,2.7996555527968514,0.12960779445477727,-0.3228242387149019,2.9267998736294363,-0.8281715878327617,1.1643120575036496,0.9850568150592884,0.9885074063046768,1.4550494868656547,0.5179342406144124,0.46189956574303437,0.7679754008897024,-2.9979043006896973,4.161027431488037,1.663606882095337,-2.34,4.44,1.65
1743702267.363261,2c08d2cc-7a1c-9d34-25ea-6265acb43d72,0a328a6a-7cc1-e9fd-821f-a4e22faf7103,31,-81.0,-86.0,-70.0,-78.0,-66.0,-44.0,-69.0,2.987209737830118,-0.9445389496026048,2.8416461463363487,0.1113787231092939,nan,2.8045284164757014,0.14878458831554847,1.23907604404988,1.061144059772152,1.053684811874949,1.471240574186955,0.5585053605851935,0.3642750864186809,0.6056554761274857,-3.0018935203552246,4.155290126800537,1.6711158752441406,-2.34,4.44,1.65
1743702268.35478,2c08d2cc-7a1c-9d34-25ea-6265acb43d72,caa3bff2-be2c-5af4-2718-691732dca7f8,21,-74.0,-82.0,-69.0,-78.0,-58.0,-43.0,-67.0,2.873109264086763,-1.058388287255165,2.8564645072737678,0.1380851688367175,-0.08056973451202032,2.8443105278213854,-0.3197437617250626,1.1997952169195385,1.1473571755817145,1.0609300081995368,1.488656049819419,0.5221929493695062,0.4873546138887207,0.5013739587332307,-3.0593409538269043,4.14526128768921,1.6526707410812378,-2.34,4.44,1.65
1743702269.354083,2c08d2cc-7a1c-9d34-25ea-6265acb43d72,de876580-5b92-d06a-0943-4e382c914360,27,-78.0,-83.0,-69.0,nan,-58.0,-44.0,-65.0,3.0241690874382376,-1.0867003528037975,2.863835604538889,nan,0.2657935994143269,2.816243601543155,0.18463637944716346,1.2262003259696195,1.374056632845838,1.1251816989748975,nan,0.5425686748352663,0.41605139238899524,0.5508305099611501,-3.1092538833618164,4.12137746810913,1.653640627861023,-2.34,4.44,1.65
1743702270.363423,2c08d2cc-7a1c-9d34-25ea-6265acb43d72,66dd8173-60af-dc63-905b-bdbe3fa9f6fe,13,-73.0,-82.0,-74.0,nan,-66.0,-43.0,-62.0,2.974389812974694,-1.1046736275265787,2.871122545913564,nan,0.07582009428286533,2.881067792327938,-0.29546414227691276,1.1218472881320638,1.2852082525586146,1.0479746616026828,nan,0.4003919552325633,0.5088634710785586,0.5902139197933755,-3.1435444355010986,4.10400152206421,1.6762149333953857,-2.34,4.44,1.65
1743702271.354582,2c08d2cc-7a1c-9d34-25ea-6265acb43d72,1ef5e157-b80a-39d7-fcc1-c985ab20d8a9,21,-73.0,-80.0,-69.0,nan,-60.0,-43.0,-67.0,2.951894623879013,-1.014000981892651,2.8269279202559168,nan,-0.17039411761030077,2.9112877376124704,-0.5194665978606254,1.098243824548746,1.2233968162900932,1.0637595502787187,nan,0.3962054984734147,0.5810703791740358,0.4164413315526938,-3.189763307571411,4.08225965499878,1.7075073719024658,-2.34,4.44,1.65
1743702272.363777,2c08d2cc-7a1c-9d34-25ea-6265acb43d72,d122af9b-04e3-c7d4-bbc3-d76c80e0a4ab,30,-77.0,-86.0,-70.0,nan,-62.0,-44.0,-71.0,2.9613179530801492,-1.1880449507159454,2.872822175321252,nan,0.14378574704198602,2.781145452964779,0.18667279448038976,1.1729500204993217,1.3328601939434017,1.1311940514518604,nan,0.5538544207630957,0.39474959245051155,0.36069386568324513,-3.1525936126708984,4.0765118598938,1.7384045124053955,-2.34,4.44,1.65
1743702273.363049,2c08d2cc-7a1c-9d34-25ea-6265acb43d72,d375c7ac-513b-9ee1-bac4-a81b7dee1d12,22,-76.0,-81.0,-69.0,nan,-60.0,-42.0,nan,2.9483771207112364,-1.1320927351617076,2.899905458342922,nan,-0.06044158181238539,2.8247838329942283,nan,1.0978671869915817,1.3703352646966158,1.086081700482572,nan,0.5228077176325808,0.48479717741924294,nan,-3.100092649459839,4.07198143005371,1.7635538578033447,-2.34,4.44,1.65
1743702274.339678,2c08d2cc-7a1c-9d34-25ea-6265acb43d72,dc112acc-073a-f48d-70b1-74522196beb5,13,-70.0,-82.0,-74.0,-71.0,nan,-43.0,-62.0,2.840548923967236,-1.1126222312740839,2.887637873097581,-2.2971436867098,nan,2.893374611504138,-0.2580775415326144,1.1121344733204357,1.312062104252374,1.0109051902834885,1.429747059664921,nan,0.5618318681090982,0.49199361190373647,-3.07749605178833,4.064648151397705,1.7741241455078125,-2.34,4.44,1.65
1743702275.334244,2c08d2cc-7a1c-9d34-25ea-6265acb43d72,4f9d8aab-180e-8e20-f37b-b50ea2286210,36,-70.0,-97.0,-68.0,-82.0,-59.0,-43.0,-63.0,2.937680800509042,-1.084479409612726,2.9224991843989363,-2.9471994708772034,0.3950876133608541,2.8729673033519805,-0.24821804202759412,1.2472675280888004,1.3596424066038386,1.098917870620645,1.4607048425984923,0.37339536550416563,0.5594026223161065,0.5618318680058161,-3.078181266784668,4.04587459564209,1.7829170227050781,-2.34,4.44,1.65
1743702276.334598,2c08d2cc-7a1c-9d34-25ea-6265acb43d72,1ecafa45-dadf-ddc0-227d-b279b67964f8,17,-72.0,-87.0,-73.0,-75.0,-67.0,-43.0,-62.0,2.7904000027443896,-0.9437862071204939,2.8847707138680017,-3.017366308749739,0.29445211917994446,2.8494535107322583,-0.485894480201428,1.1077270748744092,1.3386625561684122,1.062274704812945,1.4223036575762036,0.3183039900625628,0.573508444662438,0.43949856027582634,-3.07915472984314,4.026381969451904,1.7906591892242432,-2.34,4.44,1.65
1743702277.354727,2c08d2cc-7a1c-9d34-25ea-6265acb43d72,723c9c0e-91d0-e6a8-21a3-b1b12a46b2df,24,-73.0,-78.0,-67.0,nan,-59.0,-43.0,-67.0,2.7304538445033604,-1.0111974722131245,3.0135840873696087,nan,0.5122731445632105,-3.0805280025341326,-0.5606058397408276,1.0185704336910089,1.2746629335902275,1.1104734597485533,nan,0.29157344888196357,0.5402288130971684,0.4231219515440247,-3.1014134883880615,3.9999899864196777,1.7692103385925293,-2.34,4.44,1.65
1743702278.334871,2c08d2cc-7a1c-9d34-25ea-6265acb43d72,71806aa9-1f05-f849-0304-0d53309456a5,21,-71.0,-82.0,-69.0,nan,-61.0,-43.0,-65.0,2.7120359550365905,-0.9691657328347856,3.0443095094980706,nan,0.07427765600478736,3.098988062224282,-0.6323754626868935,1.083435983097633,1.258840560921849,1.1283320853864067,nan,0.3481793800604291,0.6104387544088928,0.32988135852945927,-3.0156643390655518,4.01294755935669,1.761933445930481,-2.34,4.44,1.65
1743702279.335667,2c08d2cc-7a1c-9d34-25ea-6265acb43d72,6029f514-c783-3c3f-6337-4d51c6075307,22,-76.0,-79.0,-68.0,nan,-59.0,-42.0,-65.0,2.6609527969033446,-0.9708166263945256,2.965579010824276,nan,0.43572784970298234,3.013981318196788,-0.6435163399550751,1.030421101067698,1.1717780964616324,1.1348220758048755,nan,0.27037708656106885,0.607034556187936,0.297946538683691,-2.989410638809204,4.03092098236084,1.7662904262542725,-2.34,4.44,1.65
1743702280.362336,2c08d2cc-7a1c-9d34-25ea-6265acb43d72,e93ae274-00d2-d0cd-1969-5985b70188a4,13,-74.0,-83.0,-75.0,nan,nan,nan,nan,2.619054881369782,-0.9620755990646676,3.006851616133888,nan,nan,nan,nan,1.0047429684161813,1.0982675266824478,1.0933982029453468,nan,nan,nan,nan,nan,nan,nan,-2.34,4.44,1.65
1743702281.356134,2c08d2cc-7a1c-9d34-25ea-6265acb43d72,9c587736-1d0d-4a24-3477-b21c55f75710,18,-75.0,-80.0,-70.0,nan,nan,nan,nan,2.70847104760141,-0.9616592138282336,3.0813977561029504,nan,nan,nan,nan,1.1703640910808548,1.019142747009267,1.1110374506884049,nan,nan,nan,nan,nan,nan,nan,-2.34,4.44,1.65
1743702282.313784,2c08d2cc-7a1c-9d34-25ea-6265acb43d72,6b48001c-c2f1-59aa-f396-df70a3a6c561,30,-76.0,-83.0,-71.0,-78.0,-61.0,-45.0,-69.0,2.7712316344824357,-1.0741326293036046,3.0839693044515304,-2.65545629872953,0.42914616512484616,2.816243601543155,0.12839313260589036,1.2417410693527227,1.1712844795535864,1.1798932809353218,1.4288839291556261,0.45035643035774525,0.41605139238899524,0.3117383129975823,-2.97549819946289,4.02984094619751,1.760721206665039,-2.34,4.44,1.65
1743702283.311006,2c08d2cc-7a1c-9d34-25ea-6265acb43d72,ddc19b29-d08a-4449-de99-f25714c9c44e,31,-76.0,-87.0,-70.0,-78.0,-62.0,-45.0,-73.0,2.7770863278228655,-0.9971594174750988,-3.1169067481814126,-2.6756116344914673,0.4292432197050814,2.751490752203714,0.4716298104174879,1.2962583737116256,1.2465680488284911,1.2316986883561973,1.469425896220175,0.5334004470460216,0.3411439131860495,0.26590435534372076,-2.9976236820220947,4.031676292419434,1.7320983409881592,-2.34,4.44,1.65
1743702284.314612,2c08d2cc-7a1c-9d34-25ea-6265acb43d72,62f343d7-0200-034b-4d80-8208def141c9,29,-75.0,-83.0,-72.0,-76.0,-61.0,-45.0,-67.0,2.8463663330524054,-1.0815043923589984,-3.089399223598093,-1.3040724878240815,0.422764069094803,2.7037553848544613,0.6648600170972447,1.2148408786559957,1.33555997349847,1.3026651403460292,1.504733952794391,0.5851656319864833,0.28619189951171026,0.22195161280429895,-3.076711416244507,4.02782392501831,1.6936852931976318,-2.34,4.44,1.65
1743702285.334325,2c08d2cc-7a1c-9d34-25ea-6265acb43d72,623cb06a-173a-1841-5482-3ec00e56d8b0,6,-67.0,-70.0,-74.0,-77.0,-64.0,-47.0,-67.0,2.900251136652414,-1.0746149277770178,-3.0812102695622086,0.3410223049584996,-0.024260634855890834,2.8045284164757014,0.06830706149507476,1.1999495471047086,1.2934395508558312,1.2301274233130506,1.4595476991048533,0.7677978021732482,0.3642750864186809,0.6969822978771255,-3.1112067699432373,4.02197265625,1.6748385429382324,-2.34,4.44,1.65
1743702286.363181,2c08d2cc-7a1c-9d34-25ea-6265acb43d72,5b14fd7a-e543-ac4e-e828-06c99586dfc2,24,-80.0,-80.0,-66.0,nan,-58.0,-42.0,-66.0,2.8795839413289634,-1.0243388406121205,-3.089727857676609,nan,0.4172247998666302,2.6991218470296716,0.46340104677935007,1.1046722293670064,1.3917032708609207,1.2067541900059697,nan,0.4856578175119423,0.31777206661650215,0.4276581049375352,-3.116905689239502,4.002625942230225,1.6545507907867432,-2.34,4.44,1.65
1743702287.355022,2c08d2cc-7a1c-9d34-25ea-6265acb43d72,b269ab6e-dd45-d0b0-8b05-37a49f20c1f0,9,-68.0,-76.0,-72.0,nan,-65.0,-42.0,-62.0,2.8980460392698286,-0.9687380291637188,-3.0852502849358587,nan,0.04850750078045721,2.8351691447840612,-0.17649317567045797,1.1579341861670736,1.3654587504245717,1.1986820155838853,nan,0.7673567662645999,0.4183428264937527,0.6556440760507873,-3.0788474082946777,3.9994285106658936,1.6397756338119507,-2.34,4.44,1.65
1743702288.355782,2c08d2cc-7a1c-9d34-25ea-6265acb43d72,4ca50a0e-da03-8420-0a0e-6581bc3e900c,34,-70.0,-87.0,-69.0,nan,-60.0,-43.0,-66.0,2.9313041275949563,-0.9700083570036865,-3.108653345647148,nan,0.35893280671149325,2.7973574425641052,0.3878067141754209,1.2289381887282755,1.4024740264155828,1.272774086587089,nan,0.4955644320382162,0.4136278253295442,0.4407429386979034,-3.009045124053955,3.99738335609436,1.6213529109954834,-2.34,4.44,1.65
1743702289.363613,2c08d2cc-7a1c-9d34-25ea-6265acb43d72,152e91fa-59c9-f64a-f324-323a4a4a8246,13,-73.0,-86.0,-73.0,nan,-65.0,-42.0,nan,2.825014172696586,-1.0092649493681085,3.132119789592381,nan,0.16919004971809087,2.881067792327938,nan,1.0742861605404477,1.3772042229382024,1.256813229542026,nan,0.3790031700879739,0.5088634710785586,nan,-2.958348035812378,4.00969123840332,1.6128308773040771,-2.34,4.44,1.65
1743702290.36354,2c08d2cc-7a1c-9d34-25ea-6265acb43d72,2debff40-8f46-5f1e-371c-b2a7881dab44,6,-66.0,-70.0,-75.0,nan,-62.0,-42.0,-66.0,2.8039714716594335,-0.9856313920644729,3.095525825685821,nan,-0.1983499347917052,2.9074117661777077,-0.16906130806710304,1.0960666903576062,1.329382771350031,1.2679114207527131,nan,0.6536419219096249,0.4601357233410053,0.7607715569445083,-2.909578323364258,3.99583911895752,1.621085524559021,-2.34,4.44,1.65
1743702291.311557,2c08d2cc-7a1c-9d34-25ea-6265acb43d72,bc41e1c6-047e-7eae-8324-53cd84f52fda,1,-65.0,-73.0,-69.0,-75.0,nan,nan,nan,2.8858375762006876,-0.9490832345286615,2.981285269669127,-0.7761253027979014,nan,nan,nan,1.208768605054506,1.21592691574853,1.2666339023778022,1.371351793284699,nan,nan,nan,nan,nan,nan,-2.34,4.44,1.65
1743702292.313,2c08d2cc-7a1c-9d34-25ea-6265acb43d72,0468288f-6634-1bb3-3836-dfa16b2245d2,5,-65.0,-70.0,-73.0,-77.0,nan,nan,-71.0,2.9077319561544472,-0.9261716601965462,2.9920977036948493,-0.5997041963856022,nan,nan,-0.5196887244836159,1.1354882655515586,1.0921253451023436,1.2135816029345516,1.3834057930106156,nan,nan,0.8558443265848642,nan,nan,nan,-2.34,4.44,1.65
1743702293.36363,2c08d2cc-7a1c-9d34-25ea-6265acb43d72,ab141a51-71a3-64e7-8c91-9e58b573a024,32,-74.0,-88.0,-69.0,-81.0,-62.0,-43.0,-73.0,2.959966665143043,-0.941623054525077,3.0548018315607646,-0.4821943438147279,0.06389100734946034,2.8022656197466183,-0.6458831627065542,1.196183970481391,1.1839281031448463,1.2492819431373365,1.4500633835147538,0.6099059500752477,0.3807397913366503,0.4940806792332463,-2.840484380722046,3.98801851272583,1.6189758777618408,-2.34,4.44,1.65
1743702295.336912,2c08d2cc-7a1c-9d34-25ea-6265acb43d72,18a41788-ae60-1931-1315-05db1988b314,29,-74.0,-85.0,-73.0,-78.0,-62.0,-45.0,-67.0,3.084118441472575,-0.9471058374192776,3.1179794694684966,-0.45301488669905676,0.22013592730820197,2.6834186309169406,0.13465791990611903,1.1841113286278437,1.3711619098989762,1.2074203797526535,1.4611112409808382,0.6514098895287488,0.2995234982508454,0.43285933160829315,-2.8216805458068848,3.98792552947998,1.5971063375473022,-2.34,4.44,1.65
1743702296.313131,2c08d2cc-7a1c-9d34-25ea-6265acb43d72,c992ffdb-a084-e575-bd91-dcfa8f2c55b5,11,-69.0,-81.0,-71.0,-73.0,-63.0,-43.0,-62.0,3.0470552285819426,-0.9148277923752992,-3.1324111394156358,-0.5849289786578427,0.06552769848632228,2.8302379443863854,-0.3029745812046376,1.086763602879687,1.2530894645478228,1.114324124368699,1.4827165347982698,0.6447395048824673,0.45159776121531553,0.5207012548575866,-2.7601921558380127,3.990056037902832,1.6051745414733887,-2.34,4.44,1.65
1743702297.363989,2c08d2cc-7a1c-9d34-25ea-6265acb43d72,6ca38d17-1cde-5206-6e78-9ef3daadf824,8,-67.0,-73.0,-73.0,-76.0,nan,nan,nan,2.9927187528610557,-0.9674011222964991,3.0947838690061245,-0.5596955273293418,nan,nan,nan,1.0976904196742276,0.95290427148168,1.1523552631575211,1.4975708484104049,nan,nan,nan,nan,nan,nan,-2.34,4.44,1.65
1743702298.3544,2c08d2cc-7a1c-9d34-25ea-6265acb43d72,6a7ee94b-ba8b-446b-09cd-966371aa4439,27,-79.0,-82.0,-70.0,-78.0,-59.0,-43.0,-65.0,-3.104530772279705,-1.0327009001188605,3.063601448434605,-0.7394969841132786,0.3656056355376244,2.696591581895118,0.25142876496223543,1.2612832122736695,1.0205903747988068,1.1817230057622607,1.4913670146510651,0.6132381176525049,0.33353516514157017,0.4413226065630322,-2.6697537899017334,3.987981081008911,1.6258249282836914,-2.34,4.44,1.65
1743702299.355766,2c08d2cc-7a1c-9d34-25ea-6265acb43d72,ec929649-905b-1ff9-60b6-2375bb4e905f,0,-67.0,-72.0,-67.0,-76.0,-59.0,-42.0,-62.0,-3.0148932973614913,-0.9792264896428323,3.0550793329463515,-0.7330105889622816,-0.14049984167750593,2.7720570199483316,1.7365421965430943,1.2556294544374857,1.0960987814487417,1.146430262364313,1.4459401443570385,0.728116663274412,0.3272010157131051,1.0035847076332047,-2.637120246887207,3.983513593673706,1.6285873651504517,-2.34,4.44,1.65
1743702300.366392,2c08d2cc-7a1c-9d34-25ea-6265acb43d72,117eaa33-d55f-b738-9da8-7aab217c227c,4,-64.0,-71.0,-72.0,-76.0,-58.0,-42.0,-77.0,-2.9906422861591206,-0.9569785750543649,2.9261972498886206,-0.406204504218734,-0.43800215430689987,2.823078529945974,0.09122534959394858,1.215276438652278,1.0736049239336054,1.1216483499986347,1.3995794366267755,0.6327538745498809,0.36638002352046106,1.3780281412823343,-2.610285520553589,3.993218183517456,1.6583770513534546,-2.34,4.44,1.65
1743702301.363152,2c08d2cc-7a1c-9d34-25ea-6265acb43d72,031e35b0-465b-666a-32a3-148a8c02f094,9,-68.0,-75.0,-71.0,-75.0,-64.0,-42.0,-61.0,-2.9715058758302475,-0.9602682447908852,2.949269279676413,-0.46289974171710385,-0.42858319853776455,2.9093683430284205,-0.6554409644894601,1.2561194760780603,0.9860840628707591,1.1205841508270393,1.3408367608823533,0.7904542643205965,0.44315483792045646,1.0391032481514668,-2.6080307960510254,4.00107479095459,1.6821465492248535,-2.34,4.44,1.65
1743702302.312436,2c08d2cc-7a1c-9d34-25ea-6265acb43d72,6a89ffc7-fa6f-3d2f-7143-d2a5c5bf6a28,18,-82.0,-80.0,-70.0,-75.0,nan,nan,nan,-3.027875142411192,-0.9518718305060835,2.9613227467701115,-0.8351888894536788,nan,nan,nan,1.2111852905856981,1.0657063210355666,1.1571074078066583,1.3967839164305196,nan,nan,nan,nan,nan,nan,-2.34,4.44,1.65
1743702303.355973,2c08d2cc-7a1c-9d34-25ea-6265acb43d72,f8adafca-5bf0-cf8f-85b4-bdddd43fab1d,27,-78.0,-83.0,-70.0,-78.0,-60.0,-44.0,-65.0,-2.9399836359036335,-0.9556820150776599,2.9330266601880193,-0.47167592277335096,0.13635248119289192,2.7148585697535434,0.25207786041884844,1.3152697486273197,1.221002368154003,1.1731496244230233,1.37754177860637,0.6935438399286737,0.3361758602835704,0.6997224451343135,-2.655734062194824,4.007851600646973,1.6858832836151123,-2.34,4.44,1.65
1743702304.33553,2c08d2cc-7a1c-9d34-25ea-6265acb43d72,19851f7b-331b-8f6c-18e2-2190d7748393,15,nan,nan,-76.0,-75.0,nan,-42.0,-61.0,nan,nan,3.001336209516334,-1.2507164548585077,nan,2.794704246400537,-0.2569275692706519,nan,nan,1.0455401994712141,1.2721256068616544,nan,0.4300494340137142,0.6125317114373482,nan,nan,nan,-2.34,4.44,1.65
1743702305.364035,2c08d2cc-7a1c-9d34-25ea-6265acb43d72,2a64b854-3490-248c-1e24-476aa154a6b6,21,-81.0,-78.0,-68.0,-79.0,-58.0,-42.0,-63.0,-2.9391894812665718,-0.9241874720263827,3.04528422645704,-1.4437747280746953,0.0673342640761386,2.821848891793043,-0.49718442714571154,1.2596564203217946,1.185108016665806,1.1382722009970727,1.2794483677529909,0.679569125336812,0.5013739588244848,0.4049854384478634,-2.695046901702881,4.014282703399658,1.6899303197860718,-2.34,4.44,1.65
1743702306.355633,2c08d2cc-7a1c-9d34-25ea-6265acb43d72,8be967ac-5efa-039b-bc6c-fe645f570df6,12,-71.0,-82.0,-72.0,-73.0,-64.0,-42.0,-62.0,-2.989388469917911,-0.94509994448623,3.050021457404073,-1.6673397778938497,-0.058750935950667285,2.893374611504138,-0.6250345500115772,1.1522556609327521,1.1781929857373608,1.161337306566031,1.3696214043664199,0.47054073519561934,0.5618318681090982,0.4378839885541429,-2.7540555000305176,4.016615867614746,1.6864715814590454,-2.34,4.44,1.65
1743702307.356033,2c08d2cc-7a1c-9d34-25ea-6265acb43d72,b4d81d32-e9a1-c8a4-1da5-8a663f32cc38,35,-72.0,-89.0,-69.0,-89.0,-59.0,-43.0,-67.0,-2.9492884544362616,-0.9361043189561603,3.070533656752081,-1.6551824475176378,0.39010190130537187,2.84153348898711,-0.5963784304217201,1.1835458063703659,1.2658452072209752,1.2277324425447422,1.3753647775732847,0.3411439131241635,0.5040352756432468,0.3377433628287667,-2.808117151260376,4.0053391456604,1.684783697128296,-2.34,4.44,1.65
1743702308.309968,2c08d2cc-7a1c-9d34-25ea-6265acb43d72,356f6438-d873-d1f1-a8d1-36bb6f28b0a9,12,-70.0,-80.0,-73.0,-72.0,-64.0,-43.0,-64.0,-3.0000701427341103,-0.9530320366349764,3.066786056466121,-1.6904333792864716,0.12839313260589036,2.913841999265632,-0.6901983410488935,1.1671404677393684,1.212298358763297,1.212519534291828,1.4873565603655148,0.3117383129975823,0.564072798292268,0.44902173315618865,-2.8046798706054688,4.006980895996094,1.6946195363998413,-2.34,4.44,1.65
1743702309.313579,2c08d2cc-7a1c-9d34-25ea-6265acb43d72,80baa06f-1033-4ef3-7e10-f9472338e533,18,-75.0,-79.0,-69.0,-75.0,-62.0,-41.0,-62.0,-3.063180668982372,-0.9246218336001746,3.0897851156400455,-1.5527592693640078,0.11287672022582841,2.8877083115086086,-0.6977243450888849,1.1979365967947722,1.2135939866336207,1.219790097225799,1.4626682581121533,0.3817601243744535,0.5956445426945661,0.3576765387755013,-2.7937262058258057,4.01468563079834,1.6754603385925293,-2.34,4.44,1.65
1743702310.355979,2c08d2cc-7a1c-9d34-25ea-6265acb43d72,52a99758-d293-7171-c7e6-86d882c041c8,22,-76.0,-77.0,-67.0,nan,-59.0,-42.0,-66.0,-3.102362160204054,-0.9025026828504126,3.04839000492029,nan,0.4762360571517407,3.0124002745535887,-0.7112785080731993,1.1214087986585821,1.2591584091979495,1.151805453550474,nan,0.29696428369494277,0.6243441823492256,0.2690332359210541,-2.7753095626831055,4.039705753326416,1.685137391090393,-2.34,4.44,1.65
1743702311.355261,2c08d2cc-7a1c-9d34-25ea-6265acb43d72,f2a163dd-e8c9-87bf-11b0-e7ffdc6a0568,20,-77.0,-79.0,-69.0,nan,-61.0,-43.0,nan,-3.1331056918279288,-0.933887903138942,3.0543959658106368,nan,0.13260552068165532,2.9673999612990074,nan,1.0860244425191354,1.2237185261497747,1.1616602148482034,nan,0.3982638735439809,0.6384583742946878,nan,-2.7535579204559326,4.06636905670166,1.6998419761657715,-2.34,4.44,1.65
1743702312.364461,2c08d2cc-7a1c-9d34-25ea-6265acb43d72,0f60958b-6980-f6a5-fc22-0dda50b969ad,2,-63.0,-74.0,-71.0,nan,-58.0,-42.0,-63.0,-3.1067957907868173,-0.9599416080831871,3.0518494511763032,nan,-0.28306377774826613,2.9248999297668536,-0.8328009821549605,1.1727521476303289,1.1897527027649588,1.1371117285520709,nan,0.5232977054115506,0.4789482776375342,0.39798152906022266,-2.759765863418579,4.087099075317383,1.6709165573120117,-2.34,4.44,1.65
1743702313.35513,2c08d2cc-7a1c-9d34-25ea-6265acb43d72,1eb53ad3-d7cf-c2de-4954-8b758023f8b7,1,-64.0,-74.0,-68.0,nan,-58.0,-43.0,-64.0,-3.1093319190929005,-0.9051123144025812,2.98843585719599,nan,-0.44804799963870917,2.8940587375571227,-0.8479026381836223,1.145181106655011,1.097196669608127,1.0533330748739766,nan,0.596611667446701,0.4074964346928438,0.2864441089936107,-2.7710378170013428,4.10190200805664,1.6471189260482788,-2.34,4.44,1.65
1743702314.336217,2c08d2cc-7a1c-9d34-25ea-6265acb43d72,b2265d79-ca1d-0332-adc9-2a9a9c14cf8c,3,-63.0,-73.0,-73.0,nan,nan,nan,nan,-3.126147118215661,-0.9009599136309296,2.9490935110444676,nan,nan,nan,nan,1.1184837156752938,1.0894858195669386,1.0430380264690302,nan,nan,nan,nan,nan,nan,nan,-2.34,4.44,1.65
1743702315.31265,2c08d2cc-7a1c-9d34-25ea-6265acb43d72,cbdbae3d-be76-bebe-b9f5-9be01301139e,15,-76.0,nan,-74.0,-75.0,-63.0,-42.0,nan,3.1302784800147005,nan,2.946350987753904,0.26350993616730733,-0.13576990659341784,2.883515111999266,nan,1.0236013447272503,nan,1.0353691212150107,0.7896968382919723,0.4501533301615126,0.4919936119950844,nan,nan,nan,nan,-2.34,4.44,1.65
1743702316.365375,2c08d2cc-7a1c-9d34-25ea-6265acb43d72,09f005f4-78d1-17bf-79dd-716cb0340f4d,33,-73.0,-90.0,-69.0,-84.0,-60.0,-43.0,-67.0,-3.1037209049922128,-0.9299833095067223,2.934444527152378,0.1931513506962859,0.15784815762615254,2.8137138258846974,nan,1.2018573025515868,1.0447967114738912,1.1691226585387142,0.7993527280352999,0.4835247069488283,0.4325820581358988,0.33161255784636595,-2.751107692718506,4.116034030914307,1.646270990371704,-2.34,4.44,1.65
1743702317.337249,2c08d2cc-7a1c-9d34-25ea-6265acb43d72,104f896b-df91-a0e4-941c-739527371aaf,2,-63.0,-74.0,-72.0,-75.0,nan,nan,-67.0,-3.119770178985466,-0.948046599074348,2.909066732492795,0.17913832967250698,nan,nan,-0.4276171375693054,1.154887529880023,1.107706635113043,1.1268870541789295,0.8650430584315215,nan,nan,0.6010650010290116,nan,nan,nan,-2.34,4.44,1.65
1743702318.36588,2c08d2cc-7a1c-9d34-25ea-6265acb43d72,7aaa3448-95ae-a5f8-7560-35e38e4ef780,5,-65.0,-71.0,-76.0,-79.0,-59.0,-42.0,-68.0,-3.1218157530187556,-1.012506016414735,2.9162860295757818,0.1336818982903805,-0.22623793774094988,2.854132162396952,-0.6699722718193761,1.1373917599406929,1.0492313407420641,1.109534828622355,0.8912826520198542,0.6854510146746102,0.42050103755905616,0.7870295067571893,-2.734208583831787,4.12072467803955,1.6668221950531006,-2.34,4.44,1.65
1743702319.311298,2c08d2cc-7a1c-9d34-25ea-6265acb43d72,80cc8bd5-fe6e-0ce4-02e9-088203c2e16c,18,-75.0,-81.0,-71.0,-75.0,-62.0,nan,nan,3.099876365642574,-0.9560467349889461,2.9252475666438977,0.14660968116995213,0.021572299852475236,nan,nan,1.151382676727424,1.2057272750896353,1.1687305080682004,0.7164052469334194,0.628207879160678,nan,nan,nan,nan,nan,-2.34,4.44,1.65
1743702320.366089,2c08d2cc-7a1c-9d34-25ea-6265acb43d72,6c15de5e-7fbf-1041-ab4f-9bc02e287e97,27,-78.0,-82.0,-70.0,-79.0,-60.0,-43.0,-70.0,-2.877055003557824,-1.0335704222147712,2.93362800196216,0.13690112741606827,0.43274289378398273,2.6628339110749444,0.18877145683570606,1.1916659176920716,1.3194850000006972,1.2488723489616822,0.6028453948913507,0.46621409210662873,0.3124654824063361,0.5851306605024931,-2.707963705062866,4.120729446411133,1.7060328722000122,-2.34,4.44,1.65
1743702321.310698,2c08d2cc-7a1c-9d34-25ea-6265acb43d72,cb41e93b-a0ad-ecd0-9a77-50f1621b1b32,8,-68.0,-72.0,-72.0,-80.0,nan,nan,-59.0,-3.1293769999857086,-1.0275319707591255,2.9187142998577156,0.09848822448498336,nan,nan,-0.3208633251645188,1.1398478602560185,1.280560770140317,1.2693809530422193,0.5778374467281524,nan,nan,0.7766629697007024,nan,nan,nan,-2.34,4.44,1.65
1743702322.364617,2c08d2cc-7a1c-9d34-25ea-6265acb43d72,3d552436-bc86-d750-371f-6e76fe8d2c23,26,-85.0,-83.0,-67.0,-81.0,-58.0,-43.0,-67.0,-3.004734403067275,-1.0291393216350428,2.921568675914062,0.10955765355589772,0.5074442767086705,-3.1050925106729603,0.3000591645351725,1.0527326652062183,1.3786440609815538,1.2669289806265829,0.4900848906504692,0.5162365107325013,0.29651973529862885,0.50403527555097,-2.6839051246643066,4.13067865371704,1.749407410621643,-2.34,4.44,1.65
1743702323.310346,2c08d2cc-7a1c-9d34-25ea-6265acb43d72,b51d5cf6-0a86-d8d2-e257-61afcde6dfc4,26,-82.0,-79.0,-68.0,-81.0,-57.0,-43.0,-65.0,3.085374388242656,-1.0420163712958486,2.93681687105142,0.12346068602665637,0.611386105500202,-2.851695244744192,0.560187277999916,1.057126814425822,1.4532991242392002,1.205775478305366,0.417072098968534,0.4572405372864487,0.2681620579763111,0.34519808473594304,-2.6677451133728027,4.122583389282227,1.7974624633789062,-2.34,4.44,1.65
1743702324.338537,2c08d2cc-7a1c-9d34-25ea-6265acb43d72,9ff469f7-ab96-7a15-4134-cf0b584e77d1,0,-64.0,-72.0,-65.0,-77.0,-60.0,-43.0,-61.0,3.0635247493952105,-1.054300201823839,2.9313675108289,0.13613493597045248,0.04555428954010017,3.141592653589793,-0.10640058721908548,1.210192197815208,1.3037431879552932,1.1548652924849208,0.44227342591638563,0.6976206534612492,0.29670597286827327,0.6082032148784929,-2.6580564975738525,4.12190580368042,1.8486148118972778,-2.34,4.44,1.65
1743702325.36384,2c08d2cc-7a1c-9d34-25ea-6265acb43d72,77d2496d-6fdd-664b-3925-ccbae1981a13,19,-74.0,-80.0,-70.0,-74.0,-59.0,-42.0,-64.0,2.9972503877719343,-1.0982703230015922,2.9361510807789006,0.1574476815421386,0.02130547543772803,3.00465081613628,-0.42571860640612325,1.173229119781562,1.2582267022905855,1.1816787972881655,0.32125093044672404,0.610758597122364,0.46744463122092955,0.4344732635817761,-2.64673662185669,4.128032207489014,1.8603010177612305,-2.34,4.44,1.65
1743702326.356087,2c08d2cc-7a1c-9d34-25ea-6265acb43d72,f7ad4793-d835-d5dc-2f08-8125bb9229e1,36,-71.0,-90.0,-69.0,-84.0,-58.0,-43.0,-67.0,2.923531425637451,-1.105050464820825,2.966812587041201,0.0713735161624506,0.45662756938282667,2.9208007733891708,-0.48143199527326835,1.1878647878682018,1.254192679029388,1.2960565061009977,0.32970397019420367,0.39637938864828165,0.5130233131811467,0.3279457931522917,-2.637787103652954,4.119717121124268,1.8574057817459106,-2.34,4.44,1.65
1743702327.353893,2c08d2cc-7a1c-9d34-25ea-6265acb43d72,42e13171-699e-2d27-449e-31f965e3cd9d,19,-75.0,-80.0,-70.0,-74.0,-60.0,-42.0,-62.0,2.899123554246875,-1.047970267386884,2.9395253058800312,0.09376457565950981,0.2147927799127378,2.913841999265632,-0.5999099790496315,1.1721137879170371,1.2811630440208386,1.2739502716825224,0.2988555433128935,0.4618995656559526,0.564072798292268,0.3521665891282344,-2.6183435916900635,4.11040735244751,1.858428716659546,-2.34,4.44,1.65
1743702328.363705,2c08d2cc-7a1c-9d34-25ea-6265acb43d72,b8c0db3d-dc21-c988-2904-331d0399a724,24,-81.0,-78.0,-66.0,nan,-56.0,-43.0,-65.0,2.835680132862353,-1.031513662904903,2.936921799598369,nan,0.4751909380164328,-3.040911027941118,-0.6179808254144848,1.0930336827711422,1.327328408885144,1.2051857212819677,nan,0.3930658123085204,0.521403173409501,0.3481060317577347,-2.584963321685791,4.142746925354004,1.8578479290008545,-2.34,4.44,1.65
1743702329.337065,2c08d2cc-7a1c-9d34-25ea-6265acb43d72,dac4bb96-9222-da76-e333-356bfea52128,6,-66.0,-72.0,-75.0,nan,-62.0,-43.0,-65.0,2.9578031130734623,-1.0057932525710813,2.9372760000233504,nan,0.022456696010606455,3.0838313905079886,-0.7237355172337792,1.1837551308320455,1.3416535523886803,1.2203958332157376,nan,0.6805550803423488,0.43569334974872365,0.6430768756814469,-2.549394130706787,4.178231716156006,1.86140513420105,-2.34,4.44,1.65
1743702330.356171,2c08d2cc-7a1c-9d34-25ea-6265acb43d72,bd181391-1ce5-60eb-c205-b9c59c208ee4,0,-66.0,-71.0,-67.0,nan,-59.0,-43.0,-61.0,3.084222837387306,-0.9469694835714656,2.9160314313755697,nan,-0.32855669508065316,2.9549198590697325,-1.958222754131411,1.1444440768233315,1.2284774618596919,1.1524978754338948,nan,0.723137341183522,0.36069386575260365,1.0583260108439372,-2.5292880535125732,4.200258255004883,1.8652480840682983,-2.34,4.44,1.65
1743702331.363522,2c08d2cc-7a1c-9d34-25ea-6265acb43d72,bd1c9bd9-6d59-7842-767b-c1531ed1aee9,3,-64.0,-75.0,-72.0,nan,-59.0,-42.0,-72.0,3.1406834503936403,-0.9577050853997385,2.855583533585169,nan,-0.5258801154452541,2.919138260676119,-1.5405770740656841,1.2746203230127864,1.2279588112373991,1.0726270777603555,nan,0.6787014799837194,0.3411236234270117,1.0469338117029992,-2.5168545246124268,4.223686695098877,1.8665519952774048,-2.34,4.44,1.65
1743702332.355808,2c08d2cc-7a1c-9d34-25ea-6265acb43d72,062e51da-9af5-cdaf-740c-b52498c2aa53,11,-70.0,-79.0,-70.0,nan,-64.0,-43.0,-64.0,-3.115538149697221,-0.9522193730283388,2.844376419085898,nan,-0.2859451795500353,2.9444830163298037,-1.0114359322330693,1.1906158332742534,1.271643308388241,1.0273190510299737,nan,0.5400494413671039,0.48063151597997267,0.827510496243492,-2.5095856189727783,4.24612808227539,1.8687942028045654,-2.34,4.44,1.65
1743702333.309912,2c08d2cc-7a1c-9d34-25ea-6265acb43d72,24d881ed-0fa2-9dd3-a64e-927f8facc971,29,-78.0,-84.0,-72.0,-78.0,-59.0,-44.0,-84.0,-3.0324890689997543,-0.9553299451815513,2.8749857273908326,0.1867416545846832,0.08622000578812808,2.767521206328721,-0.8658504503339164,1.218723501209222,1.3535725298473298,1.0613322121031659,0.8345313549805381,0.6265498450576562,0.3597230803615187,0.49801692611240767,-2.5019960403442383,4.285293102264404,1.8628756999969482,-2.34,4.44,1.65
1743702334.313221,2c08d2cc-7a1c-9d34-25ea-6265acb43d72,ad459125-2a25-a182-60d8-850e2ceb36e2,26,nan,-81.0,-68.0,-82.0,-57.0,-44.0,-65.0,nan,-1.1039979835580258,2.909322395957442,0.23303671539407564,0.436514353136588,3.0842880057071507,-0.019766509009504992,nan,1.4148698428674111,1.1302263918697801,0.6579161041247723,0.4820447900088445,0.41826893290045414,0.48861121033297766,-2.4971604347229,4.300448417663574,1.8378045558929443,-2.34,4.44,1.65
1743702335.313223,2c08d2cc-7a1c-9d34-25ea-6265acb43d72,014045d2-8e5d-3d13-6a0a-ba354ef778e2,30,nan,-85.0,-71.0,-76.0,nan,nan,nan,nan,-1.1873864841364232,2.8959991336559936,0.2339973175992672,nan,nan,nan,nan,1.448826078872303,1.1762952171445702,0.6988648690458306,nan,nan,nan,nan,nan,nan,-2.34,4.44,1.65
1743702336.355782,2c08d2cc-7a1c-9d34-25ea-6265acb43d72,e1a7da52-bed4-e49a-b8fb-7199e644e574,27,nan,-83.0,-70.0,-79.0,nan,nan,nan,nan,-1.2448411220196294,2.9115503965254024,0.22776365643571875,nan,nan,nan,nan,1.4466729131309743,1.1633999248302977,0.7025863703531073,nan,nan,nan,nan,nan,nan,-2.34,4.44,1.65
1743702337.338223,2c08d2cc-7a1c-9d34-25ea-6265acb43d72,b4e3ef31-ceda-6947-8793-a1d497229de2,25,nan,-77.0,-67.0,-80.0,-57.0,-43.0,-61.0,nan,-1.2907632071183561,2.911836952658695,0.16683319385579584,0.5933109883591533,-2.902107612475163,-0.06389100734946034,nan,1.418240206384961,1.1170257681365299,0.5956252988600369,0.3997041302439881,0.32280071763102225,0.6099059500752477,-2.503336191177368,4.281196117401123,1.8233810663223267,-2.34,4.44,1.65
1743702338.311145,2c08d2cc-7a1c-9d34-25ea-6265acb43d72,fea09fbc-c258-7f9e-d3d2-f1c8db757a61,36,nan,-86.0,-69.0,-86.0,-57.0,-43.0,-64.0,nan,-1.2033749048987685,2.931751006025872,0.007401457301548219,0.6968219723827884,3.12200488177426,-0.30642350873970836,nan,1.3262748623579088,1.1839183826068678,0.5212382161870799,0.28629272847715315,0.47116129642406024,0.41834282641628806,-2.50301742553711,4.312840938568115,1.8390579223632812,-2.34,4.44,1.65
1743702339.356173,2c08d2cc-7a1c-9d34-25ea-6265acb43d72,b5c65248-40ac-2c24-60bf-ab7c7a28b644,12,-71.0,-78.0,-70.0,-73.0,-62.0,-42.0,-66.0,-3.0598850071333987,-1.2231009390929855,2.9675769142740536,-0.04158312989271524,0.9735865057009472,3.0601939529191764,-0.526746160051887,1.1381736640367401,1.3221516232001937,1.127865233247316,0.8391700489672382,1.2094089968719357,0.5395890444312039,0.5115372797969513,-2.510986804962158,4.34263801574707,1.862281084060669,-2.34,4.44,1.65
1743702340.364106,2c08d2cc-7a1c-9d34-25ea-6265acb43d72,f4264d08-5f98-eae1-f5bd-576511bc2e39,8,-67.0,-74.0,-72.0,-78.0,-63.0,-42.0,-61.0,-3.0743251991960268,-1.2163172020062811,2.9119472075278243,-0.037125530860140615,nan,3.021994808525223,-0.7152339549756574,1.146875010266356,1.3022716582949703,1.114721534582366,1.0176877955267294,1.3613568164577623,0.503111466765445,0.6299491989187167,-2.5246505737304688,4.33459758758545,1.888811707496643,-2.34,4.44,1.65
1743702341.356368,2c08d2cc-7a1c-9d34-25ea-6265acb43d72,8047e7c9-3791-aae6-0f91-f6aad614b2d5,21,-71.0,-77.0,-69.0,-79.0,-57.0,-43.0,-61.0,3.0535155247542565,-1.204634846410485,2.9389133114615307,-0.035127893726472174,0.22768643619111417,2.975559610324201,-0.6703231484532366,1.1176064704122213,1.3041912648086993,1.1189556278204558,0.9011772275758801,1.0004737789242184,0.5696515379177208,0.5018425066387275,-2.547966957092285,4.305674076080322,1.908526062965393,-2.34,4.44,1.65
1743702342.312434,2c08d2cc-7a1c-9d34-25ea-6265acb43d72,df6ce71e-3ff5-a654-6d2a-7b9a6b19f3cb,11,-69.0,-78.0,-71.0,-73.0,-62.0,-42.0,nan,2.998262921618383,-1.3271750108063556,2.9590510703602737,-0.03287059838652102,0.024680177338466846,2.9736662540913823,nan,1.1720333604521165,1.2418398726291644,1.0573846084193415,1.3718740391744633,0.7852458700791891,0.586862096713708,nan,-2.5632381439208984,4.308968544006348,1.9096788167953491,-2.34,4.44,1.65
1743702343.355342,2c08d2cc-7a1c-9d34-25ea-6265acb43d72,d5d939c1-6594-3658-60d9-3a285dbc660f,5,-64.0,-72.0,-75.0,-84.0,-62.0,-41.0,-65.0,2.9731567693899876,-1.28727499872257,2.900570715983224,-0.012703278399677966,-0.30757958729850815,2.9444830163298037,-0.7221087955289125,1.1824481845270893,1.2033603906708277,1.1415173959433889,1.3572767206075211,0.8138047983677497,0.48063151597997267,0.7473633332619795,-2.5798702239990234,4.307079315185547,1.8993701934814453,-2.34,4.44,1.65
1743702344.336676,2c08d2cc-7a1c-9d34-25ea-6265acb43d72,242b0ede-a189-c338-5e3b-87eeed356217,22,-71.0,-78.0,-68.0,-80.0,-56.0,nan,-63.0,2.9550147834121496,-1.2241443656080786,2.9087657952896158,-0.04696990582961852,0.3029745812046376,nan,-0.6644915328253151,1.0667031422315836,1.1977822666096023,1.1689580751833477,0.9625381901460143,0.5207012548575866,nan,0.48813399235614524,-2.5933473110198975,4.267905235290527,1.8677963018417358,-2.34,4.44,1.65
1743702345.336901,2c08d2cc-7a1c-9d34-25ea-6265acb43d72,993e6386-6e6b-9e44-2457-c27eb82e1031,18,-69.0,-76.0,-72.0,-75.0,-60.0,-42.0,-62.0,2.9408009600421785,-1.061812846100898,2.8711172195913837,0.01436003091381626,0.15510998064207135,2.896009745786391,-0.6849525093541441,1.1584705468106153,1.1466832626678702,1.1772760593740468,0.5843101265995355,0.4490444893499991,0.5449078132959977,0.43553386991295684,-2.604283332824707,4.237842559814453,1.8417104482650757,-2.34,4.44,1.65
1743702346.338305,2c08d2cc-7a1c-9d34-25ea-6265acb43d72,df86e4ee-6b8e-1df7-4791-d408b04f23ba,26,-80.0,-76.0,-67.0,-83.0,-57.0,-43.0,-62.0,2.9353244355765398,-1.1162174987456908,2.8858130751186586,0.008373244783318133,0.3687692321946982,2.9607051212248954,-0.5564504380743298,1.0782534050373116,1.2606725494357143,1.1619825904981573,0.42664646269299145,0.4436693609948912,0.5165051024125317,0.5364179528944982,-2.613497495651245,4.20546817779541,1.8497405052185059,-2.34,4.44,1.65
1743702347.311777,2c08d2cc-7a1c-9d34-25ea-6265acb43d72,a6fd17f4-ebe9-6e5b-680c-fa15b24b0833,35,-74.0,-93.0,-69.0,-88.0,-58.0,-43.0,-65.0,3.0569014677641837,-1.0997608942637096,2.8759258232556304,0.15366918858753417,0.5538578629176287,2.8612741666604555,-0.5672073081794096,1.216468070082034,1.2658868856920351,1.2150038641147085,0.4015902114455218,0.3155672369389292,0.5065322559811736,0.3747051475773756,-2.6165380477905273,4.193723678588867,1.856580376625061,-2.34,4.44,1.65
1743702348.313108,2c08d2cc-7a1c-9d34-25ea-6265acb43d72,67f79ac6-3d52-6c27-9dce-be43bc949a2a,9,-66.0,-78.0,-70.0,-75.0,-64.0,-44.0,-61.0,2.998947354018533,-1.0496862752352767,2.918081000150495,0.1567842881145999,0.24184412759805257,2.942655098839714,-0.7013368089722897,1.1442403449999405,1.135791999073882,1.1951236328933759,0.3459319090070879,0.6489498188096476,0.49774374825005296,0.522360531236157,-2.620948314666748,4.156070709228516,1.8167269229888916,-2.34,4.44,1.65
1743702349.337684,2c08d2cc-7a1c-9d34-25ea-6265acb43d72,437bcd61-60c2-a26c-197c-c0378db8d525,36,-70.0,-92.0,-69.0,-84.0,-58.0,-42.0,-66.0,3.027594977864515,-1.0603028337628233,2.829858995351658,0.057481668968270276,0.534206019924037,2.896009745786391,0.09703435768234857,1.1767751187730022,1.0352971492865513,1.2820963488248567,0.2400941921513265,0.39743956196902075,0.5449078132959977,0.4519304739297905,-2.623842239379883,4.1043701171875,1.8053066730499268,-2.34,4.44,1.65
1743702350.363165,2c08d2cc-7a1c-9d34-25ea-6265acb43d72,30bd99a8-cb00-8cb6-7409-74f5967d2dfb,5,-66.0,-71.0,-73.0,nan,-60.0,-41.0,-71.0,3.0639567141240214,-1.0407026339301124,2.7760290528701046,nan,-0.02105150228656493,2.9053526340103177,-0.30212603772106145,1.1491693235454592,0.9815200705526359,1.2914271331781129,nan,0.5933092182668362,0.4771084773835414,0.797156157276811,-2.6221883296966553,4.082069396972656,1.7895232439041138,-2.34,4.44,1.65
1743702351.364634,2c08d2cc-7a1c-9d34-25ea-6265acb43d72,9004717d-2c33-8c3d-b99a-1088e6144ec1,29,-77.0,-85.0,-72.0,-77.0,-58.0,nan,-74.0,3.115673171964488,-1.002254177798475,2.818604476584983,0.16916186191296115,0.19577850518736226,nan,0.34260949995156476,1.2257128343320807,1.0620464719075253,1.248702039809972,0.2247760890353542,0.63652639654346,nan,0.5149982896131469,-2.6112477779388428,4.072226524353027,1.7858017683029175,-2.34,4.44,1.65
1743702352.365063,2c08d2cc-7a1c-9d34-25ea-6265acb43d72,0d6d263c-2699-fcac-a3b9-05895f91112a,34,-72.0,nan,-69.0,nan,nan,-43.0,nan,-3.1194921449676616,nan,2.83193626100192,nan,nan,2.8518607940733722,nan,1.1943173608733546,nan,1.2851556551270853,nan,nan,0.4372325831547362,nan,-2.59233546257019,4.0516533851623535,1.794455647468567,-2.34,4.44,1.65
1743702353.367402,2c08d2cc-7a1c-9d34-25ea-6265acb43d72,677ee97d-50ce-ea5c-00aa-2bac952c487c,20,-74.0,-77.0,-69.0,nan,-58.0,nan,nan,3.1039456757882147,-0.8986656003518263,2.8482396005631667,nan,0.06389100734946034,nan,nan,1.1444796300238842,1.0583754375029055,1.2167714041301945,nan,0.6099059500752477,nan,nan,-2.5752527713775635,4.05243730545044,1.800846815109253,-2.34,4.44,1.65
1743702354.337761,2c08d2cc-7a1c-9d34-25ea-6265acb43d72,58034e9e-f7e8-8b8b-d7ec-98402f8a07d3,24,-74.0,-77.0,-66.0,nan,-56.0,nan,nan,3.0626693420530766,-0.904196186987594,2.89827666902023,nan,0.41010236278199935,nan,nan,1.0792640746709965,1.3718483396699443,1.161220393794177,nan,0.45369472463055427,nan,nan,-2.5618648529052734,4.056219100952148,1.818871259689331,-2.34,4.44,1.65
1743702355.355936,2c08d2cc-7a1c-9d34-25ea-6265acb43d72,103c46ce-7973-8726-db46-2a700b2f419f,16,-72.0,-83.0,-74.0,nan,nan,nan,-61.0,3.0406194334916568,-0.8922524421308066,2.914054300582295,nan,nan,nan,-0.22693536894059446,1.0784942879579091,1.1619936426166813,1.1382223998846885,nan,nan,nan,0.39216799233864486,nan,nan,nan,-2.34,4.44,1.65
1743702356.338531,2c08d2cc-7a1c-9d34-25ea-6265acb43d72,0dcd9048-e591-0ad2-377e-ed9553672efc,32,-74.0,nan,-69.0,nan,-58.0,-44.0,-64.0,3.119265243642787,nan,2.999150286893597,nan,0.4172247998666302,2.786008861435908,-0.530246896623546,1.2539299581878518,nan,1.1497474958181155,nan,0.4856578175119423,0.36205578764744756,0.288743873063089,nan,nan,nan,-2.34,4.44,1.65
1743702357.364403,2c08d2cc-7a1c-9d34-25ea-6265acb43d72,69b3870d-d473-6854-e21c-a0bc74dfe623,20,-72.0,-78.0,-69.0,-77.0,-58.0,-43.0,-61.0,3.0965064015991874,-0.8671111361760225,3.005297927953936,0.8873157404181268,0.16088006833240467,2.805311279569985,-0.6320122564109217,1.1335568079709788,1.0941297732967916,1.0886714914846196,1.2994301985699102,0.5179890971436173,0.48208295800528683,0.24184761633796584,-2.550055980682373,4.050204277038574,1.8266233205795288,-2.34,4.44,1.65
1743702358.312864,2c08d2cc-7a1c-9d34-25ea-6265acb43d72,9fdff862-6b67-f1fc-29bc-b3fc62ce0860,16,-74.0,-86.0,-74.0,-75.0,-63.0,-42.0,-62.0,3.106439459832965,-0.8581932749497831,2.9949648629244288,1.9463904574442599,0.17442803915114596,2.8155367438732584,-0.6824797687016664,1.174622352505837,1.014158174975993,1.111951913627711,1.2209159485766299,0.44778953968668783,0.5344770481802276,0.2189503993488242,-2.5388150215148926,4.059454917907715,1.8191403150558472,-2.34,4.44,1.65
1743702359.338024,2c08d2cc-7a1c-9d34-25ea-6265acb43d72,cbc63564-9e0a-cd4c-74bb-a0831ff74c1b,12,-72.0,-80.0,-73.0,-72.0,-62.0,-43.0,-61.0,3.065481640164201,-0.8569881945565224,3.039150966466587,3.135737427617145,0.055713477428993616,2.893374611504138,-0.7020119097665168,1.1239884696484876,0.9526748401537696,1.069700929512631,1.4193379613862915,0.34856708705914996,0.5618318681090982,0.37102720710524645,-2.5288214683532715,4.087275505065918,1.8019300699234009,-2.34,4.44,1.65
1743702360.313069,2c08d2cc-7a1c-9d34-25ea-6265acb43d72,5c6852cc-f814-2ba3-a61f-b17224e7998d,0,-66.0,-73.0,-66.0,-78.0,-59.0,-42.0,nan,3.0191548877378365,-0.8345665087069272,3.011797638910383,2.8657275141772813,-0.28031848686605937,2.8518607940733722,nan,1.157634980018603,1.0396663313709353,1.046083417754563,1.4127909793204954,0.5065322558879313,0.4372325831547362,nan,-2.51939868927002,4.117196083068848,1.8109427690505981,-2.34,4.44,1.65
1743702361.312528,2c08d2cc-7a1c-9d34-25ea-6265acb43d72,5c9df214-e33f-d59b-a146-c285a7dfaa82,16,-78.0,-85.0,-74.0,-74.0,-63.0,-41.0,-61.0,3.0595699551764426,-0.8401000248198939,3.1089332438777153,-3.0995317525975175,-0.03820693917581022,2.8386180723163674,-0.7321502672860618,1.1905334084385153,0.9865115002257169,1.1180485551531747,1.3466847963200577,0.41860781552303544,0.5207012549525525,0.27809649619451277,-2.5120513439178467,4.146670818328857,1.7985953092575073,-2.34,4.44,1.65
1743702362.356032,2c08d2cc-7a1c-9d34-25ea-6265acb43d72,bcea7e25-1af7-953e-e4ed-26685eaa4b1c,5,-65.0,-72.0,-75.0,-82.0,-59.0,nan,nan,3.111069099071959,-0.857412169802063,2.993969905941175,-2.9841140793790095,-0.32605590964209086,nan,nan,1.1926961615597687,0.9654707965593823,1.1692017544230897,1.384597024966208,0.534477048083717,nan,nan,nan,nan,nan,-2.34,4.44,1.65
1743702363.363273,2c08d2cc-7a1c-9d34-25ea-6265acb43d72,8539bdd6-752e-82ef-9bde-f8746909612c,29,-79.0,-88.0,-72.0,-77.0,-61.0,-45.0,-70.0,-3.1286893717922504,-0.8626695161099884,2.9464015878146155,-3.1132776585639617,0.02130547543772803,2.7279925720218654,0.055049125607877336,1.2159472889308693,1.0086730618158384,1.202578886048944,1.425930616664783,0.610758597122364,0.3707124683376571,0.3137140063707769,-2.50109338760376,4.1343994140625,1.8080723285675049,-2.34,4.44,1.65
1743702364.339249,2c08d2cc-7a1c-9d34-25ea-6265acb43d72,17f9be5c-da1e-8163-6d84-aa543fe70f78,33,-72.0,nan,-69.0,-83.0,-64.0,-43.0,-69.0,-3.0994342809016207,nan,2.9766146177493464,-3.1368026920531764,0.24307242435863238,2.7465050401462645,0.41774438297000666,1.1986744255747785,nan,1.2387065304486318,1.4533621079989805,0.5279728417471553,0.3733953655715011,0.27248914477048947,-2.491619348526001,4.121657848358154,1.8123878240585327,-2.34,4.44,1.65
1743702365.310264,2c08d2cc-7a1c-9d34-25ea-6265acb43d72,c81b5218-1c0b-df28-4699-df8cf3f93566,22,-80.0,-79.0,-67.0,-80.0,nan,-42.0,-62.0,-3.135938229963337,-0.864642385845519,3.0751995149818994,-3.027897512964348,nan,2.8443105278213854,-0.09623487292528246,1.1161678307913607,0.9870246247887478,1.191444342689377,1.4240605449473294,nan,0.4873546138887207,0.4345586041170288,-2.4922800064086914,4.109894752502441,1.80634605884552,-2.34,4.44,1.65
1743702366.357258,2c08d2cc-7a1c-9d34-25ea-6265acb43d72,387eb73a-5a9d-4a25-bea6-0fb6855b4b28,23,-75.0,-79.0,-66.0,-79.0,-56.0,-42.0,-60.0,3.0528758334604196,-0.8623637852168473,3.0456245784443516,-3.037069972390799,0.46340104677935007,2.8386180723163674,-0.41935039322998136,1.0136518414737417,0.8903896941063506,1.1836506017592603,1.3702806698942693,0.4276581049375352,0.5207012549525525,0.4026359190855017,-2.503920555114746,4.060946464538574,1.7915594577789307,-2.34,4.44,1.65
1743702367.365155,2c08d2cc-7a1c-9d34-25ea-6265acb43d72,f71b8895-621a-5de5-230b-4584a87d79aa,24,-76.0,-78.0,-65.0,-82.0,-56.0,-43.0,-61.0,2.942509111565356,-0.8487678152197748,3.066492576113995,-3.020901655096819,0.5709863602912557,-3.081743566561407,-0.5569381415213446,1.0222585789056324,1.0349900868128652,1.1710886040554112,1.2833705382484053,0.3894077265319182,0.5053859816379285,0.3303972586261032,-2.5178935527801514,3.9956090450286865,1.7709423303604126,-2.34,4.44,1.65
1743702368.311462,2c08d2cc-7a1c-9d34-25ea-6265acb43d72,54c99ec5-d654-2fb2-d3b7-366897cf66eb,18,-73.0,-79.0,-72.0,-73.0,-59.0,-42.0,-61.0,2.970494140932126,-0.8525375197427819,3.059549715152158,-2.7072971261929033,0.3943481154574634,3.0169202000776547,-0.6539604710644616,1.1946443970552163,0.8323518239444172,1.2076103962964306,1.2159699258001346,0.4730146869420574,0.5724052229767469,0.3396733808577296,-2.534658432006836,3.999572515487671,1.7528215646743774,-2.34,4.44,1.65
1743702369.3405,2c08d2cc-7a1c-9d34-25ea-6265acb43d72,ce8aea62-5945-bd3b-1066-4b34a3b2bbc5,23,-75.0,-80.0,-66.0,-81.0,-57.0,nan,-62.0,2.930541398258758,-0.8415743507993617,3.0586474361748395,-2.75510512881757,0.4937024357988,nan,-0.6539604710644616,1.0120026123896828,0.8393526752389903,1.1318044479737066,1.1343669415745805,0.38963065372063743,nan,0.3396733808577296,-2.559828281402588,3.94766092300415,1.743391513824463,-2.34,4.44,1.65
1743702370.312873,2c08d2cc-7a1c-9d34-25ea-6265acb43d72,e0d04b5e-2826-90fd-70cc-4e36609fd927,21,-75.0,-79.0,-68.0,-78.0,-57.0,-43.0,-61.0,2.9158071932117853,-0.8485848560528864,3.06290476549344,2.4901206003546856,0.17749375860183794,2.952821196709067,-0.689721259959668,1.0198850365840995,0.9089934056381809,1.1219504856243045,1.0967968625494788,0.48215727190354246,0.5851306606109925,0.3308365497190138,-2.5858066082000732,3.9298555850982666,1.7359155416488647,-2.34,4.44,1.65
1743702371.364615,2c08d2cc-7a1c-9d34-25ea-6265acb43d72,aed9d4c5-e792-66e1-cac1-b271b183c6ae,23,-79.0,-78.0,-66.0,-81.0,-56.0,-42.0,-61.0,2.8471658140116465,-0.8400507563397274,3.0701155404609386,0.7161027118335864,0.31401412091224146,3.120287178146864,-0.7037724306797466,1.0052224705704502,0.9421638093844176,1.1378644710341819,1.0755762623515093,0.468204819633065,0.6107585972370358,0.3129853596078507,-2.608428478240967,3.9380862712860107,1.7298896312713623,-2.34,4.44,1.65
1743702372.33727,2c08d2cc-7a1c-9d34-25ea-6265acb43d72,a4da409a-1250-8927-35f5-4be2f0ba34f1,14,nan,-87.0,-74.0,-71.0,-63.0,-42.0,-65.0,nan,-0.83674018078865,3.110576414270294,0.7336465518305926,0.14941764317338752,3.0124002745535887,-0.719880986583779,nan,0.8946646002881459,1.1102153328598976,1.077776366307051,0.36278607054029105,0.6243441823492256,0.3658566663622604,-2.6311941146850586,3.9489192962646484,1.7179176807403564,-2.34,4.44,1.65
1743702373.31099,2c08d2cc-7a1c-9d34-25ea-6265acb43d72,40441ea1-f062-fb3f-0766-39912e7d2bbe,27,-82.0,-81.0,-70.0,-77.0,-56.0,-44.0,-64.0,2.8538072051380867,-0.8445142143267002,3.0686646502990635,0.5808447548100971,0.2605248612028631,2.940733297718599,0.05607747440347043,1.0379276200742498,0.8162785149223258,1.151419694666576,1.0239118693103537,0.5088634709844095,0.5148495139529916,0.36599312364670067,-2.6629889011383057,3.9457170963287354,1.6880100965499878,-2.34,4.44,1.65
1743702374.338197,2c08d2cc-7a1c-9d34-25ea-6265acb43d72,acc13e33-df2c-ef00-6f65-275322929264,18,-74.0,-79.0,-71.0,-72.0,nan,nan,nan,2.8978276600604427,-0.848304957822319,3.040484144908281,0.5753107060649124,nan,nan,nan,1.2833050244855893,1.0406746707386665,1.138194037219079,0.9628830029281523,nan,nan,nan,nan,nan,nan,-2.34,4.44,1.65
1743702375.312521,2c08d2cc-7a1c-9d34-25ea-6265acb43d72,d1568ede-4ac3-859f-5cbe-5b83445b8f96,25,nan,-77.0,-66.0,-80.0,-56.0,-43.0,-63.0,nan,-0.8747765127415975,3.061424580559574,0.5233521668813576,0.43274289378398273,-3.063272491594684,-0.3164750423705593,nan,1.2215720183111707,1.0913549591780107,0.8112853541945362,0.46621409210662873,0.4699981115991169,0.3497989871088976,-2.705852508544922,3.9383175373077393,1.6529815196990967,-2.34,4.44,1.65
1743702376.313597,2c08d2cc-7a1c-9d34-25ea-6265acb43d72,f2d5c4ac-7be5-272b-9ebf-5b3c3b8cd7b3,23,nan,-79.0,-66.0,-78.0,-57.0,-41.0,-61.0,nan,-0.8724395888850531,3.055739796896691,0.5099114591758366,0.4937024357988,3.0610229190592015,-0.5055480110494981,nan,1.120377489526449,1.1460973672280528,0.7897339228101519,0.38963065372063743,0.522192949468939,0.35559049979124185,-2.7558281421661377,3.8665952682495117,1.6191394329071045,-2.34,4.44,1.65
1743702377.317743,2c08d2cc-7a1c-9d34-25ea-6265acb43d72,9cd7d8cb-993c-ab98-c904-eeafe3096be9,6,nan,-72.0,-76.0,-79.0,-60.0,-43.0,-70.0,nan,-0.8848808122334673,2.97424067595365,0.49817837036127455,nan,2.9877483346172364,-0.7070435432090169,nan,0.9322834151611963,1.1123607754340652,0.7083007151040903,0.575958653103665,0.43179901492595724,0.6167259971114346,-2.790438175201416,3.908226728439331,1.595836877822876,-2.34,4.44,1.65
1743702378.31059,2c08d2cc-7a1c-9d34-25ea-6265acb43d72,27fb2d7c-78c3-e3d1-70cb-5bb9cc36ea98,11,nan,-79.0,-72.0,-70.0,-60.0,-42.0,-67.0,nan,-0.8768638984040018,3.0006698866115964,0.500682807050385,-0.06044158181238539,2.999315941556371,-0.7820980956875829,nan,0.8704914199686329,1.118483848833348,0.5768608655564204,0.5228077176325808,0.53657933950584,0.5844590001068659,-2.8113157749176025,4.018609523773193,1.5684210062026978,-2.34,4.44,1.65
1743702379.312949,2c08d2cc-7a1c-9d34-25ea-6265acb43d72,11bbf3e6-e7d6-8b29-2133-6e6b622604e6,6,nan,-73.0,-76.0,-79.0,-60.0,-42.0,-68.0,nan,-0.8522296583207688,2.9910249824077653,0.42584558357417734,-0.3161351304852596,2.965671218055034,-0.9072142094253136,nan,0.8138948525886504,1.1598111821033614,0.543572051010216,0.5872000985721404,0.4649757469036154,0.6164485822772594,-2.8258275985717773,4.043375492095947,1.5483362674713135,-2.34,4.44,1.65
1743702380.313802,2c08d2cc-7a1c-9d34-25ea-6265acb43d72,c0caa2f8-efda-1d32-787f-7eee61d5ff93,23,nan,-78.0,-66.0,-79.0,-56.0,-42.0,-61.0,nan,-0.9848022168590768,2.968374264704423,0.4113918093899903,-0.26309521786198387,3.0805280025341326,-0.777178813404225,nan,0.9518015230533053,1.1379016221313885,0.5406635462047132,0.5257220514552693,0.5402288130971684,0.5390873740842768,-2.826829195022583,4.132559776306152,1.4987280368804932,-2.34,4.44,1.65
1743702381.313102,2c08d2cc-7a1c-9d34-25ea-6265acb43d72,c8263b2c-4650-91df-0eb7-a267506e922e,13,nan,-83.0,-73.0,-71.0,-61.0,-42.0,-65.0,nan,-0.9517691656460608,2.9824389510533496,0.35981809698395184,-0.13260552068165532,3.015486792360532,-0.777178813404225,nan,0.9688366327030788,1.1121240204131573,0.5387901122463834,0.3982638735439809,0.5897215023122828,0.5390873740842768,-2.826662540435791,4.161081790924072,1.4592646360397339,-2.34,4.44,1.65
1743702382.315778,2c08d2cc-7a1c-9d34-25ea-6265acb43d72,bc4a8e22-43b5-e267-114e-20a6c9c947a2,27,-79.0,-82.0,-71.0,-80.0,-57.0,-43.0,-63.0,-2.6018127775242816,-1.1167814231065152,2.97728200591852,0.3698630079835127,0.14084070620223121,2.8709939354141714,0.07903205432364993,1.2821964836818438,1.0779945457793558,1.1083178971622432,0.5655931641423496,0.5193006139904947,0.4393481920381818,0.4873974183861045,-2.8495938777923584,4.13070297241211,1.3990590572357178,-2.34,4.44,1.65
1743702383.338658,2c08d2cc-7a1c-9d34-25ea-6265acb43d72,79850be8-0884-070d-7db2-3e87b47e9d76,20,-72.0,-79.0,-69.0,-74.0,-56.0,-43.0,-62.0,-2.6046889915015674,-1.0297752845033539,2.94273068656805,0.3869362674159017,-0.03820693917581022,2.858528875777037,-0.34968000145403294,1.2809163021458427,1.1246950062856855,1.098027908763368,0.5353808665769184,0.41860781552303544,0.523297705507521,0.44645488953908735,-2.871866464614868,4.108876705169678,1.3649991750717163,-2.34,4.44,1.65
1743702384.339469,2c08d2cc-7a1c-9d34-25ea-6265acb43d72,e61b503a-2d12-24a1-f983-4d484b36811c,11,-69.0,-79.0,-73.0,-72.0,-59.0,-42.0,-66.0,-2.642252079728808,-1.0642305968965264,3.0113662068137903,0.3710803389177879,-0.038511755026297334,2.9112877376124704,-0.5949073039602546,1.2573177654105416,1.1176682557495112,1.0728495182904045,0.4850265823445135,0.4360482697374006,0.5810703791740358,0.5255180919419574,-2.893298387527466,4.12181806564331,1.3114873170852661,-2.34,4.44,1.65
1743702385.317608,2c08d2cc-7a1c-9d34-25ea-6265acb43d72,a84de357-33ca-6390-3f56-62f9264036b9,8,-68.0,-74.0,-74.0,-76.0,-62.0,-42.0,-67.0,-2.7501535134027852,-1.0522845883528125,2.988393246618549,0.3483401390018193,-0.1525484866920494,2.9229015090885317,-0.771921258891115,1.102551421032922,1.0828540823994506,1.0849952639158744,0.41310462144507476,0.640166753311023,0.49598967562118934,0.6053267813237165,-2.9030213356018066,4.14947509765625,1.30569863319397,-2.34,4.44,1.65
1743702386.365766,2c08d2cc-7a1c-9d34-25ea-6265acb43d72,bfef9ef6-3e5b-9dee-ecc0-a50d510b9641,3,-65.0,-75.0,-72.0,-78.0,-58.0,-42.0,-65.0,-2.955150338311635,-1.0037530048599714,2.926714968404532,0.29378049038158394,-0.4276171375693054,2.911225937016371,-0.8760263720236056,1.2527187525240837,1.1123423996225437,0.9901272740377174,0.44072066984281494,0.6010650010290116,0.4261662925744763,0.4782833065467825,-2.8894078731536865,4.23638916015625,1.2971136569976807,-2.34,4.44,1.65
1743702387.339244,2c08d2cc-7a1c-9d34-25ea-6265acb43d72,d433a2af-30cd-ca32-dbd3-056f0fea76a3,10,-68.0,-76.0,-71.0,-74.0,-64.0,-42.0,-66.0,-3.0132738291026144,-0.9484464727120235,2.950290868270567,0.2884637555813498,-0.32855669508065316,2.962444613813925,-0.9055477621214943,1.2220180977937594,1.0431621963548552,0.9765155913902135,0.40382097504311304,0.723137341183522,0.4993338257571105,0.5847124734101412,-2.8760805130004883,4.242764949798584,1.303491234779358,-2.34,4.44,1.65
1743702388.312412,2c08d2cc-7a1c-9d34-25ea-6265acb43d72,e72ba747-29e7-cdb6-e45b-1924f01a3cc3,16,-72.0,-87.0,-73.0,-74.0,-61.0,-42.0,-61.0,-3.0814265182427225,-0.9311015708484465,2.922198779827975,0.16712374473072353,-0.019954670490539807,2.916275594238702,-0.8452243687816875,1.1037936525233893,1.205897850557455,1.0508781729811418,0.43593982963293193,0.5060610610516988,0.5470653899837543,0.46367234545845143,-2.881850242614746,4.229619026184082,1.3210134506225586,-2.34,4.44,1.65
1743702389.365524,2c08d2cc-7a1c-9d34-25ea-6265acb43d72,0228fa12-6eee-7938-5ad4-1706aaed99c5,13,-73.0,-82.0,-74.0,-72.0,-61.0,-43.0,-66.0,-3.1224740864402234,-0.9769637348226464,2.9892119023376393,0.13838184498215234,nan,2.9320266544204134,-0.8059620641300225,1.137421187870738,1.2337454608119773,1.0270172482994404,0.257205767813899,0.3839724354012918,0.5831996405784611,0.5110275760438925,-2.8964455127716064,4.21170711517334,1.3410286903381348,-2.34,4.44,1.65
1743702390.364645,2c08d2cc-7a1c-9d34-25ea-6265acb43d72,3db545d7-69a1-eb7c-c51a-15e14dae98eb,4,-64.0,-72.0,-72.0,-82.0,-58.0,-41.0,nan,-3.119989623459288,-0.9796781617637098,2.8604203667569714,0.11462431752977345,-0.32605590964209086,2.9248999297668536,nan,1.2026641072038264,1.2031527972638558,1.0295348676359468,0.2767125239818615,0.534477048083717,0.4789482776375342,nan,-2.9236035346984863,4.168127536773682,1.4124542474746704,-2.34,4.44,1.65
1743702391.354019,2c08d2cc-7a1c-9d34-25ea-6265acb43d72,e2ff8381-b71f-cf9c-34db-391db398aab0,12,-71.0,-77.0,-72.0,-72.0,-60.0,-43.0,nan,3.0615374985897934,-0.9897628870215672,2.947386424785727,0.10576877427304197,-0.17039411761030077,2.9569562740995377,nan,1.1138629980259518,1.1694591489424462,1.0575752241743641,0.2613743472891728,0.3962054984734147,0.5508305100640499,nan,-2.957213878631592,4.12669038772583,1.4886231422424316,-2.34,4.44,1.65
1743702392.365555,2c08d2cc-7a1c-9d34-25ea-6265acb43d72,ef4dc14f-3f03-375a-4a2f-d02002495358,24,-74.0,-78.0,-66.0,-81.0,-57.0,-43.0,-63.0,3.050048089014973,-1.0495395350592134,3.0090130376745967,0.0677737213169905,0.22386278743196272,-2.968581908440487,-0.7264667793789538,1.045340129494322,1.3427549026574825,1.06765901732584,0.2863862901940062,0.3581441569311395,0.43059892471503936,0.4369879081266198,-2.970710039138794,4.107492446899414,1.571424961090088,-2.34,4.44,1.65
1743702393.365275,2c08d2cc-7a1c-9d34-25ea-6265acb43d72,d8e5d9d3-fa0d-b9b8-5628-9c725ca4fb58,28,-83.0,-85.0,-72.0,-76.0,-59.0,-45.0,-65.0,3.10674146230058,-1.2926379393677172,3.0254532637158738,0.11191535006894486,0.3228242387149019,2.993132628609495,-0.7823401135538764,1.1862004453449566,1.3165054553731166,1.1154392564961424,0.2789902923726927,0.5179342406144124,0.3455259901219378,0.37458943563937985,-2.9748778343200684,4.119225978851318,1.6284583806991577,-2.34,4.44,1.65
1743702394.357304,2c08d2cc-7a1c-9d34-25ea-6265acb43d72,6e401d12-b8c9-9cd1-e99a-47d6edab2491,31,-76.0,-94.0,-70.0,-77.0,-61.0,-44.0,-75.0,-3.0975924386917217,-1.393928608267791,3.0033724624858085,0.16678632222061046,0.3329974415759892,2.8123841169831465,-0.7882648730099512,1.1890344482189645,1.2663946173538585,1.1907508555415203,0.2896163717011361,0.5675060558438767,0.2982967753816236,0.2775184767736829,-2.970533609390259,4.108985900878906,1.69924521446228,-2.34,4.44,1.65
1743702395.365916,2c08d2cc-7a1c-9d34-25ea-6265acb43d72,69d62f4c-79a4-b131-b9ad-3c36dc76f589,6,-66.0,-71.0,-75.0,-81.0,-63.0,-42.0,-68.0,-3.089676991299789,-1.3487637930250285,2.983567066091107,0.28065882937465453,-0.09690523072236429,2.8806170647261466,-0.8863697283725518,1.1191862575708567,1.230795477272497,1.1299468931133763,0.23303914552857033,0.7655951651652267,0.3551413412707248,0.4587969641792991,-2.964622974395752,4.101847171783447,1.7263180017471313,-2.34,4.44,1.65
1743702396.311902,2c08d2cc-7a1c-9d34-25ea-6265acb43d72,34b641e3-59bc-d5d2-0c2a-b4dc9b5bc430,30,-77.0,-89.0,-71.0,-76.0,-60.0,-46.0,-71.0,-2.9586129803609555,-1.5944928678583128,3.0354582272990833,0.2713894308845247,0.11905987593554523,2.7398759057929616,-0.8559701904116415,1.2429228470864453,1.1201021186697349,1.157037899302207,0.28209530517712966,0.74694892116469,0.29058794254987147,0.309432550831364,-2.969899892807007,4.09624719619751,1.7484867572784424,-2.34,4.44,1.65
1743702397.313359,2c08d2cc-7a1c-9d34-25ea-6265acb43d72,68954e04-4e0e-1a54-31aa-bbf3d66f47f7,14,-70.0,nan,-74.0,-73.0,-62.0,-43.0,nan,-3.082869951553546,nan,3.0218750404752432,0.1964110598705429,0.05984908701471391,2.8302379443863854,nan,1.0682118229891133,nan,1.1077604309670623,0.23667357811295828,0.5053859815412729,0.45159776121531553,nan,-2.977299451828003,4.08591651916504,1.7654327154159546,-2.34,4.44,1.65
1743702398.311296,2c08d2cc-7a1c-9d34-25ea-6265acb43d72,0c8f309c-2daa-f38c-c418-66ce23c090a4,31,-76.0,-93.0,-70.0,-78.0,-61.0,nan,nan,-3.0729305017331523,-1.6288539043488965,3.051718956282889,0.2051219934800831,0.20956599911953333,nan,nan,1.1553848752135953,1.203001396555885,1.161155678979688,0.37687937219143547,0.5831996404707313,nan,nan,-2.949227809906006,4.03514862060547,1.7736389636993408,-2.34,4.44,1.65
1743702400.312656,2c08d2cc-7a1c-9d34-25ea-6265acb43d72,058cf3d8-de9c-b7dd-0931-c7919887d40c,35,-72.0,nan,-69.0,-92.0,-59.0,-43.0,nan,-3.0365455959721626,nan,3.089487906862393,0.06323170007786036,0.5305651624195122,2.8247838329942283,nan,1.1719356224401105,nan,1.2467961485758565,0.43145839530860114,0.38240170594175577,0.48479717741924294,nan,-2.912919044494629,4.009008884429932,1.7921963930130005,-2.34,4.44,1.65
1743702401.339726,2c08d2cc-7a1c-9d34-25ea-6265acb43d72,690a9769-caaa-4467-ed53-3923d70becac,35,-71.0,nan,-69.0,-100.0,nan,-42.0,-71.0,-3.1035885458860353,nan,3.0204443903376523,0.09026970936099883,nan,2.821848891793043,-0.7321502672860618,1.145296022056048,nan,1.2515460295380672,0.4460415658322524,nan,0.5013739588244848,0.27809649619451277,-2.8661327362060547,4.003361701965332,1.7853243350982666,-2.34,4.44,1.65
1743702402.36611,2c08d2cc-7a1c-9d34-25ea-6265acb43d72,bd737fe2-8242-7a7b-97f3-6017aeace90f,33,-74.0,nan,-69.0,-86.0,nan,nan,nan,-3.066372201232723,nan,3.0308674702120046,0.004661064539856683,nan,nan,nan,1.1978774746185723,nan,1.292056571301753,0.6002577344181753,nan,nan,nan,nan,nan,nan,-2.34,4.44,1.65
1743702403.338376,2c08d2cc-7a1c-9d34-25ea-6265acb43d72,5c03aebd-f177-f29d-fd3e-b9003378b0ab,12,-67.0,nan,-71.0,-73.0,nan,-43.0,nan,-3.107814449903773,nan,3.016767630136689,0.04675871715517523,nan,2.893374611504138,nan,1.1492618683933393,nan,1.267818076956506,0.6032157740199534,nan,0.5618318681090982,nan,nan,nan,nan,-2.34,4.44,1.65
1743702404.312677,2c08d2cc-7a1c-9d34-25ea-6265acb43d72,ad9ed02f-e758-88ac-4327-c6553bbbc237,6,-66.0,nan,-77.0,-85.0,-62.0,-42.0,-75.0,3.132980523256695,nan,2.959468654019198,0.15581969116777314,0.06552769848632228,2.9053526340103177,-0.8266403790489907,1.154833734026003,nan,1.216692707719982,0.4837190701178255,0.6447395048824673,0.4771084773835414,0.42855983799059943,-2.810683012008667,4.02754545211792,1.762364149093628,-2.34,4.44,1.65
1743702405.312345,2c08d2cc-7a1c-9d34-25ea-6265acb43d72,1bb91927-3907-1c8e-ae94-16f5ca99ad4d,3,-63.0,nan,-74.0,-81.0,-60.0,-42.0,-67.0,-3.0822864529587095,nan,2.914193317591197,0.21052607996407188,-0.34899068840685243,2.9129878812271306,-0.8026986045286139,1.1848636716357912,nan,1.21251367533743,0.9044603725677297,0.6333046619098275,0.4091705352903053,0.5433209627071369,-2.753448486328125,4.04879093170166,1.7430466413497925,-2.34,4.44,1.65
1743702406.313003,2c08d2cc-7a1c-9d34-25ea-6265acb43d72,cc79c4fa-9489-cc5f-c9ad-d00112cc1020,31,-78.0,nan,-71.0,-78.0,-62.0,-44.0,-72.0,-2.95645368934912,nan,2.8733068706396465,0.16125147452709876,0.022147173582854028,2.7720570199483316,-0.7678765533541423,1.1226068216749543,nan,1.2116173884725636,1.0511870330885635,0.6631061276416462,0.3272010157131051,0.43704495402874605,-2.7013068199157715,4.06951093673706,1.7456258535385132,-2.34,4.44,1.65
1743702407.342773,2c08d2cc-7a1c-9d34-25ea-6265acb43d72,f939f113-87d4-3f27-8538-65bf41eb8656,20,-72.0,nan,-70.0,-75.0,-60.0,-43.0,-60.0,-3.077104740425743,nan,2.9863159809682873,0.115852301108409,-0.08318575295122457,2.883515111999266,-0.7469114648089293,1.1406304301423382,nan,1.2332976502746809,0.5803084607455824,0.574377539920281,0.4919936119950844,0.32968432564166833,-2.653358221054077,4.098469257354736,1.7442251443862915,-2.34,4.44,1.65
1743702408.35726,2c08d2cc-7a1c-9d34-25ea-6265acb43d72,5c23e9cd-45b1-ebf7-71d7-2dc71029fc2f,9,-68.0,-75.0,-70.0,-78.0,nan,-41.0,-67.0,3.112427843860117,-2.970067768841605,2.944740840558842,0.12872548918563403,nan,2.9229015090885317,-0.8326147736242475,1.1154810015462293,0.3450578262478103,1.212181046517279,1.0159758489989992,nan,0.49598967562118934,0.4403436531459905,-2.6197350025177,4.110393524169922,1.7397748231887817,-2.34,4.44,1.65
1743702409.365735,2c08d2cc-7a1c-9d34-25ea-6265acb43d72,e6415852-67ba-e3e7-b536-84d9a590c9b8,26,-82.0,-81.0,-68.0,-80.0,-58.0,-43.0,-63.0,3.1114850848342295,-3.0104942878728984,3.0596722205623013,0.05927850375574674,0.1983499347917052,2.8518607940733722,-0.7996494135329556,1.0875054929803556,0.6525706071847652,1.1827047800981183,0.49829824589984173,0.6536419219096249,0.4372325831547362,0.31422912078120585,-2.597201347351074,4.103858947753906,1.743308186531067,-2.34,4.44,1.65
1743702410.339816,2c08d2cc-7a1c-9d34-25ea-6265acb43d72,00965354-38e7-9592-dbc6-f8f43641b36f,9,-68.0,-76.0,-70.0,-76.0,-66.0,-41.0,-65.0,-3.137946519741366,-3.024078273645066,2.953741259778874,0.0950181255846101,-0.049345335427866774,2.9267998736294363,-0.8658504503339164,1.1492149967581538,0.532953062348175,1.1626332007524638,0.6110682376521067,0.7847891757412544,0.46189956574303437,0.49801692611240767,-2.5741937160491943,4.118638038635254,1.7339589595794678,-2.34,4.44,1.65
1743702411.358036,2c08d2cc-7a1c-9d34-25ea-6265acb43d72,0006cfe0-3b16-fd60-3546-f2bb2ecaede6,10,-69.0,-76.0,-69.0,-75.0,nan,-42.0,-65.0,3.0057767643179325,-3.036451320069574,2.9713655272408004,0.04939524663435368,nan,2.964098894948099,-0.9001772974345872,1.124392870660016,0.38044641015548764,1.1653391055780387,1.1119732189164315,nan,0.4821572719948237,0.48068054755619627,-2.5771584510803223,4.169885158538818,1.7173914909362793,-2.34,4.44,1.65
1743702412.357676,2c08d2cc-7a1c-9d34-25ea-6265acb43d72,ef95b03c-bb35-3650-d447-8bbe90c2453c,27,-90.0,-82.0,-69.0,-77.0,-59.0,-44.0,-62.0,3.137054627092298,-3.0699216623335808,2.8460952232534353,0.048445829705740434,0.1749483156896787,2.825117611152978,-0.842972274281722,1.2291576332020981,0.797673072335787,1.1838245061784423,0.6447295951452993,0.795163297973024,0.34979898717403557,0.32680604174517125,-2.5819854736328125,4.19535255432129,1.7061200141906738,-2.34,4.44,1.65
1743702413.366169,2c08d2cc-7a1c-9d34-25ea-6265acb43d72,74686353-f513-22ca-255f-2dc262c0750a,30,-80.0,-86.0,-71.0,-76.0,-61.0,-45.0,-67.0,-3.109568674113808,-2.998762530638881,2.885419992541763,0.03188176667377459,0.2639172742102037,2.7218038675525267,-0.8023021861715741,1.2033392185401615,1.1070072890107878,1.1434898662047561,0.6609483127629092,0.7503509983349663,0.2884343942518294,0.2607324645390974,-2.596264123916626,4.19469118118286,1.704116702079773,-2.34,4.44,1.65
1743702414.366164,2c08d2cc-7a1c-9d34-25ea-6265acb43d72,275f52e8-1d4e-7707-8268-8ba801371983,20,-71.0,-80.0,-70.0,-75.0,-62.0,-43.0,-63.0,3.1309847503357893,-2.9562632733311793,2.8421351027124873,0.0731847320198135,nan,2.808252298229775,-0.7930319237152506,1.1378012209582928,1.1145490283227562,1.2006807179819898,0.5229930063188467,0.6108652381406577,0.46559874062565343,0.22416078622400717,-2.608366012573242,4.170199394226074,1.7195539474487305,-2.34,4.44,1.65
1743702415.3581,2c08d2cc-7a1c-9d34-25ea-6265acb43d72,ecd5f03b-2919-09cf-c52d-1614ad4cdb09,23,-71.0,-78.0,-67.0,-83.0,-58.0,-42.0,-62.0,3.0035972332818113,-2.9671809022199587,2.8522327443016313,0.03275368561466653,0.3294448222050639,2.999315941556371,-0.7552998354084223,1.0430009419508508,1.1604647218348667,1.1589792105788204,0.21634660161876498,0.5510013503076105,0.53657933950584,0.219021414312458,-2.626660108566284,4.160436153411865,1.740878939628601,-2.34,4.44,1.65
1743702416.357473,2c08d2cc-7a1c-9d34-25ea-6265acb43d72,63befb2c-245a-5fcf-f475-28035d25dea0,22,-71.0,-79.0,-68.0,-82.0,-59.0,-42.0,-61.0,2.981548389984827,-3.0447585184578583,2.8940443734158756,0.04485162749856948,0.4640727473697248,2.975559610324201,-0.7527199085097922,1.0015247379759022,1.054176564570232,1.1703719474060705,0.22634627216930814,0.5095600716759214,0.5696515379177208,0.20629867986450529,-2.642341375350952,4.14411449432373,1.7468546628952026,-2.34,4.44,1.65
1743702417.312588,2c08d2cc-7a1c-9d34-25ea-6265acb43d72,3cb7cbcb-e5cc-6e17-caa3-dcaba0e1a211,27,-90.0,-81.0,-69.0,-78.0,-59.0,-44.0,-64.0,3.0106727196659335,-3.1388602503113723,2.87765208427422,0.034752121696661996,0.47376908901772097,2.8374493240229426,-0.764050041478135,1.2500788940935428,1.2932712390749381,1.1849504906873278,0.24050282093108552,0.6075180590375135,0.4016964937167721,0.2569899398654227,-2.658778429031372,4.121313571929932,1.7554070949554443,-2.34,4.44,1.65
1743702418.31203,2c08d2cc-7a1c-9d34-25ea-6265acb43d72,877a9f3b-213b-494a-ccbc-4ca348e89024,29,-81.0,-89.0,-71.0,-76.0,-61.0,-45.0,-73.0,3.066310948527651,2.7503082430621193,2.8485085798332648,-0.023615580966277645,0.45878844514970446,2.73553195845117,-0.7605783112908646,1.321721389526091,1.1020050735352922,1.2048408419208028,0.2530038821802424,0.6279921816285469,0.32268651214024086,0.31200562028282564,-2.66526198387146,4.100195407867432,1.7610374689102173,-2.34,4.44,1.65
1743702419.340194,2c08d2cc-7a1c-9d34-25ea-6265acb43d72,5785a8bb-ef08-ead9-b9dc-ecd805499a2a,12,-70.0,nan,-71.0,-73.0,nan,nan,nan,3.0481077098447416,nan,2.881391162444691,0.05381822457275728,nan,nan,nan,1.1152029675284252,nan,1.115490122872963,0.22878729233496115,nan,nan,nan,nan,nan,nan,-2.34,4.44,1.65
1743702420.312348,2c08d2cc-7a1c-9d34-25ea-6265acb43d72,f13ba878-cfed-a781-20ba-4fc669929751,28,-84.0,nan,-71.0,-76.0,nan,nan,-65.0,3.0354736736334056,nan,2.8328310831281867,0.12110778320357138,nan,nan,-0.7707461217600707,1.1545013715219614,nan,1.1759752383395972,0.23698208868048715,nan,nan,0.28211426105582077,nan,nan,nan,-2.34,4.44,1.65
1743702421.311216,2c08d2cc-7a1c-9d34-25ea-6265acb43d72,6e7ca7e0-5dd4-0956-d44c-91000caf315d,22,-72.0,nan,-68.0,-82.0,-58.0,-42.0,-60.0,2.961851117930383,nan,2.8250328148242163,0.2191757608685402,0.17649317567045797,2.791912652059795,-0.7355696329096587,1.1258232544814977,nan,1.1068073521919504,0.2429189405405463,0.6556440760507873,0.44645488962021557,0.2910573865257356,-2.66966438293457,4.09528350830078,1.7659382820129395,-2.34,4.44,1.65
1743702422.312402,2c08d2cc-7a1c-9d34-25ea-6265acb43d72,4184ea82-6a9e-1254-3484-0b09e30109a9,19,-71.0,nan,-70.0,-75.0,-62.0,-43.0,-61.0,2.9644540915798263,nan,2.8184137942509335,0.13197694256051176,0.04115456698239704,2.8526243539542806,-0.7531810570023083,1.14462703599022,nan,1.132761588069481,0.2559740225202237,0.5581247523104204,0.5567866442241501,0.28662776820087243,-2.675715923309326,4.0830488204956055,1.7623714208602905,-2.34,4.44,1.65
1743702423.310543,2c08d2cc-7a1c-9d34-25ea-6265acb43d72,c784ae52-fa23-65f4-06be-077a9b9cbf6d,29,-82.0,nan,-71.0,-75.0,-60.0,-45.0,-66.0,2.967120448463214,nan,2.8015149718699446,0.10915897834071286,0.19332875290259866,2.7624533824901785,-0.7784742822842502,1.2417085787874236,nan,1.127017682230398,0.22288123327500603,0.6194023476403239,0.39218390688214055,0.24041475667081386,-2.6838319301605225,4.059509754180908,1.7824625968933105,-2.34,4.44,1.65
1743702424.367374,2c08d2cc-7a1c-9d34-25ea-6265acb43d72,9bdaa12f-00b2-c5c7-6438-19246905a82e,20,-72.0,-79.0,-70.0,-77.0,-59.0,-43.0,-62.0,2.9458039744660014,-1.7197991245203939,2.7972086403872867,0.09977213444651056,0.06240796462200505,2.8386180723163674,-0.7552998354084223,1.1170288307717833,1.3804426268237389,1.153288567961539,0.2231747136271328,0.5750689194937805,0.5207012549525525,0.219021414312458,-2.828261375427246,3.8268682956695557,1.811552882194519,-2.34,4.44,1.65
1743702425.341452,2c08d2cc-7a1c-9d34-25ea-6265acb43d72,68d77686-4ac1-31e3-761f-2ca645970614,17,-71.0,-83.0,-74.0,-76.0,-62.0,-42.0,-63.0,2.9386416690303423,-1.6723880660562038,2.842465334687657,0.04065794773002171,0.1195978450373325,2.8494535107322583,-0.7702198157674462,1.1760902868986887,1.4521028322775367,1.117907008141237,0.2617075087415417,0.5031114666697031,0.573508444662438,0.20297934426152942,-3.0529823303222656,3.5969479084014893,1.845849871635437,-2.34,4.44,1.65
1743702426.365824,2c08d2cc-7a1c-9d34-25ea-6265acb43d72,dd5a3d61-59e9-9b0b-8a2d-b64ffa03133f,14,-70.0,nan,-73.0,-73.0,nan,-42.0,nan,2.987422790717324,nan,2.84613144224426,0.013088637809412431,nan,2.8877083115086086,nan,1.1710842098396121,nan,1.05895607319957,0.2783658143865827,nan,0.5956445426945661,nan,nan,nan,nan,-2.34,4.44,1.65
1743702427.311956,2c08d2cc-7a1c-9d34-25ea-6265acb43d72,ba3aa02e-eaec-62ce-b6a2-a30527c54dbc,0,-65.0,nan,-66.0,-75.0,nan,-43.0,nan,3.052655323722161,nan,2.847458761731555,0.0735410629736661,nan,2.8518607940733722,nan,1.2064258222435633,nan,1.0302537213931866,0.36081538423315923,nan,0.4372325831547362,nan,nan,nan,nan,-2.34,4.44,1.65
1743702428.31046,2c08d2cc-7a1c-9d34-25ea-6265acb43d72,d4baf355-4ca0-f998-4202-8dbb4404bbe2,20,-70.0,nan,-70.0,-77.0,-59.0,-42.0,-63.0,2.9560315783163422,nan,2.88446231981377,0.06088279199641047,nan,2.8386180723163674,-0.7678009385834459,1.2244401096471318,nan,1.1290948147226054,0.30854855086391403,0.48869219051146523,0.5207012549525525,0.19043725856586516,-3.21853256225586,3.495514392852783,1.8667558431625366,-2.34,4.44,1.65
1743702429.317828,2c08d2cc-7a1c-9d34-25ea-6265acb43d72,34468570-3489-e0e6-97d8-bc1b1e4a2c46,30,-77.0,nan,-72.0,-76.0,-60.0,-44.0,-70.0,3.095583349965366,nan,2.870499898850703,0.09620775964354851,0.23298530391157218,2.7279925720218654,-0.7852754413908591,1.2430746472685796,nan,1.172011788847287,0.23197854162444626,0.5980575326401096,0.3707124683376571,0.18727154424258208,-3.343430995941162,3.40282416343689,1.884297251701355,-2.34,4.44,1.65
1743702430.31201,2c08d2cc-7a1c-9d34-25ea-6265acb43d72,9cfb1d66-49dd-37b2-7a99-97f42e7893c3,35,-72.0,nan,-69.0,-98.0,-61.0,-43.0,-66.0,-3.035239315457479,nan,2.9953989581821117,-0.08154519362989925,0.5305651624195122,2.769758155754873,-0.697691707657027,1.137053937956416,nan,1.2848854774344967,0.21929811647587255,0.38240170594175577,0.4599397102378498,0.20252174617906316,-3.441328525543213,3.29669737815857,1.889906883239746,-2.34,4.44,1.65
