1740407336.179667,1d5ab4ef-0f65-dd99-0b6e-312f5d6add59,1028021a-bda7-9b59-6d56-48ba20474f7e,18,nan,-65.0,-82.0,-81.0,-52.0,-50.0,-53.0,nan,1.7375719963711467,0.7785093646057403,1.0998612954368057,0.6398030916911362,1.798086902077612,-0.7152506190432936,nan,0.7066640028771549,0.5915149094545813,0.14174285414637322,0.3579622909539977,0.6660526107898289,0.19958939238587903,-1.6759119033813477,1.6382423639297485,-0.005488334223628044,-1.14,0.39,1.92
1740407337.180136,1d5ab4ef-0f65-dd99-0b6e-312f5d6add59,4a9d7397-c52e-83d7-c2f6-455fd7abb903,10,nan,-70.0,-70.0,-72.0,-59.0,-57.0,-61.0,nan,1.767457457491798,0.9438408019228405,1.146189379443715,0.6067350882674067,1.8532388171751997,nan,nan,0.645777149560082,0.588052467142342,0.12459994472910024,0.5543129823210408,0.6279921816975977,0.48869219051146523,-1.6789066791534424,1.6219000816345215,-0.08816684782505035,-1.14,0.39,1.92
1740407338.180064,1d5ab4ef-0f65-dd99-0b6e-312f5d6add59,f62b9f8f-a889-a292-a269-3ea527b276af,21,-72.0,-63.0,-81.0,-81.0,-53.0,-56.0,-53.0,1.5281399429828793,1.7161521917236393,0.9849280512205829,1.1226773954438414,0.6535161158811339,1.8894026643376893,-0.4084340199817494,0.18344329628510642,0.5571974489373339,0.5741096869923139,0.11222376076793286,0.46053528886972056,0.5512124579567853,0.33871245477336964,-1.6811949014663696,1.631726622581482,-0.1390955150127411,-1.14,0.39,1.92
1740407339.179381,1d5ab4ef-0f65-dd99-0b6e-312f5d6add59,0830e1fb-78ab-4470-a9e9-9b5e2f1e26b0,11,-70.0,-72.0,-72.0,-75.0,-53.0,-53.0,nan,1.6227231743614794,1.705114454269697,1.0032870848272624,1.118760418112553,0.6703231484532366,1.889847178144716,nan,0.1507301572980364,0.514697159654709,0.5311840575940898,0.161621903589972,0.5018425066387275,0.5715160116272564,nan,-1.6688746213912964,1.5999451875686646,-0.09414391219615936,-1.14,0.39,1.92
1740407340.176631,1d5ab4ef-0f65-dd99-0b6e-312f5d6add59,bf2c288d-26b4-3cac-0b6c-c37787bd31cc,3,-73.0,-60.0,-72.0,-66.0,-51.0,-59.0,-54.0,1.5483528030243627,1.8076498846632738,1.0012385813167732,1.1763475482599903,0.6958946030779044,2.930562340619385,-0.6617142271025441,0.13631745405128537,0.569432443748835,0.44931219396697875,0.10273995284291645,0.6378112687643595,0.8440869769134675,0.4274139566136109,-1.6468250751495361,1.6479098796844482,-0.06546445935964584,-1.14,0.39,1.92
1740407341.176777,1d5ab4ef-0f65-dd99-0b6e-312f5d6add59,e610ae71-5db4-1255-1779-086ccc30194f,34,-80.0,-63.0,-84.0,-83.0,-55.0,-46.0,-52.0,1.809174810703453,1.8007997017073718,1.049526751885981,1.2171152182269234,0.7804957846377258,1.117935586379711,-0.7499892080286366,0.1094144420682787,0.5821390510998756,0.5048525849481493,0.11848133212464318,0.6177812822476346,0.9609100594768992,0.44358628506941855,-1.6280046701431274,1.7557708024978638,-0.0653782933950424,-1.14,0.39,1.92
1740407342.179749,1d5ab4ef-0f65-dd99-0b6e-312f5d6add59,ddd4309e-848e-3448-5078-fd7c57660782,18,-77.0,nan,-78.0,-74.0,-49.0,-52.0,-51.0,1.902276791883751,nan,1.059637975596685,1.2778890869347495,0.8223500236819092,1.8240180963366177,0.09547708423888131,0.5325437677781434,nan,0.42889037564846494,0.16762448559468565,0.3743599157127818,0.8262072321860905,0.4171854285770732,-1.68308424949646,1.6749590635299683,-0.06630145013332367,-2.34,0.39,1.92
1740407343.176874,1d5ab4ef-0f65-dd99-0b6e-312f5d6add59,9b400a9f-4bd9-67b7-d078-4a2b98f800d1,5,-72.0,nan,nan,-67.0,-56.0,-46.0,-48.0,1.8727705649023272,nan,nan,1.3442257665275332,0.9960290124461141,2.1616714198946156,-0.2897318594533487,0.19315907386344713,nan,nan,0.21280770993848364,0.3514649019088433,0.5232471051354491,0.4372325830735791,-1.7722417116165161,1.6948312520980835,0.03904537484049797,-2.34,0.39,1.92
1740407344.177163,1d5ab4ef-0f65-dd99-0b6e-312f5d6add59,b350a239-2276-900d-6da1-aeb87b1d1792,28,-76.0,nan,nan,-67.0,-58.0,-51.0,-53.0,1.8796377920892058,nan,nan,1.3566739140947817,0.9716039045775167,2.189263079668957,-0.4326933029412103,0.21917083402052356,nan,nan,0.2279375442101441,0.25716315129813894,0.3475821416366512,0.6169284377287559,-1.8739506006240845,1.7602936029434204,0.1763831079006195,-2.34,0.39,1.92
1740407345.179585,1d5ab4ef-0f65-dd99-0b6e-312f5d6add59,daf06db2-59a4-5710-6c6b-f71aefea71f0,34,-87.0,nan,nan,-73.0,-65.0,-56.0,-49.0,1.8772787639956134,nan,nan,1.356682968842488,1.090584490481464,2.0899179885027,0.2897318594533487,0.1526191707487432,nan,nan,0.16642288395559873,0.16658404547137426,0.4333132246348707,0.4372325830735791,-1.9750030040740967,1.803480863571167,0.33342090249061584,-2.34,0.39,1.92
1740407346.179283,1d5ab4ef-0f65-dd99-0b6e-312f5d6add59,0e1d5036-c6ac-1c18-f5a3-845dcec4e0f1,26,-78.0,nan,nan,-81.0,-62.0,-46.0,-45.0,1.8760750151828975,nan,nan,1.3801571359548825,1.3726528154174884,2.254974985670361,0.06240796462200505,0.16296305487017906,nan,nan,0.2300260783607683,0.7470515038543913,0.33698096355086815,0.5750689194937805,-2.104356288909912,1.7529529333114624,0.5306965708732605,-2.34,0.39,1.92
1740407347.192146,1d5ab4ef-0f65-dd99-0b6e-312f5d6add59,61c4854b-d82e-e8a9-dc2a-1678b4b30381,13,nan,nan,nan,nan,nan,nan,-45.0,nan,nan,nan,nan,nan,nan,-0.16603304322633974,nan,nan,nan,nan,nan,nan,0.5696515378113365,nan,nan,nan,-3.54,0.39,1.92
1740407348.178255,1d5ab4ef-0f65-dd99-0b6e-312f5d6add59,8886737e-a4f3-00c1-fbfc-9d31ccc35cac,22,nan,-66.0,nan,-69.0,-52.0,nan,-45.0,nan,2.8866626235063944,nan,1.2082567454929927,1.0662109246779912,nan,-0.25098324788163884,nan,0.19768786252091097,nan,0.2649524706612623,0.4782833065539977,nan,0.5787443453583402,nan,nan,nan,-3.54,0.39,1.92
1740407349.180343,1d5ab4ef-0f65-dd99-0b6e-312f5d6add59,bb9eac2f-b018-58d8-40bb-48f469696f53,31,nan,-63.0,-75.0,-68.0,-50.0,-48.0,-45.0,nan,2.9028429250252796,1.2735135132637494,1.4339327499501984,1.012943466403351,2.355299648366956,0.28746049113072625,nan,0.22221437773805022,0.5541604133197212,0.35430442142110624,0.3795626957944025,0.3318294786313438,0.4205010374807627,-2.21065878868103,1.7155715227127075,0.643392264842987,-3.54,0.39,1.92
1740407350.179468,1d5ab4ef-0f65-dd99-0b6e-312f5d6add59,8a6daccd-c9ed-5fc2-d537-efb520724732,34,nan,-68.0,-77.0,-69.0,-53.0,-58.0,-48.0,nan,2.9363566768150546,1.3224299235341068,1.4169535001042892,1.0177711170071417,2.6292528397441735,0.5689034036607464,nan,0.21133717896356913,0.5967898992047286,0.4431901192531046,0.3524379355478534,0.6483919990509686,0.29753926357473964,-2.3250768184661865,1.674643635749817,0.590488851070404,-3.54,0.39,1.92
1740407351.177993,1d5ab4ef-0f65-dd99-0b6e-312f5d6add59,9e6fe290-0aaf-624d-f092-7a396ad20463,9,nan,-67.0,-76.0,-75.0,-53.0,-55.0,-44.0,nan,2.9573674199191258,1.316528092242382,1.477376896812661,1.1557409235898575,2.5217680964797395,0.6256652203729616,nan,0.23563504515636827,0.43498495322408404,0.3836112442159105,0.46201484451773117,0.5340655750498186,0.30165459348322604,-2.44672179222107,1.6393215656280518,0.4181305766105652,-3.54,0.39,1.92
1740407352.180432,1d5ab4ef-0f65-dd99-0b6e-312f5d6add59,1457c955-d645-0204-254e-19ed534652e9,2,nan,-66.0,-72.0,-73.0,-57.0,-59.0,-42.0,nan,2.9407988295133065,1.3454343090302112,1.8717159531106558,1.3162106552619612,-3.035192066344827,0.6341560736752576,nan,0.2609231745109997,0.3287024884662794,0.2668517872164364,0.44234671788131036,0.6082032149921255,0.40468800099744523,-2.605700969696045,1.5035440921783447,0.28976789116859436,-4.74,0.39,1.92
1740407353.179648,1d5ab4ef-0f65-dd99-0b6e-312f5d6add59,c77d343e-c16a-0deb-2360-e97bba3bb1e8,27,nan,-70.0,-83.0,-81.0,-55.0,-52.0,-44.0,nan,2.960761352412323,1.3080677620914185,1.9675215754296025,1.100861335657739,2.640751579957161,0.6398030916911362,nan,0.23609397439121618,0.3050681655038303,0.25231472266915717,0.6089078645197797,0.4203105117859497,0.3579622909539977,-2.736640214920044,1.3716609477996826,0.18661539256572723,-4.74,0.39,1.92
1740407354.179085,1d5ab4ef-0f65-dd99-0b6e-312f5d6add59,b0e64e78-80ee-b0a0-e38a-38326828a7a4,2,nan,-68.0,-73.0,-69.0,-59.0,-52.0,-37.0,nan,-3.0417049379519727,1.2241864435533016,1.9532715330688066,1.028302260900338,2.4802662877319315,0.7179118618016956,nan,0.2591244255764898,0.3193746335902224,0.2195633340309308,1.3050149721659678,0.29414926657102675,0.2954015192830881,-2.838973045349121,1.350191593170166,0.08957237005233765,-4.74,0.39,1.92
1740407355.180779,1d5ab4ef-0f65-dd99-0b6e-312f5d6add59,815076ca-0651-fd85-306b-3681c6340457,12,-81.0,-65.0,-68.0,-73.0,-54.0,-63.0,-41.0,2.0551145415789627,-3.1394887563286304,1.1650064767578876,2.036437260222019,0.8281272670109768,2.3660379339706337,0.7730600576769111,0.4383099098450479,0.35872197316878884,0.33273907502002614,0.30582044193275043,0.6783470433130805,0.22797021592699002,0.34971596559796014,-2.922177314758301,1.346069097518921,-0.02853318303823471,-4.74,0.39,1.92
1740407356.177271,1d5ab4ef-0f65-dd99-0b6e-312f5d6add59,2a5568ec-9b27-d045-ec61-659a227651b7,13,-80.0,-74.0,-80.0,-74.0,-53.0,-52.0,-39.0,1.930769419754291,3.088242080104454,1.3133458810558465,2.0329602371028113,1.7446965145313047,1.5707963266424714,1.0866034714713908,0.4268177372405972,0.6928961258317178,0.4965970185954991,0.2336650383190094,0.5149982896680596,0.8552113334772217,0.6219111349519606,-2.993014097213745,1.2933905124664307,-0.17852312326431274,-4.74,0.39,1.92
1740407357.180053,1d5ab4ef-0f65-dd99-0b6e-312f5d6add59,f6e8053e-af07-d6a8-12fc-758697e3da07,1,-72.0,-67.0,-73.0,-69.0,-51.0,-57.0,-36.0,2.5923939756969987,3.1189430011508867,1.4630421659292006,2.257521708643819,1.868708523807633,2.159986424757013,1.8076934924712142,0.3824189137063684,0.6981620608341588,0.31786605270123336,0.34496271810738083,0.5618046738892285,0.6354029213360173,0.6255322904454593,-3.0646190643310547,1.2209912538528442,-0.344103217124939,-5.94,0.39,1.92
1740407358.176589,1d5ab4ef-0f65-dd99-0b6e-312f5d6add59,891af37b-a13b-be35-8280-f43846c6feb3,21,-85.0,-69.0,-78.0,-75.0,-54.0,-57.0,-39.0,2.3344268767064733,-3.0978915116821377,1.473244736065294,2.217060834834463,1.926144211862387,1.234897573701538,1.9633287337367096,0.4784780356715769,0.6587733756796688,0.3013743610718904,0.2786837625312245,0.7363142909282805,0.7635752551152224,0.5493236940639241,-3.136666774749756,1.2342970371246338,-0.5086915493011475,-5.94,0.39,1.92
1740407359.179707,1d5ab4ef-0f65-dd99-0b6e-312f5d6add59,8b1bc061-2b13-1a60-6c5a-701fb43b3f7a,6,-76.0,-68.0,-72.0,-66.0,-51.0,-56.0,-34.0,2.3611586224642522,-2.9408696695983028,1.412407484123524,2.238710736600153,-2.8293217247289446,1.928881860563635,2.041664081315721,0.3885817014954071,0.7059394233235716,0.17720805386966074,0.33685276008733067,1.223625078443791,0.8534888820825112,0.37563524266350823,-3.1873691082000732,1.269681692123413,-0.6007471084594727,-5.94,0.39,1.92
1740407360.180301,1d5ab4ef-0f65-dd99-0b6e-312f5d6add59,8fb8dcdf-48cf-7a16-aef3-a60f3b92147c,25,-87.0,-68.0,-85.0,-92.0,-54.0,-55.0,-37.0,2.337548634136264,-2.9491558290139754,1.6128359224984514,2.2816685902475675,2.4733320700443477,2.429693418804337,2.1324132378420675,0.5120012083937081,0.7017073940353267,0.10582129680316539,0.35617961972365836,0.6318367467050838,0.6991695442732191,0.298296775369464,-3.2385940551757812,1.319462776184082,-0.6058380603790283,-5.94,0.39,1.92
1740407361.180812,1d5ab4ef-0f65-dd99-0b6e-312f5d6add59,d0ac73ca-7075-ba7e-c231-bc9195b02b13,6,-77.0,-78.0,-80.0,-71.0,-46.0,-46.0,-39.0,2.286574132975493,-3.0460072746929963,1.6381551276140527,2.2923574535987097,2.289410898632529,2.5027769932160373,2.4734182410594987,0.4343643368215547,0.7752205603965743,0.10870671533096855,0.3528402154537807,0.3499088370913043,0.5280272988270851,0.321624442447525,-3.292140007019043,1.3752003908157349,-0.5976895689964294,-7.14,0.84,1.92
1740407362.178698,1d5ab4ef-0f65-dd99-0b6e-312f5d6add59,6b1007c0-f2af-5d3a-ba20-95981e220053,27,-72.0,-74.0,-71.0,-72.0,-42.0,-47.0,-45.0,2.313947700555982,-2.8058748328905136,1.6723261475608593,2.3132046786118496,2.1806379514767573,1.3443111157228702,2.539762515548484,0.4592263437570167,0.7894251292817571,0.18754148508381807,0.3795296835292551,0.22739861689875798,0.9051251337600669,0.2765562991594316,-3.3313522338867188,1.4363043308258057,-0.6246573328971863,-7.14,0.84,1.92
1740407363.179621,1d5ab4ef-0f65-dd99-0b6e-312f5d6add59,3839f39b-a69e-0a6b-3670-7ed50d4f9627,31,-74.0,-74.0,-73.0,-69.0,-46.0,-48.0,-40.0,2.347523237683047,-2.75753180120285,1.8423498084025702,2.2867339226408983,2.1840534100338913,0.9055477621214943,2.527299796473606,0.3185532814205283,0.7690274458606222,0.09060466012472514,0.35796194028319384,0.46389089278929657,0.5847124734101412,0.24482559921158753,-3.367466449737549,1.5084452629089355,-0.671279549598694,-7.14,0.84,1.92
1740407364.18044,1d5ab4ef-0f65-dd99-0b6e-312f5d6add59,5750d370-0877-d80e-3ab3-112f31bb2654,17,-71.0,-74.0,-77.0,-72.0,-42.0,-48.0,-45.0,2.359670980679334,3.114198313352802,1.8062346808600056,2.300773575275578,2.2254254766423407,1.8581976424814441,2.703579051520981,0.27427784546855427,0.6897416780995462,0.12325037952432417,0.25434639833050815,0.31309123137199024,0.7796383896947123,0.3995699034231803,-3.365410804748535,1.5431365966796875,-0.68743759393692,-7.14,0.84,1.92
1740407365.177321,1d5ab4ef-0f65-dd99-0b6e-312f5d6add59,93fc948f-f56f-d2ce-a5aa-a9340824438d,21,-69.0,-75.0,-73.0,-74.0,-43.0,-47.0,-38.0,2.395847360926971,-3.1160737113924357,1.7515013941366973,2.3130619331774214,3.121012923832256,2.3402198913087724,2.759618094318326,0.2538409137108543,0.6716052847599976,0.09103545139818067,0.21877758499605973,0.5584101928917887,0.8008781088193971,0.5086264940497297,-3.343308448791504,1.496422529220581,-0.730693519115448,-7.14,0.84,1.92
1740407366.176689,1d5ab4ef-0f65-dd99-0b6e-312f5d6add59,6928adb4-6427-3e20-1f2c-5dbb9ad49729,6,-74.0,-81.0,-69.0,-80.0,-48.0,-47.0,-43.0,2.4138221003883515,-3.053032959964734,1.763922910093045,2.36678854500868,2.617785560753883,2.508725449036941,-3.043715584872727,0.22190984526739962,0.5488418808857511,0.07031589999217448,0.22807859187937748,0.35223357457220755,0.5139846754266914,0.4693009554972427,-3.322920322418213,1.4656254053115845,-0.834542155265808,-7.14,0.84,1.92
1740407367.180841,1d5ab4ef-0f65-dd99-0b6e-312f5d6add59,600ef03b-718d-8348-ae60-7f6c83e9fccf,20,-73.0,-79.0,-70.0,-65.0,nan,nan,-47.0,2.4605525880359718,-3.043826944708548,1.786853259710845,2.46883981271608,nan,nan,-2.769758155754873,0.24772849295593172,0.6123918952929033,0.0806585440792278,0.23677223158658892,nan,nan,0.4599397102378498,nan,nan,nan,-7.14,2.04,1.92
1740407368.181127,1d5ab4ef-0f65-dd99-0b6e-312f5d6add59,0479f1ee-5c2f-3612-0e59-884f796f16a8,16,-74.0,-70.0,-78.0,-69.0,-43.0,-58.0,-46.0,2.377272344955886,-2.950138535456215,1.8431008198299728,2.5162653854082113,2.3281982579771294,2.456640144096094,-2.5624879333885606,0.34390287986207013,0.5843196474004325,0.10322275898141262,0.2964001087878404,0.23229496321363016,0.43553386997830407,0.41870132062206944,-3.342895984649658,1.486075758934021,-1.0780360698699951,-7.14,2.04,1.92
1740407369.185486,1d5ab4ef-0f65-dd99-0b6e-312f5d6add59,65eeb5b6-344d-16c9-dd83-1e9a3bbed0d7,30,-73.0,-72.0,-71.0,-74.0,-43.0,-53.0,-58.0,2.4684696333245593,-2.9236408815582537,1.8848384130659124,2.5471521950987324,2.29904504185518,2.617785560753883,-2.6625310793096855,0.337886099879795,0.5931971617361573,0.15216468566396435,0.2606936599593053,0.2007425487429814,0.35223357457220755,0.48986944804807175,-3.37981629371643,1.519925594329834,-1.2252689599990845,-7.14,2.04,1.92
1740407370.178159,1d5ab4ef-0f65-dd99-0b6e-312f5d6add59,e4d22f7c-41bc-4f0b-fb18-833e4509c7ba,9,-80.0,-86.0,-67.0,-63.0,-43.0,-47.0,-51.0,2.5018395744154702,-2.741467080875274,1.8701958207604388,2.6097439375666465,2.284234071603252,2.4864151437965343,-2.514435980898979,0.2686886359992913,0.45637416480856907,0.3585222360870329,0.25182822971702695,0.18549940214866983,0.2665347862578054,0.4998818759734909,-3.443368434906006,1.5752227306365967,-1.2172669172286987,-7.14,2.04,1.92
1740407371.176899,1d5ab4ef-0f65-dd99-0b6e-312f5d6add59,23a061b0-36a6-0763-cbb9-53d47387f054,34,-74.0,-77.0,-73.0,-68.0,-39.0,-56.0,-50.0,2.4964978059009892,-2.764735119319296,1.855009943592589,2.734369223937995,2.2871162398806506,1.9500489548634221,-2.408226031253532,0.34782135522147184,0.33895316194956254,0.28558401291561986,0.18430997212760228,0.24690743252152775,0.9443116766976547,0.5416016548439568,-3.6507492065429688,1.6487723588943481,-1.0939115285873413,-7.14,2.04,1.92
1740407372.180966,1d5ab4ef-0f65-dd99-0b6e-312f5d6add59,962b45f3-4c90-7317-4b66-eab2f80e63f2,0,-73.0,-70.0,-70.0,-67.0,-45.0,-50.0,-45.0,2.5116341482725635,-2.780246434772354,1.8776846297457415,2.756515006298658,2.2859152428727207,0.6025232640787406,-2.3155490417430697,0.36125104409798253,0.3175262000566256,0.2367508430740842,0.15540899843816933,0.4025660375368858,1.1951580511423707,0.6119813062630486,-3.988295316696167,1.7559131383895874,-0.9127066135406494,-7.14,3.24,1.92
1740407373.178494,1d5ab4ef-0f65-dd99-0b6e-312f5d6add59,5bd72c71-9005-c3e5-0c1f-4e38fac56d4c,23,-68.0,-74.0,-86.0,-68.0,-40.0,-52.0,-57.0,2.5475932145752496,-2.748467466116656,1.8513880445100812,2.8271974321582327,2.2571067363742343,-2.5590712679021945,-2.389742618151856,0.3290165750273406,0.4250024933520855,0.2563285059060701,0.17023142069625058,0.4176130410577298,1.0809754640040115,0.39908236509574974,-4.33866834640503,1.8987962007522583,-0.7233161330223083,-7.14,3.24,1.92
1740407374.180388,1d5ab4ef-0f65-dd99-0b6e-312f5d6add59,6515323a-3d3f-1b79-64b5-47d3e8bd3849,12,-67.0,-71.0,-70.0,-65.0,-47.0,-57.0,-46.0,2.574123625354619,-2.8059033287141775,1.9363285022137224,2.8524505908788003,2.3070854834327648,-3.0673462424965976,-2.385230112751072,0.17444299357837234,0.43959308743727543,0.26655384606948385,0.19507408642429588,0.30347293437275163,1.0809596799965804,0.5013739588138157,-4.71597719192505,2.0466115474700928,-0.5192054510116577,-7.14,3.24,1.92
1740407375.180424,1d5ab4ef-0f65-dd99-0b6e-312f5d6add59,90cd7b31-65b1-7afe-f7c4-5fce1a7631b2,35,-77.0,-81.0,-73.0,-69.0,-48.0,-59.0,-53.0,2.562428619743645,-2.4741754559600544,1.921122385021588,2.8956193668845485,2.325113298423546,-3.0807852070222737,-2.4424378121566317,0.16884998910455604,0.46374938997338,0.31032754247208694,0.25073676643377163,0.24426660181217608,0.9590616391894055,0.6034116484079771,-5.135896682739258,2.23391318321228,-0.34354954957962036,-7.14,3.24,1.92
1740407376.181031,1d5ab4ef-0f65-dd99-0b6e-312f5d6add59,046a40fe-2592-2075-c948-ecb577ccff28,20,-74.0,-91.0,-70.0,-72.0,-40.0,-62.0,-46.0,2.5805530288582883,-2.4500251122468883,1.9769060224788237,2.912472382894788,2.6388569961326005,-2.9263373321087776,-2.488562598750067,0.12793694383161838,0.38406055278132045,0.5910182964903089,0.27947805032634065,0.5009624613439587,0.8611453751682338,0.6042727794938555,-5.57185459136963,2.4313766956329346,-0.16872313618659973,-7.14,4.44,1.92
1740407377.184932,1d5ab4ef-0f65-dd99-0b6e-312f5d6add59,32e790aa-9e21-bd73-1511-9e221ed07ea4,1,-71.0,-71.0,-75.0,-67.0,-36.0,-50.0,-53.0,2.6204711504374862,-2.3962106160996575,2.000147961944163,2.9255777986190674,2.763161027972889,-3.001092811874765,-2.2332334232685627,0.16391576746064132,0.42120885366878125,0.521864458517412,0.3140658549837448,0.49241947153321713,0.7281166634061935,0.7024763146084056,-6.026312828063965,2.6564502716064453,0.051067203283309937,-7.14,4.44,1.92
1740407378.180202,1d5ab4ef-0f65-dd99-0b6e-312f5d6add59,1ae56dfd-8890-dda5-6076-a57168df37ad,0,-68.0,-77.0,-88.0,-66.0,-34.0,-53.0,-51.0,2.6862549577879693,-2.341009678288931,2.0134563105435075,3.0021852252718513,2.763161027972889,-3.095355158942804,-2.200478050633101,0.1446099967311957,0.3569923166198096,0.44312763483602857,0.34237971816611296,0.49241947153321713,0.715055569191279,0.5954224059152937,-6.437063217163086,2.8869001865386963,0.40486830472946167,-7.14,4.44,1.92
1740407379.17713,1d5ab4ef-0f65-dd99-0b6e-312f5d6add59,2b208736-f932-5362-c83a-fb95b6cd9009,19,-69.0,-77.0,-69.0,-71.0,-41.0,nan,-46.0,2.7095320509796976,-2.350594927684344,2.062425451403448,3.099473163053536,2.7757399670087457,nan,-2.2381838789301596,0.10234314184049464,0.30405559836786855,0.7111137455845139,0.4117386195429458,0.42738019583939146,nan,0.6699680553742658,-6.832321643829346,3.1059327125549316,0.6550036668777466,-7.14,4.44,1.92
1740407380.177338,1d5ab4ef-0f65-dd99-0b6e-312f5d6add59,edd441c2-3cdd-bb95-a9b9-a55b9fca8fdc,24,-65.0,-75.0,-70.0,-64.0,-42.0,-50.0,-46.0,2.730814436514957,-2.331126421167538,2.0002145409714154,-3.128309605020805,2.962444613813925,3.026184162053681,-2.2517050384931703,0.1283996514262628,0.2847064680469251,0.5632806747888065,0.35771053787629037,0.4993338257571105,0.7122818312310487,0.6267548653536608,-7.21023178100586,3.3213329315185547,0.7161858081817627,-7.14,4.44,1.92
1740407381.18099,1d5ab4ef-0f65-dd99-0b6e-312f5d6add59,34cac88b-ba4c-6df3-aafb-677f5920400e,12,-69.0,-68.0,-66.0,-69.0,-35.0,-62.0,-53.0,2.7311670390432834,-2.37771150021964,1.9802637359811954,-3.135636493811831,2.856592343295635,1.0834756324859502,-1.8161019991715552,0.20289893640489626,0.32533445521468346,0.5536474552042582,0.3427379466222423,0.6433537564911327,1.1127370132429928,0.9928882024388801,-7.363764762878418,3.524644613265991,0.747269093990326,-5.94,4.44,1.92
1740407382.178091,1d5ab4ef-0f65-dd99-0b6e-312f5d6add59,ec8ba37b-b62d-cd74-f294-a49c376c8aad,29,-72.0,-71.0,nan,-67.0,-34.0,-50.0,-56.0,2.7139917805411446,-2.4134955968387075,nan,3.1091207304184567,2.6740483413694056,2.9213466451350794,-2.638108745224649,0.21332661023212876,0.4744304302888199,nan,0.4121273744830702,0.7635752551997452,1.071899074498765,1.3524164488955759,-7.381674766540527,3.692888021469116,0.7354366779327393,-5.94,4.44,1.92
1740407383.180133,1d5ab4ef-0f65-dd99-0b6e-312f5d6add59,92ae0f7b-570e-1e47-7b47-5a698d377b0e,23,-65.0,-70.0,-73.0,-67.0,-33.0,-51.0,-46.0,2.5518611965382103,-2.3805216678018915,1.8683715554137346,-3.1200652572342467,2.5738105504703515,2.9153547157908912,-1.748445937732169,0.2673034260478003,0.5251646477402382,0.33283478237170083,0.4466923425341269,0.8414204712027741,0.6854510147979884,1.3757010451055605,-7.348289966583252,3.820068120956421,0.7385429739952087,-5.94,4.44,1.92
1740407384.181232,1d5ab4ef-0f65-dd99-0b6e-312f5d6add59,ebf1ea2a-3718-db12-4c6c-55676893e528,31,-71.0,-74.0,-79.0,-67.0,-34.0,-51.0,-56.0,2.5894107026438915,-2.4015854078116554,1.8461554656002934,-3.138155311570828,2.470932054618552,-3.121012923832256,1.787677349327425,0.18269746137707293,0.590960239578545,0.3181591668687102,0.41345988713449133,0.8230429432004183,0.5584101928917887,1.4099161172296704,-7.296220302581787,3.9557738304138184,0.7410609126091003,-5.94,4.44,1.92
1740407385.177873,1d5ab4ef-0f65-dd99-0b6e-312f5d6add59,48a533f3-0e83-03d5-7f30-c6b432fcd736,11,-69.0,-77.0,-86.0,-66.0,-34.0,-47.0,-57.0,2.5702503238652077,-2.4512235347374243,1.819281507040304,3.1153370810349204,2.4619609300154623,3.0760649550870856,-1.0627676884600388,0.1971440783158304,0.5032377439316662,0.44553483285583756,0.5682129822856877,0.9322529108741258,0.6447395050024075,1.1276806690598582,-7.154168605804443,4.086773872375488,0.6959465742111206,-5.94,4.44,1.92
1740407386.181804,1d5ab4ef-0f65-dd99-0b6e-312f5d6add59,56ea2751-c908-1a26-9e30-f58e54943621,36,-73.0,-68.0,-86.0,-61.0,-50.0,-53.0,-55.0,2.550059301744663,-2.4470972329444556,1.804328922783945,3.1341752173217046,1.1037059266472462,-1.2979935561120823,-1.2316294989144099,0.19024795583112472,0.402618757548024,0.4212518970098997,0.4527036630361673,1.1975651132072682,1.316864298067279,0.8594514486110427,-6.962466716766357,4.216466426849365,0.6866836547851562,-4.74,4.44,1.92
1740407387.178484,1d5ab4ef-0f65-dd99-0b6e-312f5d6add59,39989b8b-a4e8-1b6b-f2e1-32d1691372d1,26,-64.0,-73.0,-77.0,-57.0,-45.0,-52.0,-62.0,2.5635492779303504,-2.4095482594709923,1.7368705197400196,-3.0999408141409543,0.5232896897227819,-0.3122709286802576,-1.9587365891432698,0.22250098380561315,0.3778240287196003,0.5257196172218971,0.2959849219738971,0.9458464195099138,1.2236250782648186,0.9221827257587117,-6.770331382751465,4.326485633850098,0.7147939801216125,-4.74,4.44,1.92
1740407388.181057,1d5ab4ef-0f65-dd99-0b6e-312f5d6add59,851fd22d-dbb2-2dec-d3b2-49c53516613e,21,-63.0,-71.0,-75.0,-57.0,-45.0,-48.0,-56.0,2.6691920846838313,-2.339665314570659,1.6594630794957765,-3.0689839633137637,0.414604559554386,3.1044295326276368,-1.1735510763697816,0.22329548798256788,0.37043002826910415,0.6835608806836357,0.3247053832756931,0.7586028551818101,1.0818177696859026,0.5903723669840697,-6.455109596252441,4.402699947357178,0.738701045513153,-4.74,4.44,1.92
1740407389.180688,1d5ab4ef-0f65-dd99-0b6e-312f5d6add59,b93bf2e8-feb6-9536-c87b-6ebd59654ff0,17,-62.0,-74.0,-72.0,-57.0,-45.0,-51.0,-61.0,2.645799942933012,-2.345717348147864,1.6413535840832378,-3.0563549871084987,0.3460523075250789,-3.0294877778841944,-1.1654410498669787,0.26238030645667976,0.31992154700958375,0.6309344872777162,0.3870357364826162,0.7027656856600591,0.6776007658417098,0.562962621701035,-6.1081085205078125,4.479194164276123,0.742907702922821,-4.74,4.44,1.92
1740407390.178173,1d5ab4ef-0f65-dd99-0b6e-312f5d6add59,5364d786-1021-d810-0bce-e95e096f7e67,25,-64.0,-67.0,-78.0,-60.0,-44.0,-48.0,-53.0,2.603374188871395,-2.317511010094508,1.5579146166021833,-3.105587514600249,0.14273462317299895,-2.958876924699167,-1.1329311173554357,0.23782702647058523,0.3348137440882251,0.7137615934983251,0.35091465011711254,0.7453952508896832,0.5336707782535076,0.6529873724058491,-5.7650885581970215,4.5381293296813965,0.7808356881141663,-4.74,4.44,1.92
1740407391.181801,1d5ab4ef-0f65-dd99-0b6e-312f5d6add59,7e620756-5979-f1e8-78b4-4ec205b9ca28,20,-63.0,-63.0,-72.0,-43.0,-46.0,-53.0,-57.0,2.5248295788416883,-2.3052255816698635,1.5530506191872626,3.1404293848256466,0.37480543243407316,2.354288213989878,-1.2949967136255078,0.27402647635116445,0.2593933549123173,0.7387034952664894,0.5025816076180979,0.6457806630805172,1.4474613369352138,0.6691455175878761,-5.522178649902344,4.56693983078003,0.7960785627365112,-3.54,4.44,1.92
1740407392.179818,1d5ab4ef-0f65-dd99-0b6e-312f5d6add59,c660e8f1-bb1d-1e3b-81d1-1d21c0de367c,29,-65.0,-67.0,nan,-42.0,-52.0,-50.0,nan,2.5209754521121255,-2.2624757209035846,nan,3.1242410938234912,-3.041409460543505,3.0284973469562635,nan,0.2862615543864496,0.24202551657385196,nan,0.5756418701464638,1.3954017432327144,0.9044595291610283,nan,nan,nan,nan,-3.54,4.44,1.92
1740407393.181804,1d5ab4ef-0f65-dd99-0b6e-312f5d6add59,1345590b-eec7-03e9-c107-543f92069816,22,-69.0,-74.0,-74.0,-41.0,-51.0,-48.0,-62.0,2.5086077320097977,-2.25018496615676,1.5349389932458517,3.082059817949944,-0.4161481085315934,-3.0374666315414296,-0.9884592523034765,0.43553522888432167,0.21122334547172505,0.6867012802410573,0.788739964512307,1.1734380186079025,0.8350566937000035,0.47388429700054946,-5.304315567016602,4.591094970703125,0.7945756316184998,-3.54,4.44,1.92
1740407394.180875,1d5ab4ef-0f65-dd99-0b6e-312f5d6add59,3f25b1f2-68cd-940f-06d7-20987a1ad31d,34,-66.0,-68.0,-85.0,-42.0,-56.0,-48.0,-54.0,2.502208155910337,-2.1555673800000976,1.4949718695025966,3.068657193448011,0.13119947072022053,-3.121012923832256,-0.9207387132276296,0.4788612312629256,0.20669467332755892,0.6887696243016672,1.0164045513554747,1.008404706730594,0.5584101928917887,0.3236864548017152,-5.141806602478027,4.614200592041016,0.7461417317390442,-3.54,4.44,1.92
1740407395.177929,1d5ab4ef-0f65-dd99-0b6e-312f5d6add59,72e66877-9f61-db5f-506d-9f2c26fc47c7,7,-73.0,-69.0,-81.0,-40.0,-56.0,-43.0,-55.0,2.467487459514538,-2.0899979571173657,1.4581584611222134,3.0642975987435515,0.5284825599114625,1.735343537553065,-0.8956943438677696,0.4182332372038085,0.23189894639736655,0.7539080145619699,1.0693755578064505,0.5769016325358709,1.4646373413537057,0.39894676310574834,-4.898279190063477,4.65286922454834,0.7170541286468506,-3.54,4.44,1.92
1740407396.181509,1d5ab4ef-0f65-dd99-0b6e-312f5d6add59,6c03d58f-0140-0737-6f72-9bfbcb044f07,16,-67.0,-68.0,-72.0,nan,-57.0,-40.0,-52.0,2.402066374704524,-2.0224966771798902,1.329028704083105,nan,-0.13576990659341784,2.7927623100704877,-0.8734503193867235,0.2658481749596401,0.2376858289985406,0.7707010428686553,nan,0.4501533301615126,1.0378862306746417,0.436551967359347,-4.717225074768066,4.6902494430542,0.742855131626129,-2.34,4.44,1.92
1740407397.181981,1d5ab4ef-0f65-dd99-0b6e-312f5d6add59,020ce5c1-cce9-2f1b-857a-61c80116b941,18,nan,-71.0,-76.0,nan,-54.0,-38.0,-54.0,nan,-1.9639987459396457,1.2747060767998868,nan,-1.7476256636979195,0.8004730695386115,-0.8223500236819092,nan,0.1956024575845676,0.7303572815682357,nan,1.1092700437081804,1.2269761102061922,0.3743599157127818,-4.543514251708984,4.708458423614502,0.7299587726593018,-2.34,4.44,1.92
1740407398.181683,1d5ab4ef-0f65-dd99-0b6e-312f5d6add59,76f978ea-14e9-ee87-b385-2eb1fae4e018,3,nan,-61.0,-74.0,nan,-53.0,-37.0,-55.0,nan,-1.9670501959166586,1.1941912601957394,nan,-0.9025151919449566,2.5247694123471955,-0.821261216717667,nan,0.17870568250866678,0.5847376305335205,nan,0.7244289777855113,1.1713719401253573,0.3208126082301309,-4.32686948776245,4.706438064575195,0.7176464796066284,-2.34,4.44,1.92
1740407399.181042,1d5ab4ef-0f65-dd99-0b6e-312f5d6add59,8872a687-681a-460e-f7e1-7f88cca04e99,27,nan,-67.0,-76.0,nan,-53.0,-44.0,-58.0,nan,-1.9566179281365454,1.1472184248889217,nan,0.06389100734946034,0.7220795056348999,-0.7696083917014737,nan,0.19285911870092015,0.5865979817129953,nan,0.6099059500752477,1.1406165456923074,0.3930658123150711,-4.177585124969482,4.694762229919434,0.7229391932487488,-2.34,4.44,1.92
1740407400.181863,1d5ab4ef-0f65-dd99-0b6e-312f5d6add59,92152a01-4bc6-f77f-8191-bdab407ab0fb,8,nan,-74.0,-77.0,nan,-50.0,-37.0,-65.0,nan,-1.9515359509864016,1.0560312565323906,nan,0.43801360197673045,0.5406386198943774,-0.7707461217600707,nan,0.11607655591695047,0.42048117819043074,nan,0.39956990335272086,0.7087630593237358,0.28211426105582077,-4.03547763824463,4.673453330993652,0.7581114172935486,-2.34,4.44,1.92
1740407401.181193,1d5ab4ef-0f65-dd99-0b6e-312f5d6add59,f52ba64a-73ba-bda3-a108-486d3c405d7a,6,nan,-68.0,-81.0,-63.0,-47.0,-36.0,-54.0,nan,-1.9148731443656626,1.0294486477956557,0.3434034372891394,0.6225706482412446,1.671806875260681,-0.749751358561313,nan,0.15667666311704703,0.32624841881128497,0.16576107177995722,0.28749147516942697,1.237419123031183,0.2738746756605917,-3.871304750442505,4.646350383758545,0.811984419822693,-1.14,4.44,1.92
1740407402.181396,1d5ab4ef-0f65-dd99-0b6e-312f5d6add59,aece13ef-0ba7-92ca-38be-39526ac3e174,11,-70.0,-63.0,-75.0,-72.0,-52.0,-39.0,-58.0,1.835588042394859,-1.8340980037649597,1.0333698861846883,0.28742299222734685,0.7053395057319415,1.8013948359229475,-0.6350204741364257,0.3201907260167635,0.20058767876335734,0.3420060100861476,0.18931428484245655,0.242521718698813,1.1397784602778673,0.4660902493401423,-3.6535072326660156,4.627102375030518,0.8720900416374207,-1.14,4.44,1.92
1740407403.180975,1d5ab4ef-0f65-dd99-0b6e-312f5d6add59,ea07de87-f579-4ac6-6c75-437bc0842afd,2,-70.0,-69.0,nan,-68.0,-50.0,nan,-61.0,1.8266621916853496,-1.7756456125793556,nan,0.2924872593562415,0.6700488058774685,nan,-0.6859986729999404,0.38184833144281893,0.19497991039024795,nan,0.15428787419827322,0.24936840003563077,nan,0.3173518618595028,-3.4109365940094,4.611812591552734,0.9326862692832947,-1.14,4.44,1.92
1740407404.17871,1d5ab4ef-0f65-dd99-0b6e-312f5d6add59,aac7ec9b-00e0-1196-0ce7-98ba1c86f21d,31,-78.0,-66.0,nan,-74.0,-49.0,nan,-64.0,1.4302938066367141,-1.7214837070679234,nan,0.29395945480683733,0.7176478216000378,nan,-0.67289330739282,0.3109471601892075,0.17794979416751822,nan,0.201634700545922,0.2127518123527144,nan,0.26303285845254676,-3.12858247756958,4.600475311279297,1.0248520374298096,-1.14,4.44,1.92
1740407405.18162,1d5ab4ef-0f65-dd99-0b6e-312f5d6add59,096237f9-a3e5-95db-3463-45a2113971b7,20,-81.0,-73.0,nan,-68.0,-52.0,-45.0,nan,1.415067982052513,-1.6934354276252634,nan,0.28049078390987053,0.6374281909403248,1.9756818542341816,nan,0.42159507860587,0.18622496804369423,nan,0.22122532964346522,0.2699568183870234,1.1123949422211996,nan,-2.9133574962615967,4.552085876464844,1.072709083557129,-1.14,4.44,1.92
1740407406.180025,1d5ab4ef-0f65-dd99-0b6e-312f5d6add59,a8b34734-1118-c234-df6b-da3c8a87dc7c,11,-71.0,-68.0,nan,-58.0,-53.0,-36.0,-53.0,1.467456089119898,-1.5474420019315558,nan,0.23410730615228748,0.7377685561250699,2.499945918909499,-0.6646614801134572,0.3635167949743947,0.1738459461514902,nan,0.23531977681757332,0.22248671690437516,0.7097457278824312,0.30790528399241884,-2.82551383972168,4.367773532867432,1.1196763515472412,-2.34,4.44,1.92
1740407407.178668,1d5ab4ef-0f65-dd99-0b6e-312f5d6add59,b1b49391-5bf3-bf80-27a1-cd8cc3297abb,5,-74.0,-65.0,nan,-57.0,-48.0,-40.0,-56.0,1.4267464760647284,-1.7006565889210132,nan,0.1580849759909946,0.8051473215590226,2.540893512998441,-0.722939219920918,0.3632543737384811,0.15503236088100486,nan,0.2020181624533798,0.19616063599246095,0.5399447066224883,0.23898927679881474,-2.810919761657715,4.174208164215088,1.181287407875061,-2.34,4.44,1.92
1740407408.181058,1d5ab4ef-0f65-dd99-0b6e-312f5d6add59,f71192de-6792-0ec3-7675-2b15f25b9614,32,-76.0,-75.0,-71.0,-64.0,-48.0,-49.0,-53.0,1.46221552072684,-1.715899058262027,0.8319124023645543,0.16653944718756009,0.8051473215590226,2.745586363464888,-0.6256886939181845,0.43751984981816233,0.18829252980073402,0.2767036356817234,0.19384778396609845,0.19616063599246095,0.6416514641697177,0.37647967729807924,-2.7661941051483154,4.0573091506958,1.2011301517486572,-2.34,4.44,1.92
1740407409.18158,1d5ab4ef-0f65-dd99-0b6e-312f5d6add59,47516785-8a14-1290-2caf-362d364238c0,28,-70.0,-78.0,-74.0,-63.0,-48.0,-50.0,-56.0,1.5191304690151413,-1.6823963585907762,0.9014174447062053,0.15500982388028006,0.8027288081431954,2.7596880668709685,-0.5219272649614453,0.49342003386260275,0.10510719512399586,0.2048882511601582,0.1587231359672048,0.18405004135362624,0.5931997762015031,0.49642858894448444,-2.7576777935028076,3.9668827056884766,1.211974859237671,-2.34,4.44,1.92
1740407410.181885,1d5ab4ef-0f65-dd99-0b6e-312f5d6add59,5b6400d4-eada-d573-dcb9-c66586d58921,5,-75.0,-68.0,-81.0,-58.0,-48.0,-41.0,-52.0,1.4760778068329203,-1.7846413712674796,0.8753999587527852,0.17576250667472254,0.7852754413908591,2.6969871774389897,-0.6980374593419439,0.4677655367657604,0.126596441696927,0.2793291796214052,0.1209337622710915,0.18727154424258208,0.5136190924972062,0.41644133155681906,-2.7451109886169434,3.89216160774231,1.2102012634277344,-2.34,4.44,1.92
1740407411.181431,1d5ab4ef-0f65-dd99-0b6e-312f5d6add59,b16b22c9-85af-dad8-4a5f-bd623870eda6,12,-67.0,-78.0,-73.0,-48.0,-52.0,-45.0,-62.0,1.4426902888788151,-1.815757612285911,0.9073315265389442,0.19093347014046794,0.45993057001723564,1.5707963265279499,-0.8223500236819092,0.5506543284551182,0.137379522694009,0.344830525448772,0.19037800131610463,0.4120318653264278,1.1868238913561442,0.3743599157127818,-2.714296340942383,3.8760926723480225,1.203548789024353,-3.54,4.44,1.92
1740407412.182184,1d5ab4ef-0f65-dd99-0b6e-312f5d6add59,e06a828c-20ed-8b2f-f41f-f29ec34226de,20,-71.0,-81.0,-68.0,nan,-52.0,-45.0,-59.0,1.3578446397099806,-1.8935149918973906,0.9742767384408111,nan,0.15457290507310853,2.39104746686439,-0.903717081376584,0.5163819419393203,0.13043126883096498,0.21386185567696425,nan,0.657414686905569,0.9025114294803046,0.3303783656791582,-2.715250015258789,3.8572633266448975,1.1955124139785767,-3.54,4.44,1.92
1740407413.186845,1d5ab4ef-0f65-dd99-0b6e-312f5d6add59,44b7aeab-2c44-2c92-b0c9-24679accc499,23,-80.0,-80.0,-68.0,nan,-53.0,-46.0,-50.0,1.3471195573680135,-1.9395187028835283,0.9810848434514897,nan,-0.06468919166691497,2.5503573697279007,-0.9523295737475177,0.5804897554367895,0.11469302708589751,0.2725190273056387,nan,0.627323189105638,0.833787182424343,0.3475821415971532,-2.73949670791626,3.874879837036133,1.20038640499115,-3.54,4.44,1.92
1740407414.181805,1d5ab4ef-0f65-dd99-0b6e-312f5d6add59,5595cf2a-17ef-23ca-e29a-d3ff47d59999,25,-77.0,-82.0,-69.0,nan,-52.0,-45.0,-51.0,1.435489101291241,-1.9904165050049047,1.0023123678682933,nan,-0.20722761913146848,2.600954033559824,-0.9803965757470811,0.7302261874635764,0.08631938425943546,0.2762557752101561,nan,0.566123939630687,0.7087630594353488,0.39720150931294884,-2.7977466583251953,3.9285707473754883,1.1960190534591675,-3.54,4.44,1.92
1740407415.180831,1d5ab4ef-0f65-dd99-0b6e-312f5d6add59,1d1c44da-5943-91bd-ddc3-214fc187a570,20,-74.0,-86.0,-73.0,nan,-56.0,-46.0,-53.0,1.2818545337978775,-1.9623539776504126,1.013158624039859,nan,-0.2538843420205008,2.6798135893931043,-0.9766602068639317,0.650462315707804,0.13486490773610732,0.28008591684515133,nan,0.5956445425859546,0.6956295312137084,0.42560438511751497,-2.86467981338501,4.003780364990234,1.1743515729904175,-3.54,4.44,1.92
1740407416.182713,1d5ab4ef-0f65-dd99-0b6e-312f5d6add59,5712a371-6e41-fde5-9ee1-e869fd3d4b3f,29,-71.0,-71.0,-77.0,nan,-45.0,-55.0,-51.0,1.2654910067959946,-1.9907940080894235,1.032017799299255,nan,0.3253490519767478,2.771493006621659,-0.8255997049529236,0.5503757285155824,0.22498561323411623,0.24263305019752626,nan,0.4160513923124053,0.6295239094920442,0.3326759586997372,-2.820417881011963,4.15720796585083,1.1552073955535889,-4.74,4.44,1.92
1740407417.181372,1d5ab4ef-0f65-dd99-0b6e-312f5d6add59,d16dd522-a491-b026-0c1b-076cdbc423ef,16,-68.0,-73.0,-73.0,nan,-46.0,-53.0,-51.0,1.1557780909485453,-2.2219442733253416,1.0871750612681041,nan,0.3393692693775611,2.982660628275473,-1.3660006729013383,0.585613411057993,0.11835752842346814,0.3342812450282638,nan,0.4985498150953905,0.6918934659606665,0.616890658446056,-2.7448980808258057,4.302730083465576,1.1256455183029175,-4.74,4.44,1.92
1740407418.179477,1d5ab4ef-0f65-dd99-0b6e-312f5d6add59,35c16f6c-21c7-080f-c12b-90795ea93a3b,30,-69.0,-72.0,-71.0,nan,-43.0,-48.0,-57.0,1.0885918629680265,-2.2437494373825833,1.103270407948216,nan,0.3943481154574634,3.039877693314897,-1.7156520702161906,0.5786641585095402,0.1346427751340595,0.27393463058307027,nan,0.4730146869420574,0.5387671785829465,0.7390713315938326,-2.7355339527130127,4.379255771636963,1.164247751235962,-4.74,4.44,1.92
1740407419.182005,1d5ab4ef-0f65-dd99-0b6e-312f5d6add59,c7f52c53-b139-7a2e-03b4-ff27e876410c,8,-71.0,-78.0,-67.0,nan,-44.0,-46.0,-51.0,1.0092139498332335,-2.216155892696054,1.1235892618010845,nan,0.38568839897059887,3.0994954800997996,-1.1813439117998594,0.6538010541874091,0.17384308325331835,0.3272269973538346,nan,0.5248099119285263,0.5930011102822185,0.5290628587616333,-2.7632815837860107,4.454224109649658,1.206459403038025,-4.74,4.44,1.92
1740407420.182707,1d5ab4ef-0f65-dd99-0b6e-312f5d6add59,06006df5-c3da-30ad-2d8e-600e0431f23b,2,-72.0,-74.0,-68.0,nan,-43.0,-45.0,-56.0,1.0389529370939303,-2.2351596776026414,1.167459780754069,nan,0.4430256438293886,3.1177303941226415,-1.7615439733438052,0.7692632021961215,0.20144758018983033,0.46137847752342337,nan,0.5808620509320197,0.750349561264787,0.5282042826820337,-2.8256630897521973,4.524104118347168,1.2372512817382812,-4.74,4.44,1.92
1740407421.182678,1d5ab4ef-0f65-dd99-0b6e-312f5d6add59,9c37d34b-ddd3-3224-233b-18d0b14bbc80,9,-65.0,-70.0,-75.0,-63.0,-43.0,-50.0,-57.0,1.0437330449345137,-2.2957857408699684,1.2109625171605134,-3.138404849764968,0.5243515665376508,0.39830548434939667,-1.794931362696672,0.796926654861265,0.2519365038600955,0.3642046894839622,0.31639908370427683,0.8187292766113541,1.344149882364226,0.5732045357124451,-2.9432148933410645,4.522247314453125,1.2427911758422852,-5.94,4.44,1.92
1740407422.182356,1d5ab4ef-0f65-dd99-0b6e-312f5d6add59,7938a766-aa76-613c-ff3d-e844f84211fd,27,-69.0,-75.0,-76.0,-74.0,nan,-56.0,nan,1.0490383281420605,-2.5027562344626753,1.358233461229132,-3.124796629226881,nan,-2.5787866435557922,nan,0.8632514168081706,0.3431356897310456,0.2164123317634195,0.2549544146521301,nan,0.9530995440070283,nan,-3.0919315814971924,4.52738380432129,1.2450090646743774,-5.94,4.44,1.92
1740407423.182002,1d5ab4ef-0f65-dd99-0b6e-312f5d6add59,2d5f75be-43ee-4efe-02ce-5822454b7750,19,-68.0,-85.0,-72.0,-80.0,nan,-57.0,-52.0,1.1740753392179348,-2.2471966330975817,1.4625947548660672,-3.073909479749865,nan,-2.8446521171266625,-2.7242283541975856,0.7435609013577122,0.268381323854253,0.348597400363121,0.26196693392122905,nan,0.7804798919096935,1.0806854425849195,-3.2810373306274414,4.50474739074707,1.2460271120071411,-5.94,4.44,1.92
1740407424.181131,1d5ab4ef-0f65-dd99-0b6e-312f5d6add59,30175e10-40f8-4b2d-aed5-7fdf2104059e,5,-74.0,-70.0,-75.0,-63.0,nan,-47.0,-61.0,1.5066967025177793,-2.2460482780355395,1.5166750344900883,-2.9370211355070297,nan,-3.1173320187271587,-2.215136300657822,0.6919955113300802,0.25351758930976187,0.20740054417448445,0.3402309466405825,nan,0.7677978023121178,0.8462225914547058,-3.521864175796509,4.45823097229004,1.242661476135254,-5.94,4.44,1.92
1740407425.179048,1d5ab4ef-0f65-dd99-0b6e-312f5d6add59,7da0abcc-f82d-0d94-0de7-00009a75578b,36,-77.0,nan,-75.0,-73.0,nan,-55.0,-54.0,1.9406311052708545,nan,1.5422163472406023,-2.994181360931727,nan,-1.0312760585302865,-1.807504438922533,0.5939451105283059,nan,0.2748670865044911,0.29148051788516427,nan,1.118950119155247,0.7932102870896168,nan,nan,nan,-5.94,4.44,1.92
1740407426.181673,1d5ab4ef-0f65-dd99-0b6e-312f5d6add59,560332a4-8eb2-95fc-ed0e-66659af6d40b,30,-74.0,-82.0,-74.0,-69.0,-47.0,-50.0,-54.0,2.3226503783661427,-2.327804660339882,1.616112675903685,-2.9324708584685197,1.976725717324673,-2.545444212242261,-2.072193948859589,0.5634680281714937,0.2253114676382442,0.30705311933280727,0.30902122866788945,1.189339934872027,1.0576392758149737,0.5844590001725288,-3.779033660888672,4.392775058746338,1.2288193702697754,-7.14,4.444,1.92
1740407427.18161,1d5ab4ef-0f65-dd99-0b6e-312f5d6add59,5d7c8fdb-861b-f8cd-0f29-04fb5d4d7a02,32,-75.0,-75.0,-71.0,-69.0,-43.0,-53.0,-49.0,2.5794004127385017,-2.463113217424083,1.6705365033083261,-2.939658463934535,2.7130094549338852,-2.537974654704448,-2.2975196969487004,0.45521129551858597,0.19122423739723413,0.45601706819590304,0.2644592698721365,0.7904542644498758,0.8115684448439394,0.4213226574205145,-4.053537368774414,4.387873649597168,1.1919952630996704,-7.14,4.444,1.92
1740407428.179339,1d5ab4ef-0f65-dd99-0b6e-312f5d6add59,f25ce0f3-4eb6-152d-80f8-7a7d53d59a43,11,-63.0,-77.0,-64.0,-75.0,-41.0,-62.0,-52.0,2.628752516163196,-2.447222934147907,1.716982565351526,-2.946955259005243,2.7345287695372473,-2.996221610618164,-2.3543150990173776,0.3486496981890274,0.17743415624620845,0.4387270940298089,0.303574831212082,0.6053224755624897,0.571125633117499,0.3869382423371819,-4.32884168624878,4.43513059616089,1.1527847051620483,-7.14,4.444,1.92
1740407429.181231,1d5ab4ef-0f65-dd99-0b6e-312f5d6add59,b5b2d377-6e83-7f2b-eb41-1b0fc29948c6,12,-64.0,-81.0,-65.0,-78.0,-42.0,-53.0,-53.0,2.6587743311316596,-2.3585636382980795,1.7652662085468807,-2.9738854102642334,2.7472445380460107,3.1033857144056216,-2.355299648366956,0.34921092609924803,0.25039563214288924,0.4685129862152047,0.33151784921265665,0.4730146870261785,0.41860781560427385,0.3318294786313438,-4.601991653442383,4.469008445739746,1.0740915536880493,-7.14,4.444,1.92
1740407430.181213,1d5ab4ef-0f65-dd99-0b6e-312f5d6add59,0df02fd2-640c-0537-251a-5db6f096ebb5,25,-67.0,-83.0,-69.0,-68.0,-46.0,-50.0,-53.0,2.669542024051068,-2.3856644981829436,1.853901535946898,-2.982393410998709,2.999315941556371,-2.9494378244560044,-2.40759046083171,0.37016920492984456,0.22781763538206332,0.5665859240177039,0.2795320126279284,0.53657933950584,0.42925965584337644,0.4049854385117487,-4.871947765350342,4.496230602264404,0.9957757592201233,-7.14,4.444,1.92
1740407431.17966,1d5ab4ef-0f65-dd99-0b6e-312f5d6add59,86f3c094-e689-31b2-fcfe-1577dde28b84,7,-75.0,-72.0,-67.0,-68.0,-41.0,-68.0,-53.0,2.756480385204487,-2.318890527539169,1.9504805402464036,-2.974475566761795,-2.942655098839714,0.6761540903586377,-2.3668455179437613,0.27287419312651434,0.26786084230871066,0.6161534105955584,0.35832935664508386,0.49774374825005296,1.4590961401778284,0.4055694238678773,-5.12109899520874,4.51794147491455,0.9327462315559387,-7.14,4.444,1.92
1740407432.179494,1d5ab4ef-0f65-dd99-0b6e-312f5d6add59,579ac970-c376-e8b7-ff61-d70f98125d5f,14,-70.0,-76.0,-64.0,-75.0,-47.0,-56.0,-55.0,2.840239464648569,-2.3769618203727827,1.9917648634648117,-3.00739862942179,-2.6784220543816577,-2.8433455041280453,-2.3672329296392554,0.24501423246243656,0.33798443710304615,0.5915985992918371,0.49546510855318815,0.576371219520557,0.9385588416812923,0.2946132825515736,-5.364279747009277,4.566694736480713,0.880328893661499,-7.14,5.64,1.92
1740407433.179818,1d5ab4ef-0f65-dd99-0b6e-312f5d6add59,0c03ba25-a594-a601-e23c-c6418999863e,12,-72.0,-72.0,-66.0,-69.0,-44.0,-54.0,-53.0,2.808677809937822,-2.3996950960699173,2.0894591996288425,-3.069643095683558,-2.601154153634795,-2.7639743349345443,-2.3631183711609456,0.22363846984145647,0.3437936902573769,0.6052534917280277,0.6436980196970572,0.6069415972286327,0.5769898830509308,0.2404147567047194,-5.567374229431152,4.6106367111206055,0.824619710445404,-7.14,5.64,1.92
1740407434.181938,1d5ab4ef-0f65-dd99-0b6e-312f5d6add59,64248cb4-86d4-c787-05ff-6ec3ceb4cb2f,23,-70.0,-70.0,-63.0,-69.0,-44.0,-54.0,-57.0,2.908310394743212,-2.386825370102109,2.1462782741179014,-2.9712046723109595,-2.409852649588311,-2.892162636208912,3.141592653589793,0.16507572391818212,0.386863163643979,0.5443007917530026,0.6222425952699701,0.4955644321181184,0.4244137155938116,0.29670597286827327,-5.69480323791504,4.652836799621582,0.7481621503829956,-7.14,5.64,1.92
1740407435.182035,1d5ab4ef-0f65-dd99-0b6e-312f5d6add59,c6589af8-6fab-8a61-de7c-f5037c2090ae,0,-79.0,-75.0,-65.0,-72.0,-47.0,-55.0,-54.0,2.867800518769799,-2.3073385336787324,2.1396731019822863,-2.9143973157306973,-2.372881832550102,2.9890441668598484,-2.7505948551532913,0.17505688549914925,0.24281524370560134,0.6854816190408282,0.5749796751414156,0.33719663970536723,0.6401667534291013,0.4568896902466483,-5.657665252685547,4.667630195617676,0.7087242007255554,-7.14,5.64,1.92
1740407436.179765,1d5ab4ef-0f65-dd99-0b6e-312f5d6add59,02c82fd5-56a1-2c81-95f5-4d0b359ceee3,2,-65.0,-81.0,-57.0,-69.0,-54.0,-52.0,-55.0,2.9218238067464926,-1.9517636512596037,2.195269785530999,-2.9152796209998404,-2.2360448912795974,-2.8709939354141714,-2.4658458250369293,0.2339814218565108,0.12092923489723836,0.5764659853457889,0.6212636838322843,0.584712473478281,0.4393481920381818,0.3489436988939153,-5.60682773590088,4.69737958908081,0.6682111024856567,-7.14,6.84,1.92
1740407437.182116,1d5ab4ef-0f65-dd99-0b6e-312f5d6add59,cd4e3190-3675-7881-a8ca-995d690a9bca,9,-68.0,-75.0,-56.0,-64.0,-47.0,-57.0,-54.0,2.932911611628928,-1.9396242972207498,2.273141148437134,-2.9859713679232307,-2.194222866532672,-2.882239238409345,-2.2345101571864814,0.24400890579568849,0.1558458567254832,0.5808777114285869,0.6534537779812628,0.4144568782644529,0.3382753587470474,0.3805626552743184,-5.551177978515625,4.74026918411255,0.6148189902305603,-7.14,6.84,1.92
1740407438.181909,1d5ab4ef-0f65-dd99-0b6e-312f5d6add59,15493955-3e9a-6056-e4f9-fd301009943d,34,-67.0,-81.0,-59.0,-71.0,-54.0,-52.0,-53.0,2.9700925362397426,-1.910283186226911,2.3216261266108984,-2.9900476022877065,-2.1768046238081027,-2.6433598525524262,-2.0947125471722976,0.2269894755068327,0.19016310086089205,0.6467527986254326,0.6844750773068327,0.4738842970516405,0.4856496814790136,0.7342055094326738,-5.576632499694824,4.764907360076904,0.5427317023277283,-7.14,6.84,1.92
1740407439.182368,1d5ab4ef-0f65-dd99-0b6e-312f5d6add59,39899ec6-dcaa-0d33-847d-9e14fc4d4fab,13,nan,nan,-56.0,nan,nan,nan,nan,nan,nan,2.3627709001881865,nan,nan,nan,nan,nan,nan,0.6009242570599947,nan,nan,nan,nan,nan,nan,nan,-7.14,6.84,1.92
1740407440.182178,1d5ab4ef-0f65-dd99-0b6e-312f5d6add59,587af81e-8faf-5b97-6f84-d40915e4b871,12,-67.0,-71.0,-54.0,-66.0,-46.0,-56.0,-50.0,3.0684276289620462,-2.236077935546501,2.4126790716484896,-2.6796053108621507,-2.1779283011735417,-2.82092215879807,-2.154046874291188,0.26512396159070667,0.21449232577552688,0.6098238756327671,0.6237469483907286,0.5035640688355347,0.3829495950285644,0.6664784760479144,-5.580193996429443,4.80622386932373,0.5253785252571106,-7.14,6.84,1.92
1740407441.181122,1d5ab4ef-0f65-dd99-0b6e-312f5d6add59,33335a06-5037-70be-c043-7c98295ca253,19,-65.0,-67.0,-53.0,-68.0,-56.0,nan,-55.0,3.1342870700874874,-2.2442581011507885,2.3445596720220068,-2.7630919489267174,-1.9938182419013049,nan,3.120287178146864,0.24581048433885663,0.17213621337641613,0.6353819662981486,0.5675679646696706,0.6180955335762698,nan,0.6107585972370358,-5.58810806274414,4.847101211547852,0.552021622657776,-5.94,6.84,1.92
1740407442.182367,1d5ab4ef-0f65-dd99-0b6e-312f5d6add59,defe9246-b107-5413-0cc8-61317061da41,8,-65.0,-71.0,-57.0,-66.0,-51.0,-50.0,-54.0,-3.1173807908554467,-2.264239532493544,2.2920485269122604,-2.0602469856317636,-1.7435166549630392,-2.7173120653541014,-1.8058291747294257,0.21448352069917279,0.1439736843229917,0.6692587069445015,0.5693658647215831,0.6799332995952472,0.32027880707508505,1.2114213108816163,-5.616121768951416,4.893885612487793,0.587034046649933,-5.94,6.84,1.92
1740407443.182195,1d5ab4ef-0f65-dd99-0b6e-312f5d6add59,5494a48f-1452-355c-70ae-55c946d30c9e,11,-74.0,-69.0,-63.0,-76.0,-53.0,-52.0,-53.0,-3.108740963647012,-2.251225995826872,2.233050454019299,-2.1811438464770005,-1.797728182199036,-2.5628164592368132,-1.0665428872068075,0.23283173521392359,0.13939742481909725,0.7426311918211655,0.5438194253859707,0.8138047984533834,0.2505587160996286,0.8994202931837662,-5.650821685791016,4.934998035430908,0.607707381248474,-5.94,6.84,1.92
1740407444.179561,1d5ab4ef-0f65-dd99-0b6e-312f5d6add59,2f9470e4-b02d-9b5f-5fe8-65d2006f0825,19,-71.0,-81.0,-54.0,-69.0,-54.0,-53.0,-53.0,3.1110749580263573,-2.1396418098394783,2.171660862467446,-2.1816936560840476,-1.8282086722120072,-2.6363441713747244,-2.0817653178728825,0.2952237572448388,0.14905263212739545,0.7263183980380488,0.4848676914959767,0.6943587340838909,0.24584225311388908,0.764868487710321,-5.685864448547363,5.0044264793396,0.6615240573883057,-5.94,6.84,1.92
1740407445.181715,1d5ab4ef-0f65-dd99-0b6e-312f5d6add59,9791bef5-32bd-69ff-c23c-bf37630f878a,0,-71.0,-74.0,-57.0,-69.0,-54.0,-52.0,-61.0,3.063872558233575,-2.098812221377201,2.1492200018580028,-2.1383437851241736,-1.7013142228567577,-2.6007194831940263,-2.3898346647342077,0.2756798666244265,0.1660507404827738,0.7050089148386979,0.31426885443783603,0.6878452035596843,0.2410361519557839,0.534174705948654,-5.7264084815979,5.1261248588562,0.717585861682892,-5.94,6.84,1.92
1740407446.182595,1d5ab4ef-0f65-dd99-0b6e-312f5d6add59,cba56725-c0fe-f410-6bb5-ad04a4eaa2a2,24,-69.0,-75.0,-66.0,-70.0,-55.0,-61.0,-57.0,3.060961723162118,-2.0015602362702323,2.1756263093305743,-2.1047115226658897,-1.193999375505935,-2.5143446453450657,-1.3980759983733841,0.32158792019315996,0.15635064226535092,0.5593976527614164,0.3252209046837052,0.5154865036924345,0.21363345767176242,0.6799332995736358,-5.769530773162842,5.28109359741211,0.7486402988433838,-4.74,6.84,1.92
1740407447.181666,1d5ab4ef-0f65-dd99-0b6e-312f5d6add59,a2738705-4b60-6b96-5fc2-4331a5ea03a3,31,-67.0,-74.0,-71.0,-70.0,-57.0,-48.0,-56.0,3.0432522345453092,-2.0029152526328646,2.198981166826133,-2.011785842749755,-1.074068418531268,-2.494773016548157,-1.9533629370250793,0.2673717860640312,0.1748130897461093,0.520236334984992,0.31749673883706664,0.43130411479080283,0.3118918448601827,0.5559198816506503,-5.7885260581970215,5.476884841918945,0.8310970664024353,-4.74,6.84,1.92
1740407448.181762,1d5ab4ef-0f65-dd99-0b6e-312f5d6add59,c90c8163-c31b-ad18-88cb-e7741cf6c5a6,33,-80.0,-76.0,-77.0,-82.0,nan,-49.0,-59.0,2.946717438719899,-2.0390687296951264,2.1886038933225302,-1.990256182707282,nan,-2.5632858257576556,-1.2454824622614835,0.179004905301894,0.19820614695855396,0.4957440746773739,0.320278710201277,nan,0.34152239141031165,0.6692616649223542,-5.78612184524536,5.672306060791016,0.915176272392273,-4.74,6.84,1.92
1740407449.18379,1d5ab4ef-0f65-dd99-0b6e-312f5d6add59,6d23f648-4d0e-8729-db1c-6a53dc4fe7fb,5,-59.0,-74.0,-66.0,-66.0,-62.0,-50.0,-62.0,3.0042736761986912,-2.0365624287932524,2.165164879936525,-1.9627666344613206,-1.0465854859286936,-2.552308975246774,-0.9647880295969468,0.2340964371260886,0.17427895949998026,0.4326126093250415,0.3148005545494704,0.2921435774106908,0.38521394563266104,0.4738842969996543,-5.65437936782837,5.8830304145813,1.0293855667114258,-4.74,6.84,1.92
1740407450.17945,1d5ab4ef-0f65-dd99-0b6e-312f5d6add59,6ea5b681-51a7-5872-e30e-109cffb44c3b,1,-63.0,-81.0,-68.0,-66.0,-55.0,-47.0,nan,2.941296308004934,-2.0096676975767607,2.1252883036703327,-1.925697163142126,-0.23296335415330693,-2.519022005226932,nan,0.2953145377484968,0.11299871567801072,0.41423569924954506,0.28957642428478486,0.7194419297099424,0.2874914752154968,nan,-5.521696090698242,6.08851432800293,1.076631784439087,-4.74,6.84,1.92
1740407451.179335,1d5ab4ef-0f65-dd99-0b6e-312f5d6add59,8e7626d7-3a32-2bc0-0b94-396ae1bcd7fa,22,-62.0,-80.0,-73.0,-72.0,nan,-56.0,-55.0,2.9140708121810537,-2.009532808467548,2.087895924068966,-1.8230942216149157,nan,-2.1651009997080752,-0.49991877650079936,0.3127373703634724,0.08975007669805393,0.4051218626565895,0.4289779270693014,nan,0.9457453146311051,0.6178604205281985,-5.35337781906128,6.295029163360596,1.1217498779296875,-4.74,6.84,1.92
1740407452.183297,1d5ab4ef-0f65-dd99-0b6e-312f5d6add59,7d7860c2-9b00-4703-77dc-237cfec0d278,8,-63.0,-81.0,-72.0,-70.0,-54.0,nan,-58.0,2.885446624152664,-1.830687027040786,2.0934613981150134,-1.734742787187101,0.371834497753828,nan,-0.8413037360799406,0.24460909908160827,0.08636940175365851,0.4500534848564023,0.3602796893798898,0.4599397101551379,nan,0.4949119044803864,-5.144098281860352,6.50196647644043,1.1290513277053833,-3.54,6.84,1.92
1740407453.182114,1d5ab4ef-0f65-dd99-0b6e-312f5d6add59,d3c57055-c598-48f8-629a-cb9d938ff5b1,7,-66.0,-74.0,-73.0,-63.0,-59.0,-61.0,-64.0,2.8781426385470126,-1.6142616457880254,2.1204695799939435,-1.666186229667682,-0.24403666757679277,-2.3936375640954384,-0.7532961785324594,0.19278115466000806,0.08690625341752645,0.5858189405151198,0.3783419469725933,0.3736386576670095,0.5673653865268347,0.7510919635373056,-4.900386810302734,6.697484016418457,1.182181715965271,-3.54,6.84,1.92
1740407454.181116,1d5ab4ef-0f65-dd99-0b6e-312f5d6add59,4fd8c7b7-f02c-16db-d82e-033985cdd593,1,-64.0,-72.0,-69.0,-69.0,-55.0,-56.0,-69.0,2.8500361690345346,-1.6576550594317219,2.271558698117409,-1.6504046033639812,-0.5388309080613779,-2.324168332510174,-1.304752582725209,0.1680228112699774,0.09227190715803402,0.5900818624720097,0.4162861668413379,0.33380282380224635,0.3624512720798521,0.9341632417690677,-4.655498504638672,6.867838382720947,1.1968169212341309,-3.54,6.84,1.92
1740407455.179099,1d5ab4ef-0f65-dd99-0b6e-312f5d6add59,4ecfad3f-3e29-665c-60c9-4647efd8e99e,3,-65.0,-71.0,-67.0,-74.0,-55.0,-55.0,-69.0,2.810434963625056,-1.6544410234701596,2.2462906256947366,-1.609464893190629,-0.67289330739282,-2.2986203791504014,-1.1915436984094887,0.08954339043032855,0.08925220705464203,0.6143754176727942,0.4064433564790005,0.26303285845254676,0.3268060417878828,0.944311676637671,-4.382097244262695,6.967771530151367,1.2318551540374756,-3.54,6.84,1.92
1740407456.183499,1d5ab4ef-0f65-dd99-0b6e-312f5d6add59,1c8bb28e-0e7a-f733-5bde-b429acb0ab1d,11,-60.0,-78.0,-72.0,-68.0,-57.0,-53.0,-62.0,2.792397373561949,-1.721728584730156,2.3411652068965916,-1.5794654487753226,-0.7429474111497854,-2.252539827571558,-0.9771404428590756,0.13491186259507676,0.06850357725848352,0.7435073718198016,0.3560153026844004,0.31685361165161896,0.23733228317726843,0.6045216600391933,-4.189473628997803,7.050799369812012,1.2886781692504883,-2.34,6.84,1.92
1740407457.179845,1d5ab4ef-0f65-dd99-0b6e-312f5d6add59,db63dd95-2c73-0000-bed0-c6a06e760307,19,-61.0,-73.0,-80.0,-73.0,-60.0,-48.0,-55.0,2.6982477048088143,-1.6457209019548587,2.1086265026263606,-1.534043638487367,-0.764050041478135,-2.1713890449271323,-0.8440236862982263,0.07925263637263975,0.11142973928892573,0.7329297620231977,0.33435168563909634,0.2569899398654227,0.41578729265024056,0.6026741196949703,-3.9824631214141846,7.079555988311768,1.308188796043396,-2.34,6.84,1.92
1740407458.181968,1d5ab4ef-0f65-dd99-0b6e-312f5d6add59,2a017d75-f9e3-065e-870f-e3cae99829b4,5,-56.0,-68.0,-88.0,-65.0,-62.0,-45.0,-58.0,2.651153961988507,-1.6605304744606804,1.891419616751716,-1.5073398559210334,-0.8223500236819092,-1.8754089543413661,-0.022456696010606455,0.11710975422898194,0.12536450498854837,0.45378823539010216,0.37435642653274886,0.3743599157127818,0.7165836440288615,0.6805550803423488,-3.7346010208129883,7.10661506652832,1.353200912475586,-2.34,6.84,1.92
1740407459.183215,1d5ab4ef-0f65-dd99-0b6e-312f5d6add59,f0ac2f1f-6702-6ab8-c016-217d8c00f00c,3,-54.0,-72.0,-71.0,-74.0,-57.0,nan,nan,2.6462915624702403,-1.6236355733509407,1.8207110919134584,-1.4225349531168774,-0.6888608915223651,nan,nan,0.13489160592603533,0.19209921897337964,0.41944207931210903,0.4703068915254821,0.4955509710579196,nan,nan,-3.55124282836914,7.101688861846924,1.37325918674469,-2.34,6.84,1.92
1740407460.181794,1d5ab4ef-0f65-dd99-0b6e-312f5d6add59,28dddfa6-b52c-791f-69ec-7c07cc4d740f,28,-56.0,-75.0,-76.0,-73.0,nan,-48.0,-62.0,2.640985480314366,-1.7242902793827035,1.8780878323347796,-1.3694134114852847,nan,-1.9223337031386245,-0.3687692321946982,0.15905654709092593,0.3253592226128212,0.4194907485810303,0.31783386174155703,nan,0.7576933579194501,0.4436693609948912,-3.339158773422241,7.110435485839844,1.3931851387023926,-2.34,6.84,1.92
1740407461.180284,1d5ab4ef-0f65-dd99-0b6e-312f5d6add59,1208858b-86f5-5021-aba4-3306ca56f2bf,26,-56.0,-69.0,-69.0,-66.0,-56.0,-51.0,-65.0,2.6518522428263256,-1.6777689830387086,1.741012267867311,-1.3477488623335991,0.09623487292528246,-1.7706395665584738,-1.7365421965430943,0.19777822690564872,0.3719216980851712,0.39111047281897826,0.3158184812971259,0.4345586041170288,0.7101939357971573,1.0035847076332047,-3.140223741531372,7.120635986328125,1.3525537252426147,-1.14,6.84,1.92
1740407462.182483,1d5ab4ef-0f65-dd99-0b6e-312f5d6add59,260d4bc8-437b-d9ea-5392-1bcfb0083103,21,nan,-68.0,-85.0,-76.0,-51.0,-60.0,-53.0,nan,-1.6560760712214138,1.8174220879672105,-1.2328583618528721,-0.06171963209431783,-2.0381959448671214,-1.0035992404289054,nan,0.3757785878443648,0.39978468809498896,0.3572679870821464,0.5576492277542336,0.4365519674055504,0.6544823027259324,-2.897059917449951,7.096243858337402,1.339129090309143,-1.14,6.84,1.92
1740407463.182929,1d5ab4ef-0f65-dd99-0b6e-312f5d6add59,6a68a5f1-cab9-fdec-2f7f-7cccfdab78af,15,nan,-68.0,-70.0,-66.0,-60.0,nan,nan,nan,-1.610085809198781,0.9374974185223808,-1.1602969426861918,0.24509228076628245,nan,nan,nan,0.3602516596094167,0.4551628925657738,0.3735068781450136,0.665888421498356,nan,nan,nan,nan,nan,-1.14,6.84,1.92
1740407464.183239,1d5ab4ef-0f65-dd99-0b6e-312f5d6add59,f857f080-95c2-0be0-010c-8762042b389d,16,nan,-68.0,-74.0,-64.0,-55.0,-58.0,-52.0,nan,-1.5910474031980226,0.3349793261290008,-1.0761654201636621,-0.10911258779935645,-2.007661382656684,-0.9184763186614033,nan,0.24975996888020097,0.43325319943574636,0.3523961666315237,0.6429074099981673,0.3300855516801741,0.40191144680946783,-2.6357617378234863,7.056844234466553,1.2622445821762085,-1.14,6.84,1.92
1740407465.182675,1d5ab4ef-0f65-dd99-0b6e-312f5d6add59,03b54ac0-abb5-565f-1485-ac4557413593,16,nan,-69.0,nan,-63.0,-60.0,-57.0,-54.0,nan,-1.5977922581328117,nan,-1.0902902939532244,-0.3198324057852018,-1.9937207119395735,-0.8863492146005427,nan,0.2048028635577075,nan,0.28403475224097985,0.6037784873352706,0.4549139777963766,0.28669827423166655,-2.3910939693450928,6.9796295166015625,1.218754768371582,-1.14,6.84,1.92
1740407466.182593,1d5ab4ef-0f65-dd99-0b6e-312f5d6add59,677a177a-e815-71d7-b736-b1a830ef4d77,10,nan,-75.0,-72.0,-68.0,-58.0,-59.0,-60.0,nan,-1.6063842815996798,0.34545886501846257,-1.0783996791601842,0.26846197864245447,-2.1508472689048364,-0.8512432196041197,nan,0.17293512841392633,0.30171118437075817,0.2616079730958,0.4225249921675201,0.3419377331069042,0.23542591912909255,-2.16858434677124,6.91518497467041,1.1874350309371948,nan,nan,nan
