1740405142.123849,1d5ab4ef-0f65-dd99-0b6e-312f5d6add59,9a8f03fa-f9c9-ca3b-4f8d-e0a01ec79153,31,-75.0,-83.0,-77.0,-87.0,-54.0,-53.0,-54.0,1.559448064757851,1.6822165952171957,1.101791021962677,1.306406748519536,0.6217419183379462,1.5707963266696832,-0.7083843354199706,0.21692975067370826,0.9314400586229955,0.21007199435345655,0.10356680610473722,0.36231244304301663,0.645771823237902,0.4430685049255056,-1.127916932106018,1.8088003396987915,0.48407384753227234,-1.14,0.39,1.92
1740405143.123068,1d5ab4ef-0f65-dd99-0b6e-312f5d6add59,69fe786c-632e-0edc-d9fa-37818a625755,29,-74.0,-76.0,-75.0,nan,-54.0,-56.0,-54.0,1.5649741240197654,1.6135810749714554,1.108809783015581,nan,0.6479779045185696,1.4145674850073133,-0.8081570901983913,0.20811265680521482,0.9311330627283366,0.1810819046360468,nan,0.3858806562484369,0.5930293898918222,0.3384523429873006,-1.1023374795913696,1.8217439651489258,0.46881702542305,-1.14,0.39,1.92
1740405144.123348,1d5ab4ef-0f65-dd99-0b6e-312f5d6add59,b6b560d4-69df-8045-2888-cdfb53f19e08,1,-81.0,-66.0,-69.0,-67.0,-61.0,-51.0,nan,1.571951073443555,1.6262433406903465,1.1370531390080894,1.3209193785638138,0.6256652203729616,1.751020289642969,nan,0.2892762194509057,0.9177257776944961,0.19598055988033158,0.09331139718814081,0.30165459348322604,0.3995699033949238,nan,-1.090667486190796,1.8667945861816406,0.4992160201072693,-1.14,0.39,1.92
1740405145.122539,1d5ab4ef-0f65-dd99-0b6e-312f5d6add59,d89313ce-4d97-a468-d608-d71904e1caca,16,-73.0,-58.0,-79.0,-76.0,-55.0,-48.0,-62.0,1.4855980750977356,1.6388054715522502,1.1151028326714383,1.2526519071807227,0.6757468284197454,1.5055723425047005,-0.8544525758551136,0.17952883231209668,0.7811851091319701,0.23485573764238382,0.07332720281575435,0.34894369884056164,0.5550859074689491,0.6469278571059766,-1.0767197608947754,1.9058927297592163,0.493407130241394,-1.14,0.39,1.92
1740405146.12239,1d5ab4ef-0f65-dd99-0b6e-312f5d6add59,a20da8ff-7a64-4f81-e82b-44f304730d18,14,-76.0,-58.0,-73.0,-71.0,-58.0,nan,nan,1.5188433802496308,1.6939925609253081,0.9956448777631708,1.2426828962722294,0.5840259475720937,nan,nan,0.21673475734764405,0.7628980474537504,0.3651030070091596,0.07471711491104509,0.49650109619674226,nan,nan,nan,nan,nan,-1.14,0.39,1.92
1740405147.123336,1d5ab4ef-0f65-dd99-0b6e-312f5d6add59,f30bd860-7643-f59e-5b09-a09f80f68df5,18,-75.0,-59.0,-75.0,-70.0,-50.0,-50.0,-54.0,1.5622944513309276,1.7194257493355647,1.0776132476902838,1.2305521975069178,0.6719088622556804,0.0813520874561539,-0.7444457530804557,0.24142141177008114,0.7168987306834111,0.42029382480774363,0.10472603019297827,0.4548448913217516,0.8710329547498625,0.43078265220756734,-1.0931259393692017,2.05875039100647,0.4709576666355133,-1.14,0.39,1.92
1740405148.122704,1d5ab4ef-0f65-dd99-0b6e-312f5d6add59,55bfc0fd-7c08-f6d7-93a0-c93512936dbb,23,-74.0,-60.0,-84.0,-74.0,-51.0,-53.0,nan,1.6452774856333605,1.7133611989012363,1.1216821721444785,1.2391291741136277,0.7391182306331684,1.9663399302898146,nan,0.24040807897530594,0.6796106138387211,0.39936380877421557,0.12990065895090191,0.41791474159397474,0.9000516195797282,nan,-1.160035252571106,2.1617021560668945,0.4508018493652344,-2.34,0.39,1.92
1740405149.125518,1d5ab4ef-0f65-dd99-0b6e-312f5d6add59,cbe3ed55-cfb3-7a5c-9726-49bd29ac0515,13,-88.0,nan,-74.0,-63.0,-51.0,-56.0,-47.0,1.5916898908110044,nan,1.1327713086074598,1.3101769856747612,0.867436535271119,2.1536248878424638,-0.5789223177233132,0.26818260210266265,nan,0.30060627212399793,0.10753716317112504,0.3840834318604684,0.7415843406533552,0.4819160253822494,-1.3077410459518433,2.0908970832824707,0.40364372730255127,-2.34,0.39,1.92
1740405150.125607,1d5ab4ef-0f65-dd99-0b6e-312f5d6add59,265ee7e5-3c80-5b39-1655-0001897416d6,24,-85.0,nan,-83.0,-69.0,nan,nan,nan,1.65257934071014,nan,1.0266270286207166,1.2803152266878117,nan,nan,nan,0.3908998500662666,nan,0.3531842292875917,0.07848853384400399,nan,nan,nan,-1.4367387294769287,2.0751452445983887,0.3954949676990509,-2.34,0.39,1.92
1740405151.12244,1d5ab4ef-0f65-dd99-0b6e-312f5d6add59,1959b31c-2aa7-7464-e366-859f8f74d183,13,nan,nan,-71.0,-65.0,nan,-53.0,-47.0,nan,nan,0.9960621951059861,1.319068747922318,nan,2.142084604613788,-0.43274289378398273,nan,nan,0.45112071337373794,0.08912979319066083,nan,0.42593883086263645,0.46621409210662873,-1.6066694259643555,2.0870819091796875,0.4119826555252075,-2.34,0.39,1.92
1740405152.123782,1d5ab4ef-0f65-dd99-0b6e-312f5d6add59,42b1ce97-c943-a4ac-6993-0964a34f8efd,5,-76.0,nan,nan,-68.0,-52.0,-46.0,-42.0,1.528163378800472,nan,nan,1.3509816735808462,1.0151591590119262,1.641256818895481,-0.2859451795500353,0.5040272047473066,nan,nan,0.07381153194949887,0.22027099070765266,0.6776007657838244,0.5400494413671039,-1.7415122985839844,2.114802598953247,0.4062533378601074,-2.34,0.39,1.92
1740405153.123167,1d5ab4ef-0f65-dd99-0b6e-312f5d6add59,7361b0ff-e383-de76-77ca-fe5dbd2d2700,24,-80.0,nan,nan,-74.0,-48.0,-53.0,-47.0,1.5486958181727648,nan,nan,1.3747019167779642,0.916783521431274,2.1420846046060884,0.20964920300243414,0.48252044789020815,nan,nan,0.10632377704421449,0.2645192550537568,0.5724287480065899,0.4107136670288986,-1.924462080001831,2.04402756690979,0.430546760559082,-3.54,0.39,1.92
1740405154.123391,1d5ab4ef-0f65-dd99-0b6e-312f5d6add59,445d07c6-24ea-41ef-e0df-8f51abecc9ed,8,-73.0,nan,nan,-67.0,-52.0,-57.0,-43.0,1.640384726078667,nan,nan,1.3836016685087908,0.9717575266178753,1.1678401978265316,0.30642350873970836,0.5092903767201166,nan,nan,0.13810687359960166,0.2024137609890738,1.074082382455177,0.41834282641628806,-2.05970311164856,1.9091533422470093,0.44072887301445,-3.54,0.39,1.92
1740405155.123517,1d5ab4ef-0f65-dd99-0b6e-312f5d6add59,96eadd94-12b5-7810-01be-e1dc59d6d836,23,nan,nan,nan,-70.0,-56.0,-59.0,nan,nan,nan,nan,1.446058122393329,0.964027316116665,-2.4947685965841186,nan,nan,nan,nan,0.15271697533977635,0.3300855516479783,1.3964680929472717,nan,nan,nan,nan,-3.54,0.39,1.92
1740405156.123487,1d5ab4ef-0f65-dd99-0b6e-312f5d6add59,07a85ba3-1b71-2c11-1dad-73d2ca25299e,4,nan,nan,nan,-67.0,-54.0,nan,-46.0,nan,nan,nan,1.2901337689947159,0.9880691627768161,nan,0.40606069505532527,nan,nan,nan,0.25868746742063503,0.29607235342825433,nan,0.3226865120819752,nan,nan,nan,-3.54,0.39,1.92
1740405157.121913,1d5ab4ef-0f65-dd99-0b6e-312f5d6add59,daafc170-97af-67a2-b86c-9054196a08b4,11,nan,-83.0,-73.0,-75.0,-56.0,-52.0,-45.0,nan,2.8630153509231446,1.414492739257056,1.5742019771968898,1.0995310284949642,0.8940557514979108,0.42571860640612325,nan,0.18548958604293928,0.6956292614794388,0.5526524982210046,0.27643589460818,1.116642396487796,0.4344732635817761,-2.2485623359680176,1.7208319902420044,0.4282066226005554,-3.54,0.39,1.92
1740405158.123807,1d5ab4ef-0f65-dd99-0b6e-312f5d6add59,305119f5-24f4-792e-61c8-44162d38a7f6,5,nan,-77.0,-74.0,-79.0,-54.0,-47.0,nan,nan,2.851029528121134,1.4869142093084529,1.8697846286881306,1.3678402127603038,-2.7283993280789547,nan,nan,0.1900264474074574,0.47849058581821385,0.40219241874701595,0.34876896279187325,1.02652953276961,nan,-2.4661152362823486,1.5560507774353027,0.4294472634792328,-4.74,0.39,1.92
1740405159.123848,1d5ab4ef-0f65-dd99-0b6e-312f5d6add59,9623517d-c6d7-82c7-820f-9bb2fda02360,1,nan,-70.0,-89.0,-71.0,-53.0,-55.0,-40.0,nan,2.8282552397432124,1.4564881264865155,1.91783604423643,1.2940553703421385,-2.856592343295635,0.6179808254144848,nan,0.2508415618226662,0.747837005961998,0.521918753714136,0.29461328252288244,0.6433537564911327,0.3481060317577347,-2.67380142211914,1.2997630834579468,0.47195708751678467,-4.74,0.39,1.92
1740405160.124255,1d5ab4ef-0f65-dd99-0b6e-312f5d6add59,1705cb7e-6d3d-df36-a66d-d691a39ac611,3,-80.0,-67.0,-80.0,-69.0,-54.0,nan,-39.0,2.100118768207994,2.833659858859419,1.4447510429303183,1.7626286138032663,1.2934517200609417,nan,0.7075188215836107,0.38877091909085726,0.23824246295588078,0.6435536097869476,0.5047776169634636,0.5115372798258645,nan,0.3262708489436845,-2.867493152618408,1.1068836450576782,0.5118255615234375,-4.74,0.39,1.92
1740405161.12296,1d5ab4ef-0f65-dd99-0b6e-312f5d6add59,0bed814f-d8fd-02a3-cc9a-14c735842b49,5,-78.0,-68.0,-78.0,-67.0,-57.0,-61.0,nan,2.098049492041002,-2.7563184650102097,1.3753506628195074,1.7758107285669404,1.3801372729778811,2.943242718748445,nan,0.3359036427643401,0.32746285355787474,0.5473323013113535,0.6488805977573787,0.5839900075886446,0.6536419220288567,nan,-2.9691407680511475,0.892781376838684,0.5146443843841553,-4.74,0.39,1.92
1740405162.125,1d5ab4ef-0f65-dd99-0b6e-312f5d6add59,d71fe377-6e35-8cc7-d81e-4e74ab81af6f,27,-79.0,-81.0,-81.0,-70.0,-58.0,-59.0,-41.0,2.063905103705096,3.130930421849552,1.2939301051286238,1.9047780327795538,1.7124405963676064,2.625867798636172,0.8558340461012879,0.3281818404731689,0.2048102704744893,0.4937670104631264,0.5961318320993699,0.4325820581021286,0.4012741022921072,0.5179890971600308,-3.1015841960906982,0.7247109413146973,0.477132648229599,-5.94,0.39,1.92
1740405163.124188,1d5ab4ef-0f65-dd99-0b6e-312f5d6add59,326d605c-6eac-6260-3251-0522a7559eaf,23,-86.0,-75.0,-78.0,-90.0,-55.0,-59.0,-42.0,2.2521682222205417,3.0012493904647974,1.445927627499915,1.9177385725405331,1.7213791454039336,2.8022656197466183,1.4417366730866368,0.3728956160958131,0.28923773677315406,0.4495521780707084,0.47248648914063024,0.5762231308129414,0.3807397913366503,0.7414543622092477,-3.199876308441162,0.5258119106292725,0.42952731251716614,-5.94,0.39,1.92
1740405164.123859,1d5ab4ef-0f65-dd99-0b6e-312f5d6add59,c1a92ddf-dcb4-f923-857c-ee4262114915,23,-77.0,-72.0,-78.0,-78.0,nan,nan,nan,2.6050583719447613,3.0237669501136355,1.4599161474416655,2.002853733611684,nan,nan,nan,0.473062830490037,0.4225899690100964,0.3181249785382163,0.49449089093692356,nan,nan,nan,nan,nan,nan,-5.94,0.39,1.92
1740405165.121788,1d5ab4ef-0f65-dd99-0b6e-312f5d6add59,807d3199-3d7b-0cc2-d751-a86fdeba6e41,22,-86.0,-69.0,-76.0,-75.0,-53.0,-52.0,-37.0,2.5232588464307595,3.084326168037601,1.5159533178346767,2.062212398516242,1.9383534358821697,2.515903959545656,1.9004217337388647,0.6886294088702746,0.4443285873295998,0.23112844395973617,0.4355834321000521,0.35622941129030655,0.37647967735767957,0.5659537656958765,-3.33433723449707,0.36226212978363037,0.4125138819217682,-5.94,0.39,1.92
1740405166.123363,1d5ab4ef-0f65-dd99-0b6e-312f5d6add59,77fc0be5-40ac-8a66-d9b6-ba2ceeea0c2e,15,-80.0,-75.0,-75.0,nan,-56.0,-53.0,-36.0,2.5741822148986007,-2.9925666863628124,1.5745007838711969,nan,1.9825758725562408,2.683379759607312,2.0277649851899793,0.5946326721427371,0.37769566435505836,0.20695043666074742,nan,0.2360072096011518,0.5607373903413904,0.49889877152493106,-3.51048731803894,0.393104076385498,0.36837098002433777,-5.94,0.39,1.92
1740405167.12454,1d5ab4ef-0f65-dd99-0b6e-312f5d6add59,777e1859-7459-0ae8-0ed5-b61d1cafb0bd,0,-78.0,-76.0,-75.0,nan,-51.0,-61.0,-40.0,2.391683242246523,-3.0006424560523683,1.566608772296856,nan,2.1219390210442874,0.2931113586675842,2.398703755047092,0.3605615516917611,0.31536035101060506,0.24928233093869526,nan,0.4823967906553766,1.3886551741044442,0.6348163411504439,-3.7506062984466553,0.5013785362243652,0.332364559173584,-7.14,0.84,1.92
1740405168.123203,1d5ab4ef-0f65-dd99-0b6e-312f5d6add59,a1ca1ca0-912f-78f5-0f01-b1990f07b4c7,0,-73.0,-72.0,-79.0,nan,-43.0,-47.0,-46.0,2.3923751314977255,-3.079638738202953,1.5779634259205177,nan,2.182389914175086,2.538521279411072,2.58736245245352,0.5060933849895309,0.2850371327857721,0.3288175370253708,nan,0.320098644082161,0.9593926785499447,0.6874934254867118,-3.9506053924560547,0.615296721458435,0.2944394052028656,-7.14,0.84,1.92
1740405169.125393,1d5ab4ef-0f65-dd99-0b6e-312f5d6add59,0277caa9-7c58-49c1-7641-b8c047aa1ca7,13,-68.0,-74.0,-71.0,nan,-42.0,-47.0,nan,2.3380066978437575,-3.1350178414906056,1.5705310759503246,nan,2.1636100668551204,2.509276609512451,nan,0.4554502476473933,0.3729148241451754,0.30690894244929307,nan,0.22200743323907848,0.5623531902201665,nan,-4.138728141784668,0.7267483472824097,0.26022255420684814,-7.14,0.84,1.92
1740405170.124093,1d5ab4ef-0f65-dd99-0b6e-312f5d6add59,c5c8102d-55af-0d76-dd50-ee6d2d7f19d3,1,-70.0,-69.0,-74.0,nan,-43.0,-53.0,-51.0,2.363121372187641,3.06084028301641,1.6118329760319274,nan,2.220972568263841,2.566642050188581,2.6097838839772947,0.6258430559057027,0.30977833207628536,0.30562699656906983,nan,0.2751110185059605,0.40407378589740056,0.46173631026124845,-4.3207426071167,0.832980453968048,0.225236251950264,-7.14,0.84,1.92
1740405171.124626,1d5ab4ef-0f65-dd99-0b6e-312f5d6add59,06759ee2-bda1-04de-01fc-0cfc5e3fc88c,17,-71.0,nan,nan,nan,-45.0,-46.0,-41.0,2.4026735754330617,nan,nan,nan,2.2903494338309867,2.512660244227227,1.9291143075716417,0.5399501519277082,nan,nan,nan,0.23542591915983813,0.3157851999283273,1.0646849151436835,nan,nan,nan,-7.14,0.84,1.92
1740405172.12379,1d5ab4ef-0f65-dd99-0b6e-312f5d6add59,e7e8de45-220c-f4f4-d8bf-6d020a56a6ff,0,-71.0,-75.0,-73.0,-69.0,-43.0,-50.0,-46.0,2.4139424752696232,-3.092931374151865,1.8198492929847088,2.4143360904787365,2.313698014120044,2.4236807916505785,-3.116004241475428,0.5898775314373734,0.2622498781422931,0.35979652537912216,0.4472091622331704,0.21634497296108657,0.2954015193269419,0.8201414358616224,-4.47700071334839,0.943125605583191,0.208854079246521,-7.14,0.84,1.92
1740405173.124355,1d5ab4ef-0f65-dd99-0b6e-312f5d6add59,a5e44750-81d2-5c63-bebd-6397093ee7a7,0,-67.0,-69.0,-76.0,-67.0,nan,-53.0,nan,2.455008419278645,-2.9699612423980013,1.8397851842728237,2.432931879106324,nan,2.41575517080263,nan,0.5456156276726882,0.2993784217034169,0.4574198883001023,0.36102484185289396,nan,0.25206029234431626,nan,-4.622557640075684,1.0580193996429443,0.21137753129005432,-7.14,2.04,1.92
1740405174.123797,1d5ab4ef-0f65-dd99-0b6e-312f5d6add59,ceed0d84-7fd8-b023-b60f-170054bdea37,25,-73.0,-74.0,-71.0,-70.0,nan,nan,nan,2.412856438177089,-2.9618473895048574,1.8162268612699828,2.494340645418025,nan,nan,nan,0.49507069439574736,0.3262897310976948,0.34432309339257094,0.4571218805741224,nan,nan,nan,nan,nan,nan,-7.14,2.04,1.92
1740405175.127937,1d5ab4ef-0f65-dd99-0b6e-312f5d6add59,be4a2dcc-739a-55d5-e3a0-44f3b6c04ef9,24,-73.0,-74.0,-73.0,-70.0,-46.0,-73.0,-49.0,2.4113799816687487,-2.904537228110788,1.8294201613102357,2.512242414265538,2.1976866254161314,3.0930851527958625,-2.7881169260089846,0.44446087985674954,0.38088696357881396,0.38785129627693926,0.503446835366751,0.16665304694548838,0.7673567664032837,0.6496925063729139,-4.768092155456543,1.1804720163345337,0.16330163180828094,-7.14,2.04,1.92
1740405176.124336,1d5ab4ef-0f65-dd99-0b6e-312f5d6add59,4cd05a53-70e1-e154-30c8-c0c453b79427,5,-73.0,-69.0,-75.0,-65.0,-43.0,-50.0,-45.0,2.495379810875374,-2.9314716404275223,1.839899700199697,2.559871985097169,2.166117457865369,2.7437295394983225,-2.701126199769484,0.3717205961333566,0.24396634515251764,0.4625491365595949,0.5348600188467262,0.2669786576536397,0.48911666643243196,0.49784699310258457,-4.9183478355407715,1.31865918636322,0.11034119874238968,-7.14,2.04,1.92
1740405177.123984,1d5ab4ef-0f65-dd99-0b6e-312f5d6add59,25d765b4-ebd6-88ad-30e3-f72034d0e5d3,30,-74.0,-77.0,-77.0,-72.0,nan,nan,nan,2.5991898301666625,-2.72598426124588,1.8909578246186967,2.569312358529282,nan,nan,nan,0.44164495318864055,0.08344017422592355,0.44856291359428485,0.5809408283464218,nan,nan,nan,nan,nan,nan,-7.14,3.24,1.92
1740405178.122708,1d5ab4ef-0f65-dd99-0b6e-312f5d6add59,2d26085a-37aa-ac1d-9189-89d6c43311a6,16,-67.0,-82.0,-79.0,-68.0,nan,nan,-47.0,2.6245548416530133,-2.4513881180927912,1.9605755186744578,2.6177999998641366,nan,nan,-2.527191167972995,0.32761728361158576,0.1184663351987547,0.4156184790665414,0.5416398943498498,nan,nan,0.3338625071859943,nan,nan,nan,-7.14,3.24,1.92
1740405179.126291,1d5ab4ef-0f65-dd99-0b6e-312f5d6add59,ce2bdd28-b24b-fd86-b021-e757bd16ca97,23,-69.0,-76.0,-78.0,-71.0,-41.0,-50.0,-50.0,2.653471977401312,-2.3839717929940893,1.9568289836529342,3.072349932615515,2.182389914175086,-2.9162370458377276,-2.451017300631591,0.2292958562346254,0.14552560815872176,0.38711876052959937,0.6126210603047046,0.320098644082161,0.37515907032583673,0.2594522846818733,-5.070958137512207,1.4677201509475708,0.14089497923851013,-7.14,3.24,1.92
1740405180.121347,1d5ab4ef-0f65-dd99-0b6e-312f5d6add59,375acbfb-5d77-64fa-15fe-432e8b540ed5,22,-70.0,-73.0,-86.0,-68.0,nan,-53.0,nan,2.65812451982568,-2.384461548318555,1.9592934729256937,2.9771776100037894,nan,-2.6922332059215135,nan,0.1585812061258604,0.17767199317630936,0.36576806491237956,0.577312870572434,nan,0.6642818233533492,nan,nan,nan,nan,-7.14,3.24,1.92
1740405181.124411,1d5ab4ef-0f65-dd99-0b6e-312f5d6add59,bdc0a4ec-3447-d862-59a6-e090e8f56035,20,-69.0,-81.0,-68.0,-68.0,-48.0,-61.0,-50.0,2.6046269398481687,-2.4131885343650215,1.9528321114889435,2.9755903659941016,2.262994037906463,2.6934653587137394,-2.3861876364720738,0.18720266441413275,0.19316085485242612,0.3478049434912543,0.5803662513412371,0.40651319954082926,0.446876479809411,0.35519894621740616,-5.19506072998047,1.548950433731079,0.1068304255604744,-7.14,3.24,1.92
1740405182.124287,1d5ab4ef-0f65-dd99-0b6e-312f5d6add59,fe1be9e3-c548-8d7a-f60a-30eb78f95331,17,-74.0,-75.0,-76.0,-66.0,-41.0,-55.0,-53.0,2.680528096179863,-2.297877653906226,1.9238878114975262,3.0524561192726227,2.4217116668648098,1.9109717573792435,-2.026730605893076,0.1523138393297656,0.21374149744044948,0.34279533774373344,0.4571864289410433,0.36585666641605774,1.2181755334759037,0.59581093615585,-5.380446434020996,1.6834793090820312,0.12678496539592743,-7.14,4.44,1.92
1740405183.123175,1d5ab4ef-0f65-dd99-0b6e-312f5d6add59,dce36da6-3d63-af38-73e1-fa69f1f14ba2,11,-62.0,-80.0,-76.0,-64.0,-39.0,-55.0,-50.0,2.70194257450519,-2.292874373166294,2.0005692740286136,-3.105610684101732,2.569723465977294,2.7927623100704877,-2.0808996855935282,0.16531723933953874,0.25152003539987755,0.4503751614265702,0.3993973978934642,0.31222969312602256,1.0378862306746417,0.7428327457364223,-5.586241245269775,1.83490264415741,0.14178507030010223,-7.14,4.44,1.92
1740405184.12689,1d5ab4ef-0f65-dd99-0b6e-312f5d6add59,9a65fa6b-65c9-8eaf-3ded-695d786b66ff,33,-75.0,-72.0,-74.0,-75.0,-42.0,-48.0,-48.0,2.76203094554843,-2.3541398614113485,2.1197920718126273,-3.025052191655708,2.693914525942492,2.7108618458010403,-2.287693664962738,0.15002927987815476,0.28034860439717396,0.5326565859398218,0.3111353790992488,0.3492787032683259,0.7375795500567297,0.5497112655780257,-5.806166648864746,1.9889540672302246,0.12056784331798553,-7.14,4.44,1.92
1740405185.125884,1d5ab4ef-0f65-dd99-0b6e-312f5d6add59,a3c874f1-3c28-21d8-240d-d815dc7aa5e3,17,-65.0,-74.0,-66.0,-67.0,-37.0,-56.0,-49.0,2.7913582081046004,-2.385969962759976,2.1481036047290414,-2.9837753252883514,2.7998765543293445,2.996507223184521,-2.539647332491917,0.2472748234642367,0.1351064564469775,0.4898207050703333,0.31579048481616645,0.39719098461848884,0.7626681465098497,0.4285616420839113,-6.0633134841918945,2.158574342727661,0.06468144059181213,-7.14,4.44,1.92
1740405186.123947,1d5ab4ef-0f65-dd99-0b6e-312f5d6add59,1ce7d8d4-86d4-adb4-3593-0c6dea54fab7,20,-65.0,-70.0,-71.0,-68.0,-40.0,-53.0,-48.0,2.8070229216364466,-2.4042767984092897,2.216178263249211,-2.9760305865222922,2.8751579924588113,3.075184022618693,-2.3002889173404197,0.2983920534146788,0.13482553456386617,0.5672989188205454,0.25766914119881595,0.405692154210457,0.6621548382959273,0.494911904543697,-6.352385997772217,2.34488034248352,-0.024707769975066185,-7.14,4.44,1.92
1740405187.124647,1d5ab4ef-0f65-dd99-0b6e-312f5d6add59,2d02a488-060d-8df0-408d-b646f91b54ee,6,-69.0,-69.0,-63.0,-63.0,-38.0,-47.0,-56.0,2.76990165183405,-2.3941679715435664,2.2372103116420026,-2.9525316520117597,2.908607349622346,2.827578532608326,-2.333435563238102,0.3342252853558585,0.18338848510092123,0.3708478782441376,0.27137634810566974,0.5980575327496748,0.4682048197189086,0.3384523430331756,-6.636720657348633,2.51260232925415,-0.686533510684967,-5.94,4.44,1.92
1740405188.124552,1d5ab4ef-0f65-dd99-0b6e-312f5d6add59,c2144088-88f3-a203-7fac-1396b1cc4d64,27,-63.0,-71.0,-88.0,-70.0,-32.0,nan,nan,2.737038243982472,-2.376031311887909,2.2272761881437892,-2.993460975856861,2.6368809994091293,nan,nan,0.2982937827704549,0.19353053490124275,0.37493546433275937,0.24286138297148696,0.6845673092373997,nan,nan,-6.916069984436035,2.65537428855896,-0.7700557112693787,-5.94,4.44,1.92
1740405189.124089,1d5ab4ef-0f65-dd99-0b6e-312f5d6add59,bfb94928-085e-b723-76f5-452dba51d021,11,-67.0,-71.0,-74.0,-68.0,-33.0,nan,-56.0,2.721390042049385,-2.3408038159366678,2.041645338049778,-3.0323601720029942,2.525867252334135,nan,-3.116004241475428,0.26906162835471376,0.14706171947547947,0.40503767347662933,0.22925670776660126,0.7894388006662258,nan,0.8201414358616224,-7.176149368286133,2.7830700874328613,-0.717911720275879,-5.94,4.44,1.92
1740405190.130092,1d5ab4ef-0f65-dd99-0b6e-312f5d6add59,15d93325-bf76-f9f2-c94d-94f9a4f0bf06,21,-67.0,-76.0,-69.0,-66.0,-35.0,-52.0,-55.0,2.693989842857995,-2.33233389840578,2.0024089857096405,-3.0490280983174727,2.5393932685811014,2.8687440472549905,-2.169493835010825,0.2522476609439576,0.4066880011146379,0.3937190058171972,0.327277164650869,0.8482246115699673,0.4561611595769068,1.1001300098878022,-7.420371055603027,2.88433837890625,-0.972153127193451,-5.94,4.44,1.92
1740405191.12456,1d5ab4ef-0f65-dd99-0b6e-312f5d6add59,0fa81386-b7ad-bdc4-ced7-e9c248ba8718,13,-66.0,-69.0,-76.0,-69.0,-34.0,nan,-58.0,2.638682378603666,-2.3091018126364737,1.9736409869823865,-3.008538462368344,2.5033448494092316,nan,-1.7549025063601995,0.2254356208793124,0.3293622533368329,0.44109803976927914,0.3828138272065135,0.8908425932431928,nan,0.8041522450429481,-7.508291244506836,3.031794786453247,-1.060792088508606,-5.94,4.44,1.92
1740405192.126969,1d5ab4ef-0f65-dd99-0b6e-312f5d6add59,c916be20-d8af-3b42-8ab4-2af9bc3b99e2,30,-76.0,-72.0,-69.0,-61.0,-47.0,-48.0,-53.0,2.6340815015044448,-2.3143839263425368,1.931214700288552,-2.996671150234842,1.5707963264528664,2.769853854168027,-1.4461341213144259,0.2544742134180752,0.25550442399625867,0.41383615850700595,0.3692748488567687,1.2740903539558606,0.3434692366317282,0.7243098037869706,-7.40036678314209,3.161252975463867,-1.063977837562561,-4.74,4.44,1.92
1740405193.124023,1d5ab4ef-0f65-dd99-0b6e-312f5d6add59,d7388496-d89f-71a9-4d60-56cb35a09b24,27,-63.0,-78.0,-79.0,-57.0,nan,nan,nan,2.619463410281,-2.3044585912759206,1.8949419136094552,-3.0288743604521895,nan,nan,nan,0.2814253537154066,0.17398717691304844,0.5432884576436362,0.30516190877420113,nan,nan,nan,nan,nan,nan,-4.74,4.44,1.92
1740405194.124313,1d5ab4ef-0f65-dd99-0b6e-312f5d6add59,8c418f6d-b880-b92d-1549-4f007ba434e6,29,-65.0,-75.0,-79.0,-59.0,-47.0,-48.0,-53.0,2.6448209649162986,-2.292368638875288,1.856627015006485,-3.036086467000233,0.6854116443144471,3.0270453826367882,-1.4208630152317243,0.34792049139305004,0.13608005820724003,0.648454225666857,0.3058971076826311,0.9689692456335662,0.41644133162799435,0.7561228458860044,-7.2461957931518555,3.327326774597168,-1.1142878532409668,-4.74,4.44,1.92
1740405195.12473,1d5ab4ef-0f65-dd99-0b6e-312f5d6add59,69de4141-df49-11e6-0c57-73d71ed8d16a,27,-63.0,-74.0,-80.0,-57.0,-47.0,-53.0,-55.0,2.671589462297121,-2.2971593993602313,1.7388726842475415,-3.067244652805833,0.54321459164744,-3.012455825928597,-0.7459726876335951,0.296610465224443,0.12193203156095091,0.6476394981103745,0.27221928852495025,0.7601523746484512,0.3290471223702521,1.3120599552686127,-7.007439613342285,3.5067524909973145,-1.026776671409607,-4.74,4.44,1.92
1740405196.123835,1d5ab4ef-0f65-dd99-0b6e-312f5d6add59,b70a51bc-4a14-3c42-3afa-109b89353e50,11,-63.0,-78.0,-69.0,-56.0,-45.0,-48.0,nan,2.6544648038556935,-2.274836516787078,1.6807641071586665,-3.097491504886408,0.43389069799846103,-3.064589511482967,nan,0.335640988501831,0.12840508593936228,0.6201729196288148,0.27279205125164224,0.6850031071763487,0.43519671145085526,nan,-6.696168422698975,3.6891086101531982,-0.8883982300758362,-4.74,4.44,1.92
1740405197.124667,1d5ab4ef-0f65-dd99-0b6e-312f5d6add59,738996b6-aef7-3c27-dbd8-3471f241f0c8,10,-67.0,-68.0,-74.0,-43.0,-46.0,-45.0,-57.0,2.5726716699283076,-2.2506584761985757,1.602103383305432,3.127874710814795,0.6203562190559058,2.9494378244560044,-0.114929340396205,0.29265617034837976,0.11359886735203845,0.6569228116172,0.4684250686097185,0.42370635396906065,0.42925965584337644,1.0968747979288942,-6.3250250816345215,3.8512871265411377,-0.6819581985473633,-3.54,4.44,1.92
1740405198.126483,1d5ab4ef-0f65-dd99-0b6e-312f5d6add59,832c069e-cc77-2e2b-ac0e-c08f1df184dc,17,-74.0,-65.0,-76.0,-40.0,-48.0,-52.0,-57.0,2.5672505392133425,-2.2149670575854428,1.5874677152187926,3.0995940705670257,0.7002078150421678,0.38108460104397024,-0.7646536208142375,0.2506364484844597,0.11172377724040569,0.6149167051643529,0.4671416579908957,0.2996585857592847,1.4768239355849626,0.7637554139787348,-5.970618724822998,4.0292010307312,0.086904875934124,-3.54,4.44,1.92
1740405199.124702,1d5ab4ef-0f65-dd99-0b6e-312f5d6add59,f1910de3-e710-b569-b7a4-ff82718b63af,29,-65.0,-67.0,-84.0,-42.0,-52.0,-45.0,-56.0,2.5221168829553333,-2.2092050422509475,1.5935812678171783,3.0854771862607335,0.29463835917752146,-2.802555462553811,-0.7914300032476127,0.3308463331437932,0.09479944676960099,0.6345426710806101,0.45563723484543056,0.4706600958145782,1.02145483686211,0.4426843706220697,-5.612858295440674,4.2085747718811035,0.324201911687851,-3.54,4.44,1.92
1740405200.12525,1d5ab4ef-0f65-dd99-0b6e-312f5d6add59,ceb395fc-c3b1-3e5a-ec30-503043d0e521,1,-62.0,-62.0,-75.0,-37.0,-54.0,-42.0,nan,2.4962373487463796,-2.1603871689409226,1.5662993129781888,2.9639022846019625,0.4481272947799622,2.7552006322785396,nan,0.3736430988347712,0.10559005119676244,0.6412068988133971,0.5941666189519732,0.44687647973151495,0.6093811355568469,nan,-5.252301216125488,4.390167713165283,0.45294278860092163,-3.54,4.44,1.92
1740405201.125578,1d5ab4ef-0f65-dd99-0b6e-312f5d6add59,01d2c320-30ff-0f59-d666-24b00c8e8ed5,7,-66.0,-63.0,-69.0,-39.0,-51.0,-45.0,-57.0,2.4690518003388506,-2.122646714185083,1.3313280773682796,2.8958840850969025,0.4708645689570733,-3.0052401723615483,-1.5707963266482687,0.39049288576218893,0.11909244437103234,0.38444464718953714,0.5780569577810022,0.458825766587348,0.6935438400553402,0.8203047484373351,-4.910799980163574,4.57493019104004,0.746415913105011,-3.54,4.44,1.92
1740405202.127423,1d5ab4ef-0f65-dd99-0b6e-312f5d6add59,df109782-17d9-e409-8bb7-e8dc424c8726,19,-70.0,-74.0,-78.0,nan,-64.0,-42.0,-53.0,2.4427924993584513,-2.0319306590253867,1.182284266961995,nan,-2.7354671608313033,3.021994808525223,-1.0756125428172543,0.4414716812702173,0.09359020518713687,0.23695823674397415,nan,1.4379273919243212,0.503111466765445,0.7293283753542374,-4.679545879364014,4.716097354888916,0.936300754547119,-2.34,4.44,1.92
1740405203.126346,1d5ab4ef-0f65-dd99-0b6e-312f5d6add59,050630fb-bfb9-eb8b-2180-d0901a3e4bf3,2,-65.0,-65.0,-79.0,nan,-45.0,-37.0,-56.0,2.4361777398429125,-2.048291256550071,1.177674068798959,nan,0.526370010264295,2.8526243539542806,-0.9074228048787796,0.46665210240351185,0.11932027780228859,0.21491595148117443,nan,0.9083038271171631,0.5567866442241501,0.49147789709436973,-4.558876991271973,4.813400745391846,0.9930923581123352,-2.34,4.44,1.92
1740405204.127004,1d5ab4ef-0f65-dd99-0b6e-312f5d6add59,b39161c6-d018-fb2e-03cb-a568e7b724ce,26,-69.0,-69.0,-84.0,nan,nan,-42.0,-55.0,2.4215580507228136,-1.9958699931271147,1.2339900721581014,nan,nan,2.8556474739739843,-0.8326147736242475,0.4312991049859008,0.13272810379072542,0.2750886615071857,nan,nan,0.540049441465764,0.4403436531459905,-4.45444107055664,4.855434894561768,1.0963473320007324,-2.34,4.44,1.92
1740405205.125527,1d5ab4ef-0f65-dd99-0b6e-312f5d6add59,cd0a4e36-604d-6961-ea48-f57e8e447519,20,-74.0,-69.0,-77.0,nan,nan,nan,nan,2.382574166054016,-1.894398895063188,1.2570421282377182,nan,nan,nan,nan,0.33911474924870305,0.17844599101287043,0.25347184951803975,nan,nan,nan,nan,nan,nan,nan,-2.34,4.44,1.92
1740405206.128234,1d5ab4ef-0f65-dd99-0b6e-312f5d6add59,d8a0dfa1-56a4-ab7e-fa7f-5bcbac66ad2a,5,-68.0,-79.0,-73.0,nan,-49.0,-33.0,-62.0,2.277548680041215,-1.8338186381666106,1.1502467053644507,nan,0.6388156602357045,2.8846650842570267,-0.7469114648089293,0.3135550939761812,0.22781004537295654,0.029903216914981455,nan,0.5280272987461898,0.6125317115485619,0.32968432564166833,-4.40846586227417,4.847748756408691,1.116312026977539,-2.34,4.44,1.92
1740405207.127111,1d5ab4ef-0f65-dd99-0b6e-312f5d6add59,6dc109cd-d807-7549-965f-73476255ad30,3,nan,-63.0,-78.0,-59.0,-48.0,-36.0,-57.0,nan,-1.8944662730387667,1.0876451092005033,0.17559126541663045,0.517317302583818,2.9153547157908912,0.055713477428993616,nan,0.2280677561426922,0.04438428017796341,0.2345141040087971,0.48127887733698854,0.6854510147979884,0.34856708705914996,-4.38536548614502,4.80296516418457,1.1266229152679443,-1.14,4.44,1.92
1740405208.12498,1d5ab4ef-0f65-dd99-0b6e-312f5d6add59,48642fa6-dae7-606b-5f52-1a4f6fc7956c,21,nan,-66.0,-86.0,-75.0,-51.0,nan,nan,nan,-1.829503518252355,0.7451175855938907,0.11127885456841594,0.6681744123996866,nan,nan,nan,0.23865839878388073,0.10776295761967171,0.19160423719527483,0.32162444239789906,nan,nan,-4.38543462753296,4.759767532348633,1.079146385192871,-1.14,4.44,1.92
1740405209.125111,1d5ab4ef-0f65-dd99-0b6e-312f5d6add59,05e06b05-ede6-5a2a-8f31-a91e19e4f657,10,nan,-67.0,-75.0,-66.0,-56.0,nan,nan,nan,-1.6203076872527775,0.7605024008951695,0.15317890063085055,0.6667045088159783,nan,nan,nan,0.27329632080404875,0.1508936587442104,0.16023494593901555,0.44115693138177386,nan,nan,-4.330400466918945,4.69977903366089,0.9394513368606567,-1.14,4.44,1.92
1740405210.128476,1d5ab4ef-0f65-dd99-0b6e-312f5d6add59,09c8dc23-8254-650e-dd84-8ef130c5dbfb,4,nan,-65.0,-86.0,-66.0,-47.0,nan,-54.0,nan,-1.502299690400004,0.7431335305817817,0.2345312813978281,0.5963784304217201,nan,0.4197887859522409,nan,0.24024143167009424,0.15387285383189797,0.1957175893674431,0.3377433628287667,nan,0.28843439419987854,-4.200443744659424,4.637078762054443,0.868880033493042,-1.14,4.44,1.92
1740405211.124305,1d5ab4ef-0f65-dd99-0b6e-312f5d6add59,f721760d-d2df-bdad-0e75-fe11ad85ae1d,23,nan,-68.0,-80.0,nan,-63.0,-40.0,nan,nan,-1.4480487021501087,0.7903138261375164,nan,-0.07530131113400466,2.739626193490625,nan,nan,0.38347808616140655,0.14421476698067118,nan,0.8014333383200379,1.010505648508146,nan,nan,nan,nan,-1.14,4.44,1.92
1740405212.124406,1d5ab4ef-0f65-dd99-0b6e-312f5d6add59,bc946a02-61dd-2e7e-3eab-b9682c225056,35,-76.0,-75.0,-74.0,nan,-50.0,-43.0,-52.0,1.8432717947719557,-1.4709691980718755,0.7749987856567979,nan,0.42104672422151096,2.8151838762612393,0.6374281909403248,0.5330668126162349,0.3708370924417228,0.13090717571776217,nan,0.5016004666424818,0.7932102871404042,0.2699568183870234,-4.063687324523926,4.566430568695068,0.8229451775550842,-2.34,4.44,1.92
1740405213.12754,1d5ab4ef-0f65-dd99-0b6e-312f5d6add59,f0e325e6-4dde-2e4c-64fc-20b6bc63f800,10,-74.0,-71.0,-79.0,nan,-51.0,-42.0,-59.0,1.9662411275774923,-1.484770630947048,0.8525119533963171,nan,1.7819107587051002,2.8895147931057394,-1.8141958470632962,0.2869741497151276,0.3120963807786039,0.1317442571826445,nan,0.9800203103425434,0.6997224452590439,1.4269003388173842,-3.9009909629821777,4.490874767303467,0.8537769317626953,-2.34,4.44,1.92
1740405214.124708,1d5ab4ef-0f65-dd99-0b6e-312f5d6add59,7257603d-43e7-5e2b-7639-30c3d8e9f886,20,-77.0,-71.0,-74.0,nan,-46.0,-49.0,-60.0,1.8846882107804317,-1.6064545890524582,0.8708699217385604,nan,0.9829644067899768,3.0477730894576314,0.6404940028160508,0.2905614609929779,0.15219008556286098,0.1093466729409146,nan,0.6881115979485897,0.7308471066918594,0.9276863435484716,-3.7400500774383545,4.42438793182373,0.903133451938629,-2.34,4.44,1.92
1740405215.124253,1d5ab4ef-0f65-dd99-0b6e-312f5d6add59,60ab5b1a-8d2f-4fab-9baa-6da5facacb34,12,-67.0,-69.0,-70.0,nan,-49.0,-45.0,-54.0,1.9200363479290536,-1.712862521987119,0.8814325512540326,nan,0.8388081387692902,2.965099477875034,-2.7826737015171115,0.33298881295124827,0.2570071126413359,0.1191965406801408,nan,0.4520489253557084,0.6556440761708271,1.1634126285834276,-3.5757806301116943,4.358557224273682,0.9427121877670288,-2.34,4.44,1.92
1740405216.12558,1d5ab4ef-0f65-dd99-0b6e-312f5d6add59,78d2cb6f-1fc3-477b-9b83-a7cbb6af9fb6,9,-81.0,-73.0,-75.0,-57.0,-54.0,-41.0,-56.0,1.871919418617938,-1.7578805970538185,0.9960621951059861,0.10098254116195159,0.0631311992652072,2.8528243923598433,-1.0622273781702039,0.2879215692729233,0.2366362938576972,0.12555428850573014,0.3163642295835104,0.5924878430142636,0.6600937996163336,0.9823656606962702,-3.4122157096862793,4.301495552062988,0.9738336205482483,-2.34,4.44,1.92
1740405217.12437,1d5ab4ef-0f65-dd99-0b6e-312f5d6add59,bd91e045-6466-1117-e2d5-da9bc9ddc77b,2,-66.0,-67.0,-84.0,-47.0,-52.0,nan,-59.0,1.8962537867624278,-1.781777807305372,1.0671930972931307,0.12040390972746343,0.4006393847981951,nan,-0.9627463559787282,0.2727319303900337,0.20893923542854817,0.05846852411614516,0.4782372193300064,0.4055760424962061,nan,0.8212480834530091,-3.2618408203125,4.282374382019043,1.0138124227523804,-3.54,4.44,1.92
1740405218.127388,1d5ab4ef-0f65-dd99-0b6e-312f5d6add59,1df80fab-e4a9-47ae-63a5-b47afaf0724c,1,-62.0,nan,-66.0,-41.0,-51.0,-47.0,-47.0,1.8837507780767242,nan,1.08075764198934,0.11321497268090354,0.02057972975268473,3.05185531646666,0.1344282351697267,0.25900245279856415,nan,0.1008583213418562,0.5213252682652119,0.5584101927858434,0.6787073868337671,0.67625025142272,-3.111175775527954,4.29320478439331,1.0314735174179077,-3.54,4.44,1.92
1740405219.124212,1d5ab4ef-0f65-dd99-0b6e-312f5d6add59,2ed8cb8f-e32b-844a-8ab4-f159b052e3e3,22,-72.0,nan,-73.0,-45.0,nan,-48.0,nan,1.9488655993613795,nan,1.0194245094525973,0.09909595784573945,nan,2.984893726207255,nan,0.25179956744579496,nan,0.10244522413402873,0.5268652425438219,nan,0.6746570446199532,nan,-2.9691050052642822,4.29952335357666,1.0857099294662476,-3.54,4.44,1.92
1740405220.123797,1d5ab4ef-0f65-dd99-0b6e-312f5d6add59,e8be8aa2-c673-445f-43ff-5baa17a41ec0,13,-66.0,nan,-66.0,-44.0,nan,-45.0,nan,1.7566306423961897,nan,1.0830114752198743,0.4936557901981019,nan,1.0744031038872954,nan,0.3697249896600193,nan,0.12282874286711579,0.9720701763196259,nan,1.151018360215315,nan,-2.8675475120544434,4.303990364074707,1.1979998350143433,-3.54,4.44,1.92
1740405221.125009,1d5ab4ef-0f65-dd99-0b6e-312f5d6add59,0dc5e146-4580-b444-3774-25a9e7039202,30,-81.0,nan,nan,-47.0,-52.0,-44.0,-51.0,1.7287835647738854,nan,nan,1.1087575850582154,-0.03820693917581022,2.5247694123471955,0.526746160051887,0.5099360934159198,nan,nan,1.2654956673279023,0.41860781552303544,1.1713719401253573,0.5115372797969513,-2.8051886558532715,4.310302257537842,1.2429231405258179,-3.54,4.44,1.92
1740405222.125657,1d5ab4ef-0f65-dd99-0b6e-312f5d6add59,16ec2255-8a9d-1c13-7b74-d70842334f99,9,-77.0,nan,nan,nan,-43.0,-49.0,nan,2.026398208176856,nan,nan,nan,0.3674587178083783,2.78282890702553,nan,0.3632890281221657,nan,nan,nan,0.31091930484489083,0.8754222412007603,nan,nan,nan,nan,-4.74,4.44,1.92
1740405223.125116,1d5ab4ef-0f65-dd99-0b6e-312f5d6add59,861ac4bf-c1a3-682a-cb5f-f5c4969191de,4,-72.0,-82.0,nan,nan,-42.0,-46.0,-53.0,2.0768549908217158,-1.8683818085839312,nan,nan,0.34968000145403294,2.938365411297688,-0.527100291416515,0.2287758573870306,0.28787652856098733,nan,nan,0.44645488953908735,0.8099260989269484,0.36733247292274596,-2.732318162918091,4.31722640991211,1.2582640647888184,-4.74,4.44,1.92
1740405224.125609,1d5ab4ef-0f65-dd99-0b6e-312f5d6add59,8c956e7c-f5fb-28f2-968b-7456e2bb27f9,9,-71.0,-75.0,nan,nan,-43.0,-47.0,-50.0,2.3639735837364664,-2.0124801288459384,nan,nan,0.35261460011900764,3.020563528901858,-0.9345535438343677,0.1582534209299421,0.3001404186703158,nan,nan,0.46284322610773637,0.7642766225511072,0.20180678003132363,-2.6859805583953857,4.328699111938477,1.2504453659057617,-4.74,4.44,1.92
1740405225.125331,1d5ab4ef-0f65-dd99-0b6e-312f5d6add59,2d2ba8d2-2b7f-e8c4-f829-48a579383e91,16,-67.0,-72.0,nan,nan,-46.0,-53.0,-64.0,2.692999679564704,-2.1022194696758483,nan,nan,0.32605590964209086,3.0711875912534685,-1.4792180605561664,0.17111402557101646,0.2650839475953282,nan,nan,0.534477048083717,0.7318049978989603,0.6401667533645995,-2.6538665294647217,4.329240798950195,1.2194231748580933,-4.74,4.44,1.92
1740405226.125675,1d5ab4ef-0f65-dd99-0b6e-312f5d6add59,882618c0-f962-0fb0-a94c-c86099662bf8,13,-69.0,-76.0,-72.0,nan,nan,nan,nan,2.6835049776463533,-2.1868776323039407,1.135601183581778,nan,nan,nan,nan,0.17711342842717887,0.18475751634879012,0.5088172328629503,nan,nan,nan,nan,nan,nan,nan,-4.74,4.44,1.92
1740405227.126583,1d5ab4ef-0f65-dd99-0b6e-312f5d6add59,ce7a3a1a-1503-7686-8d2c-f52fc8f02aad,28,-75.0,-73.0,-67.0,-61.0,-43.0,-51.0,nan,2.6709801310397108,-2.2464384311352363,1.2339378742007359,-3.07709728357469,0.44643985744197623,2.9822666999525866,nan,0.1935398060307876,0.19775390891594494,0.6022890605396332,0.4624091874443112,0.7165836439499184,0.5007590008885998,nan,-2.6361513137817383,4.321588516235352,1.1993589401245117,-5.94,4.44,1.92
1740405228.126987,1d5ab4ef-0f65-dd99-0b6e-312f5d6add59,0eb4fd4c-bd5c-e256-f5e5-9b5f639ff79a,16,-68.0,-75.0,-74.0,-77.0,-42.0,nan,-56.0,2.601707582661224,-2.2692617216772155,1.2345205738472451,-3.1005062032403776,1.082924433454747,nan,-1.8258723226822344,0.15531686970920938,0.43286474410124476,0.5318836700124536,0.542504056834067,1.0514995481890783,nan,0.357962290990945,-2.6251819133758545,4.31200933456421,1.1733217239379883,-5.94,4.44,1.92
1740405229.125282,1d5ab4ef-0f65-dd99-0b6e-312f5d6add59,c1b63773-3af4-7245-6655-df144f323085,18,-78.0,-80.0,-74.0,-74.0,nan,-53.0,-53.0,2.608344180097701,-2.316099801032875,1.2409478468220425,-3.1161125935443508,nan,2.9053526340103177,-1.8605522199785645,0.10925942944807929,0.5078175820582754,0.46315074464984385,0.5775273881982399,nan,0.4771084773835414,0.197455279756188,-2.621466636657715,4.292309284210205,1.1051697731018066,-5.94,4.44,1.92
1740405230.125444,1d5ab4ef-0f65-dd99-0b6e-312f5d6add59,2d1b85f3-edd1-9ad6-fa99-4a0ddbfa5e42,10,-80.0,-75.0,-83.0,-64.0,nan,nan,nan,2.598045736162365,-2.324136688570516,1.289939890867358,-3.0609822295025113,nan,nan,nan,0.07030007915082373,0.3751456210322803,0.43275252515081153,0.7487971421139987,nan,nan,nan,nan,nan,nan,-5.94,4.44,1.92
1740405231.127031,1d5ab4ef-0f65-dd99-0b6e-312f5d6add59,b4e06c69-ee36-5d37-701a-19e9190cad11,21,-65.0,-73.0,-68.0,-71.0,-44.0,-55.0,-52.0,2.4832895921586324,-2.3504263495873423,1.3270654217274986,-3.035014012029258,1.798405563666638,-3.079873021480937,-1.825051583151319,0.09973599867946956,0.3793552131883412,0.4016963717044751,0.715514952181006,1.0137595409722546,0.5576492278598707,0.11675445786429221,-2.62798261642456,4.281553268432617,1.07135534286499,-5.94,4.44,1.92
1740405232.127139,1d5ab4ef-0f65-dd99-0b6e-312f5d6add59,9f423868-409f-1849-a41f-dbe18c172752,36,-74.0,-85.0,-75.0,-66.0,-45.0,nan,-51.0,2.882909164266036,-2.3587090468935976,1.4177316757748104,-2.983122318189064,2.3756449082756608,nan,-2.101739828625226,0.13008573200190562,0.27406444304145483,0.28548058239678387,0.7189998316254291,0.915183797238292,nan,0.18225030099973283,-2.723954200744629,4.2799973487854,1.0472745895385742,-7.14,4.444,1.92
1740405233.124886,1d5ab4ef-0f65-dd99-0b6e-312f5d6add59,e0b04c77-491d-fd70-e070-f44c4b307604,8,-69.0,-81.0,-76.0,-71.0,nan,nan,nan,2.9986671894718566,-2.430046610381332,1.4757353243167362,-3.014483436869728,nan,nan,nan,0.1520334417564939,0.28502405000691705,0.45462633218515003,0.7309784638924967,nan,nan,nan,nan,nan,nan,-7.14,4.444,1.92
1740405234.124233,1d5ab4ef-0f65-dd99-0b6e-312f5d6add59,42383a46-902c-5153-92f2-165c795148cb,2,-70.0,-71.0,-66.0,-69.0,nan,-61.0,-51.0,2.964205884966231,-2.448151844736127,1.520705995116032,-3.053419384638905,nan,3.079873021480937,-1.8104899769228466,0.2391970730486197,0.2929047098571114,0.5681914106808582,0.6716001581748992,nan,0.5576492278598707,0.4898694480174875,-2.874549150466919,4.28022050857544,1.012717843055725,-7.14,4.444,1.92
1740405235.125892,1d5ab4ef-0f65-dd99-0b6e-312f5d6add59,2f15f25c-ca5e-4627-7c24-842939eb76fe,23,-65.0,-72.0,-73.0,-73.0,nan,nan,nan,2.8545848481763896,-2.531374030904449,1.6074925560873163,-3.03740260121095,nan,nan,nan,0.2512246741902309,0.2699904723639061,0.5593891306459281,0.6118316327785778,nan,nan,nan,-3.098996162414551,4.2797064781188965,0.9849814772605896,-7.14,4.444,1.92
1740405236.125395,1d5ab4ef-0f65-dd99-0b6e-312f5d6add59,3cbfdcd2-2672-ca30-e150-5f12d6c90c6c,31,-72.0,-75.0,-84.0,-65.0,-46.0,nan,nan,2.8264863681471817,-2.2919957963226767,1.6772396797720555,-3.0416913558304137,2.8781248947389266,nan,nan,0.23621012150425724,0.5947939931257686,0.6354125260716572,0.5917356189299218,0.6462637180597979,nan,nan,-3.404414415359497,4.308947563171387,0.9101442694664,-7.14,4.444,1.92
1740405237.126037,1d5ab4ef-0f65-dd99-0b6e-312f5d6add59,40e98cb9-6c62-94a3-4321-fabee08de621,17,-75.0,-76.0,-69.0,-66.0,-48.0,-47.0,nan,2.832991938058027,-2.2633055618992532,1.708302258094522,-3.0830931244528945,-2.9295722975609295,-2.9607051212248954,nan,0.22403744466226394,0.6012227308391654,0.580748548115718,0.5745746083396146,0.6002666408489803,0.5165051024125317,nan,-3.665553092956543,4.33806610107422,0.8178218007087708,-7.14,5.64,1.92
1740405238.128385,1d5ab4ef-0f65-dd99-0b6e-312f5d6add59,f137b2a1-5767-df9a-1144-c25829e9556f,4,nan,nan,-64.0,nan,-48.0,-53.0,-53.0,nan,nan,1.8486577717605317,nan,-2.56126507029634,-1.9296329869376694,-2.0232613996506066,nan,nan,0.5798338854393302,nan,0.5952654590598935,1.2344520062647792,0.5750748287440847,nan,nan,nan,-7.14,5.64,1.92
1740405239.12677,1d5ab4ef-0f65-dd99-0b6e-312f5d6add59,c7f1e31e-d5a3-2a09-9075-9e7ba3b5064e,16,-77.0,-72.0,-64.0,-70.0,-47.0,-55.0,-52.0,2.830526383520832,-2.292744144588989,1.8903964302609078,3.1383867402695556,-2.4901374845922986,-2.6350848806293135,-2.1729819299950806,0.23538670538471834,0.6217620278512653,0.5988999883154256,0.6693969250050765,0.555919881672915,0.7883557618822261,0.3775970075255394,-3.910673141479492,4.368609428405762,0.668065845966339,-7.14,5.64,1.92
1740405240.126052,1d5ab4ef-0f65-dd99-0b6e-312f5d6add59,63566ddd-16db-dc74-51cb-17480b182f8c,2,-76.0,-75.0,-63.0,-68.0,-43.0,nan,-52.0,2.8887681186642107,-2.3640225859005235,1.9407994170517475,-2.947463123825121,-2.3798501157004566,nan,-2.272153136334974,0.2246749721377153,0.45051524369990836,0.7034864522225269,0.5234872224381382,0.46898868761915735,nan,0.34349190371640403,-4.1498823165893555,4.41419267654419,0.540024757385254,-7.14,5.64,1.92
1740405241.125287,1d5ab4ef-0f65-dd99-0b6e-312f5d6add59,3f75d37e-9ac5-1376-fcaa-545c7bd6f341,24,-79.0,-75.0,-63.0,-69.0,-50.0,-63.0,-62.0,2.8352199386259875,-2.381970161118786,1.96494523339106,-3.003339705604401,-2.320711500834174,2.9803145334922165,-2.0384221967390763,0.24415095215033059,0.3899369508846348,0.5999420832499736,0.5785553683790104,0.41670069538204885,0.7091235632294005,0.5390873741440138,-4.364295482635498,4.452808380126953,0.46426334977149963,-7.14,5.64,1.92
1740405242.125536,1d5ab4ef-0f65-dd99-0b6e-312f5d6add59,f485737d-aaf6-7ab8-0095-e7e7787e55f3,12,-70.0,-83.0,-58.0,-74.0,-49.0,-57.0,-63.0,2.853220244433833,-2.415816808044821,2.0721459893822374,-3.0745587584236267,-2.434073831868953,2.9444830163298037,-1.8409860957859305,0.2898228332646445,0.38015362888314697,0.5454536741888979,0.6135279332349038,0.326270848992401,0.48063151597997267,0.6327538746192196,-4.628143787384033,4.506620407104492,0.3942939043045044,-7.14,6.84,1.92
1740405243.127558,1d5ab4ef-0f65-dd99-0b6e-312f5d6add59,fcdb215e-88a5-508f-661c-31a3c0adcfaf,22,-65.0,-86.0,-61.0,-75.0,-55.0,-52.0,-54.0,2.9144218168127263,-2.2706825181187726,2.063701638197814,-2.9049971560310444,-2.301838195070144,-2.973540060418233,-1.4663038477111576,0.2071754737728591,0.38950448681311955,0.5594830070743535,0.6756343811731784,0.3679140947667601,0.3617974012381086,0.6384583742297778,-4.884382724761963,4.55739164352417,0.2740657925605774,-7.14,6.84,1.92
1740405244.125098,1d5ab4ef-0f65-dd99-0b6e-312f5d6add59,06180079-4624-df23-9529-e5998f8f142a,28,-69.0,-76.0,-59.0,-75.0,-50.0,-52.0,-57.0,2.960508884740983,-2.1897710236702577,2.127323491375371,-2.8466736618422,-2.24194954724333,-3.123241372522445,-1.248280800129804,0.22204881234203136,0.42388300029835707,0.5524264291339706,0.7174327610609994,0.27011601536635615,0.3141097789441801,0.690211543218044,-5.038904190063477,4.600817680358887,0.16383688151836395,-7.14,6.84,1.92
1740405245.12772,1d5ab4ef-0f65-dd99-0b6e-312f5d6add59,f5a47869-da30-5eba-84db-abe091520b26,34,-67.0,-84.0,-60.0,-74.0,-54.0,-54.0,-57.0,3.0232130126068992,-2.169770817041817,2.2545123366120294,-2.957407101019368,-2.1768046238081027,-2.908629299375101,-1.1125623458785345,0.2042409698572144,0.3920459414413822,0.4903494091257414,0.7314184846836048,0.4738842970516405,0.719441929838175,0.8560849415654423,-5.14001703262329,4.64678716659546,0.11025552451610565,-7.14,6.84,1.92
1740405246.124727,1d5ab4ef-0f65-dd99-0b6e-312f5d6add59,f3753f6e-aee3-144d-ecb0-d4ce807c4915,5,-65.0,-77.0,-51.0,-65.0,-50.0,-54.0,-51.0,3.085446826224307,-2.164270856758585,2.3830029349895185,-2.6759762212446994,-2.1550183508721505,-2.769758155754873,-2.008433307326137,0.12243893098493384,0.3620834816757141,0.5026703907509383,0.7285735628491278,0.4068730229764182,0.4599397102378498,0.7607453481443065,-5.243304252624512,4.70026731491089,0.03082597814500332,-7.14,6.84,1.92
1740405247.124391,1d5ab4ef-0f65-dd99-0b6e-312f5d6add59,a5a51010-2fe8-7838-30ac-df81403961f2,9,-66.0,-74.0,-51.0,-66.0,-52.0,-46.0,-53.0,3.126342860555781,-2.1578832648840303,2.3569327184465148,-2.6710738743100815,-2.065934475427295,-2.6391019872881585,-1.2908948391056314,0.16028542948642935,0.3088559462327364,0.48179573517857033,0.7363983961849714,0.6137020300966552,0.34030744201029056,0.8006700807763665,-5.289473056793213,4.727643013000488,0.009360862895846367,-5.94,6.84,1.92
1740405248.125622,1d5ab4ef-0f65-dd99-0b6e-312f5d6add59,02ca6547-753d-6891-9a4a-e9e4faf00642,10,-74.0,-71.0,-60.0,-82.0,-50.0,-50.0,-52.0,3.1017565573721697,-2.1412603459919737,2.289155268703998,-2.384805362415284,-1.8397549855901718,-2.5959966816556435,-1.069398704519916,0.2471959606064567,0.2550644864289344,0.49278214020250144,0.7558844795649721,0.7473735455763904,0.2709185204790966,0.5844590001194891,-5.3561811447143555,4.756879806518555,0.006817404180765152,-5.94,6.84,1.92
1740405249.124847,1d5ab4ef-0f65-dd99-0b6e-312f5d6add59,36e0d1ee-44ab-3ccd-d8d0-c0223bde80bd,30,-70.0,-76.0,-57.0,-70.0,-52.0,-55.0,-60.0,-3.004123207597102,-2.1731085568360133,2.1644058790258525,-2.3083324253975497,-1.8076199082909616,-2.652045532878087,3.03984374433658,0.6021435853650876,0.2771586367539634,0.5560755257491108,0.7213156499303349,0.7191691803314616,0.2635453258468896,1.2200606172768849,-5.458091735839844,4.81924819946289,0.0927877724170685,-5.94,6.84,1.92
1740405250.124746,1d5ab4ef-0f65-dd99-0b6e-312f5d6add59,9aaaee1a-2da7-d463-50fc-876c9a517c16,5,-72.0,nan,-56.0,-67.0,-51.0,-49.0,nan,-2.9779930699295716,nan,2.0484481167382764,-2.256887343672162,-1.816261948306093,-2.620911155573369,nan,0.6866406933262579,nan,0.6185083773684883,0.6463077178282531,0.7725621325614036,0.3371066596490073,nan,-5.5781569480896,4.977513313293457,0.16947515308856964,-5.94,6.84,1.92
1740405251.126536,1d5ab4ef-0f65-dd99-0b6e-312f5d6add59,1ecb52f6-e85e-bce9-5914-c0d80b9cb4a6,21,-66.0,nan,-56.0,-66.0,-48.0,-53.0,-60.0,3.1377832679665443,nan,2.0376793585544317,-2.2357290614437004,-1.7206152964995467,-2.5959966816556435,-1.6490219274796394,0.7562307570857097,nan,0.6979511384758245,0.6102437895576454,0.7024531482386548,0.2709185204790966,1.1505511768814052,-5.710419654846191,5.19242000579834,0.224586620926857,-5.94,6.84,1.92
1740405252.127085,1d5ab4ef-0f65-dd99-0b6e-312f5d6add59,377d27a8-d8cd-2d70-bd7c-b0794ec35728,14,-63.0,nan,-53.0,-66.0,nan,nan,nan,3.097194029792646,nan,2.0079121417861803,-2.167958269603909,nan,nan,nan,0.6093429087398988,nan,0.9496646025946257,0.6090789228968447,nan,nan,nan,nan,nan,nan,-4.74,6.84,1.92
1740405253.126527,1d5ab4ef-0f65-dd99-0b6e-312f5d6add59,24eceae2-7685-ca69-5d72-078882b98dd0,6,-62.0,nan,-63.0,-80.0,-61.0,-47.0,-57.0,3.0977042914575055,nan,2.029125285133097,-2.1466540461477113,-0.07676843882800449,-2.512660244227227,-0.8790197034728576,0.5400271505727251,nan,0.9525339589321044,0.5389964739413509,1.0983632584746086,0.3157851999283273,0.7024763145274517,-5.7747650146484375,5.42931032180786,0.27709195017814636,-4.74,6.84,1.92
1740405254.12594,1d5ab4ef-0f65-dd99-0b6e-312f5d6add59,c85da8d3-5365-6b11-00a4-6abab8fa1e0a,6,-62.0,nan,nan,nan,-56.0,-49.0,nan,3.103060973674091,nan,nan,nan,-0.6603374345699418,-2.408243396155756,nan,0.5428241687970945,nan,nan,nan,0.7375155709676625,0.3476383315534267,nan,-5.753913402557373,5.70652961730957,0.3615553677082062,-4.74,6.84,1.92
1740405255.126748,1d5ab4ef-0f65-dd99-0b6e-312f5d6add59,64e9735e-0e8f-d1cc-4895-80c917d61326,9,-63.0,nan,nan,-84.0,nan,nan,nan,3.0718620415038123,nan,nan,-2.0821347076827976,nan,nan,nan,0.49649941374154766,nan,nan,0.49388938271521554,nan,nan,nan,nan,nan,nan,-4.74,6.84,1.92
1740405256.125875,1d5ab4ef-0f65-dd99-0b6e-312f5d6add59,564e677a-c71f-9af7-fce6-ce6743e12101,18,-65.0,nan,nan,-74.0,-63.0,-50.0,-63.0,3.122560106543433,nan,nan,-2.059751238194845,-0.8473239103467896,-2.430142509700154,0.18877145683570606,0.46317158388537366,nan,nan,0.5048696624686394,0.7573506842663644,0.3395127919812495,0.5851306605024931,-5.74153470993042,5.999282360076904,0.39645060896873474,-4.74,6.84,1.92
1740405257.126157,1d5ab4ef-0f65-dd99-0b6e-312f5d6add59,cf5bdd5d-f981-ed9b-0a73-1317b478bd2d,0,-62.0,nan,nan,-68.0,-48.0,-47.0,-54.0,3.067647855394871,nan,nan,-2.040169680489765,0.19099486756749354,-2.519022005226932,0.540652463230415,0.37073535968808174,nan,nan,0.3965920240011747,0.6022702787674714,0.2874914752154968,0.8859614002707618,-5.732137203216553,6.28266429901123,0.46434956789016724,-3.54,6.84,1.92
1740405258.126136,1d5ab4ef-0f65-dd99-0b6e-312f5d6add59,28853497-fd20-d3cf-f1bf-d60735aac970,29,-65.0,nan,nan,-66.0,-59.0,-46.0,-55.0,3.0116117502662956,nan,nan,-2.01408375129633,-0.5123398137226126,-2.4538833324703035,-0.20322724223356553,0.4138183819067296,nan,nan,0.2910080731077842,0.6483919989456958,0.2459818268847939,0.8099260987850821,-5.67500638961792,6.547461986541748,0.5859432220458984,-3.54,6.84,1.92
1740405259.125353,1d5ab4ef-0f65-dd99-0b6e-312f5d6add59,b5538af3-c0b9-4230-7b64-bc13992ebb70,35,-67.0,-80.0,nan,-69.0,nan,-48.0,-65.0,3.0011748219542755,-1.8767048527807013,nan,-1.9312293476745477,nan,-2.476732636366056,-0.9519897522038961,0.42824149644886716,0.18721985844792058,nan,0.3579066131115474,nan,0.22195161283894818,1.247454989769278,-5.6079840660095215,6.80030059814453,0.6911760568618774,-3.54,6.84,1.92
1740405260.126597,1d5ab4ef-0f65-dd99-0b6e-312f5d6add59,55c858ac-a3d9-2627-1d6d-29e6aa21a76e,28,-66.0,-86.0,nan,-73.0,-61.0,-50.0,-63.0,2.8542018856116362,-1.8735589937430452,nan,-1.8544104660312122,-0.6569329135728876,-2.5474457706781024,-0.30212603772106145,0.43123841820256065,0.2270410243186826,nan,0.25723702666719384,0.41361858502238574,0.233278993250513,0.797156157276811,-5.522156238555908,7.012785911560059,0.787800967693329,-3.54,6.84,1.92
1740405261.12519,1d5ab4ef-0f65-dd99-0b6e-312f5d6add59,2a53fc15-bac7-3af8-798b-d2977020949c,0,nan,-68.0,nan,nan,nan,-50.0,-58.0,nan,-1.818006119194265,nan,nan,nan,-1.5707963266205522,-2.0851892341901825,nan,0.2064499787576511,nan,nan,nan,0.9599310885968813,1.0431137538416737,nan,nan,nan,-3.54,6.84,1.92
1740405262.126589,1d5ab4ef-0f65-dd99-0b6e-312f5d6add59,71fcd56b-ad0f-6459-68a4-e980bef4e895,1,-56.0,-74.0,-74.0,-73.0,-61.0,-50.0,nan,2.8507877130941544,-1.7779511111350372,0.37635632735334384,-1.800973606126554,0.05646352975634347,-2.192982931360555,nan,0.4227687004087543,0.22169093342579516,0.23714665539109722,0.29275856889229335,0.38341879339332263,0.6583218889001664,nan,-5.400725841522217,7.190444469451904,0.8683189749717712,-2.34,6.84,1.92
1740405263.128827,1d5ab4ef-0f65-dd99-0b6e-312f5d6add59,ccb3f6f7-5317-2644-89e3-b46ef267f143,28,-56.0,-76.0,-77.0,-72.0,-56.0,nan,nan,2.774028486259237,-1.6832712070088671,0.29731130935481104,-1.7835328304637341,0.4378372686469397,nan,nan,0.4585581899290295,0.13838695492249392,0.2931098065505611,0.2875950657232796,0.2861918994605759,nan,nan,-5.24642038345337,7.26383113861084,0.9345369338989258,-2.34,6.84,1.92
1740405264.128954,1d5ab4ef-0f65-dd99-0b6e-312f5d6add59,2101e744-b428-2dca-d711-ac6890df5470,5,-56.0,-73.0,-72.0,-68.0,nan,-45.0,-67.0,2.680912124009052,-1.606283880426584,0.22161495011094381,-1.7407753796883487,nan,-1.7409980207874804,-1.2495904390175971,0.4038235383356623,0.18180165721015434,0.21992432551669105,0.27100209074872955,nan,0.8781875834812323,0.9782408693297058,-5.08101511001587,7.28771448135376,0.9895447492599487,-2.34,6.84,1.92
1740405265.128221,1d5ab4ef-0f65-dd99-0b6e-312f5d6add59,f08cd368-eab2-c748-0706-a22c46191a48,16,-60.0,-68.0,-72.0,-66.0,nan,nan,nan,2.6046610283101215,-1.6732486665624628,0.1472062292541299,-1.7425565018253937,nan,nan,nan,0.4171290906158617,0.27131932316882845,0.1467150424805784,0.32187813817295136,nan,nan,nan,-4.90442419052124,7.280036449432373,1.0773683786392212,-2.34,6.84,1.92
1740405266.127589,1d5ab4ef-0f65-dd99-0b6e-312f5d6add59,f169b27f-004e-a3dd-d040-db7ee80d3f0f,9,-54.0,-67.0,-70.0,-65.0,nan,-47.0,nan,2.6044032343166017,-1.6876395901449244,0.19719136606993612,-1.6882784824904342,nan,-1.53205590129746,nan,0.43718848599952914,0.26005686485315377,0.14634431381208257,0.3677882057572592,nan,0.837081739754365,nan,-4.800387382507324,7.2167840003967285,1.15970516204834,-2.34,6.84,1.92
1740405267.126694,1d5ab4ef-0f65-dd99-0b6e-312f5d6add59,b17aafea-023b-7d9c-0846-0b1d05d5db50,9,-54.0,-73.0,-72.0,-83.0,-62.0,nan,-63.0,2.5595065993956103,-1.6488510483420835,0.20676756071764302,-1.6873001702639934,0.15264438774352354,nan,-0.6328159660461634,0.4321067418759809,0.23434234676324384,0.20175156338350603,0.39846189598154663,0.41455024337039503,nan,0.9878481584426181,-4.68434476852417,7.1386260986328125,1.2564953565597534,-1.14,6.84,1.92
1740405268.125942,1d5ab4ef-0f65-dd99-0b6e-312f5d6add59,43ced465-277a-73ae-2e63-aa6bcfdaf72c,19,nan,-68.0,-68.0,-68.0,-55.0,-54.0,-59.0,nan,-1.6341441406962847,0.13394235544499025,-1.6757721448533673,-0.24753391597929747,-1.8855420161736707,-0.7622676677972198,nan,0.22506006523134076,0.18655097225063355,0.44270076340280257,0.4074964346159973,0.7323011105008467,0.7290267871417849,-4.536513328552246,6.976133823394775,1.309851050376892,-1.14,6.84,1.92
1740405269.13205,1d5ab4ef-0f65-dd99-0b6e-312f5d6add59,32873965-d88c-5787-1f92-e94bb84464fe,10,nan,-69.0,-68.0,nan,-56.0,-50.0,-53.0,nan,-1.5862589064000054,0.10669768486126162,nan,0.2777737906325655,-2.080345318504638,-0.8344001807415056,nan,0.201036304893738,0.3077720396690742,nan,0.33669141598371843,0.5265693390134226,0.4832343571655545,-4.29227066040039,6.7258620262146,1.306596040725708,-1.14,6.84,1.92
1740405270.127089,1d5ab4ef-0f65-dd99-0b6e-312f5d6add59,d9b25c6a-ca23-ef7e-a2b9-9d0fb80220de,28,nan,-67.0,-72.0,nan,-54.0,-57.0,-59.0,nan,-1.5926749940982246,0.13079742851371567,nan,0.5787761942400539,-2.2345101571864814,-0.9186567689321812,nan,0.1468222846487245,0.27666949728549994,nan,0.25055871605811597,0.3805626552743184,0.36247040329758884,-4.028135776519775,6.491140365600586,1.2747094631195068,-1.14,6.84,1.92
1740405271.128375,1d5ab4ef-0f65-dd99-0b6e-312f5d6add59,ce9bb5c8-c6d5-77f8-19e5-1ef3801dac97,29,nan,-67.0,-70.0,nan,-52.0,-56.0,-56.0,nan,-1.6141358114265192,0.03881583920401391,nan,-0.01910462266215843,-1.453456027528581,-0.9302392104542568,nan,0.19562224820041824,0.23342720138890852,nan,0.4188112109762492,0.6365263965948063,0.24844300332494199,-3.735513687133789,6.276411056518555,1.2538681030273438,-1.14,6.84,1.92
