1743705775.426457,2c08d2cc-7a1c-9d34-25ea-6265acb43d72,74b6c56a-0610-0693-8f5f-b1bccca65db5,4,-69.0,-72.0,-74.0,-69.0,-47.0,nan,-65.0,-3.062281053166143,-3.0720018574610415,-2.906548979998234,-1.7447907608219155,2.7903602039322357,nan,-2.349263248408645,0.30857904405839537,1.1453751179404232,0.580462391456589,1.264055296652333,0.32930600184569603,nan,0.48668470654468315,nan,nan,nan,-8.34,4.74,1.65
1743705776.41005,2c08d2cc-7a1c-9d34-25ea-6265acb43d72,1baffdb0-c8cd-3b91-4e86-0659a59afe13,2,-68.0,-69.0,-73.0,-68.0,-46.0,nan,-72.0,-3.061440026893896,-3.0605545258314453,-2.8800609134801967,0.006553773126575998,2.6834186309169406,nan,-2.3797844267197785,0.2766945143549899,1.1480709027538558,0.6816113136076433,1.2198900989247314,0.2995234982508454,nan,0.6263827709368298,nan,nan,nan,-8.34,4.74,1.65
1743705777.433183,2c08d2cc-7a1c-9d34-25ea-6265acb43d72,b583ca23-c4b4-3a96-6927-5dcf364135f7,15,-74.0,-67.0,-75.0,-67.0,-49.0,-57.0,-58.0,-3.0515357307998916,-2.997606718725787,-2.8794076400648003,-0.11474442609493604,3.0069347336540964,2.889793768423772,-3.1188106268603426,0.36085646349297373,1.2572344084684224,0.525990027941081,1.280982215382822,0.4328593316914274,0.8919681733782775,0.6980039087751292,nan,nan,nan,-8.34,4.74,1.65
1743705778.431977,2c08d2cc-7a1c-9d34-25ea-6265acb43d72,d0b89c86-8820-acc9-8f78-a0d11efb6a20,7,-72.0,-74.0,-76.0,-69.0,-50.0,nan,nan,-3.0635625662826897,-2.994113184007821,-2.834362134438873,-0.9627182198357038,2.806668475919549,nan,nan,0.3130915707884529,1.1589724195180406,0.604215191798033,1.2685894615662474,0.34779767513388177,nan,nan,nan,nan,nan,-8.34,4.74,1.65
1743705779.43669,2c08d2cc-7a1c-9d34-25ea-6265acb43d72,9c9d1b06-73e7-1be6-3b83-ae73b6068636,30,-73.0,-69.0,-75.0,-67.0,-48.0,-57.0,nan,-3.0353045629041855,-2.9778311497352945,-2.872730296263645,-0.5402893387820434,2.7037553848544613,2.952821196709067,nan,0.32061862942491204,1.2656330864401502,0.6308874159054491,1.4112759069763496,0.28619189951171026,0.5851306606109925,nan,nan,nan,nan,-8.34,4.74,1.65
1743705780.428732,2c08d2cc-7a1c-9d34-25ea-6265acb43d72,6e894a82-0b5a-fe37-34fe-412101515647,25,-78.0,-70.0,-72.0,-67.0,-49.0,-56.0,-63.0,-3.0496938885899927,-2.9908034074050702,-2.9141267385639456,-0.1503189319362145,2.6541879843930714,2.9509234233608126,-2.5607951072806037,0.33510978773290107,1.169509083212885,0.6378868024614225,1.4576126462568015,0.24813311629832843,0.41212509963186467,0.645265533696776,nan,nan,nan,-8.34,4.74,1.65
1743705781.432619,2c08d2cc-7a1c-9d34-25ea-6265acb43d72,98759ed6-155c-1e8a-5dac-0aafe4d80087,8,-72.0,-75.0,-75.0,nan,-50.0,-89.0,nan,-3.032016357906265,-2.9949627323955568,-2.8954718277601583,nan,2.629319508924231,3.041409460543505,nan,0.2983169855614522,1.1161301470619363,0.6484439724966602,nan,0.2915734489320755,1.3954017432327144,nan,nan,nan,nan,-8.34,4.74,1.65
1743705782.437861,2c08d2cc-7a1c-9d34-25ea-6265acb43d72,7443970f-3244-265a-a362-640b2893080c,21,-81.0,-69.0,-74.0,nan,-50.0,-56.0,-55.0,-3.033447806992182,-3.0287281529083443,-2.8889742473325826,nan,2.7836429472809274,0.1452108106338347,-2.33149215009309,0.3589836620354028,1.2120042126208979,0.6451142887647614,nan,0.37841012448813244,1.200723442200165,0.47914097483845225,nan,nan,nan,-8.34,4.74,1.65
1743705783.437484,2c08d2cc-7a1c-9d34-25ea-6265acb43d72,ce9abcd8-e564-8f14-e39d-8388c2226d56,6,-72.0,-73.0,-77.0,nan,-48.0,nan,nan,-3.022253741982252,-2.9615701544353796,-2.8882647812181856,nan,2.7122622505317144,nan,nan,0.3589305319716557,1.176200541767818,0.6233406165874098,nan,0.3520546744477794,nan,nan,nan,nan,nan,-8.34,4.74,1.65
1743705784.411371,2c08d2cc-7a1c-9d34-25ea-6265acb43d72,84175173-968b-f31b-0a6d-8ea08381e5bd,6,-71.0,-73.0,-77.0,nan,-46.0,-77.0,nan,-3.0305183297930953,-2.9051273846083494,-2.904489291211166,nan,2.6756045828366872,-0.15927537457751864,nan,0.2993223288729571,1.1466285347074687,0.6212618861985484,nan,0.34639470732364114,0.9890041897526589,nan,nan,nan,nan,-8.34,4.74,1.65
1743705785.412023,2c08d2cc-7a1c-9d34-25ea-6265acb43d72,f21976be-98e4-faf0-1513-9f661ef98f68,1,-67.0,-70.0,-74.0,nan,nan,nan,nan,-3.0148743889177516,-2.8437404562175868,-2.8923806966829035,nan,nan,nan,nan,0.3012773887186979,1.1534235902288064,0.5978897181559039,nan,nan,nan,nan,nan,nan,nan,-8.34,4.74,1.65
1743705786.411537,2c08d2cc-7a1c-9d34-25ea-6265acb43d72,9ae2bb3a-3cf6-4a2f-cc78-7987d2bd07c8,35,-72.0,-69.0,-73.0,-71.0,-47.0,-60.0,-60.0,-3.0110732590938816,-2.9253327877987805,-2.8986207494330682,-1.5508081043913613,2.7379548911922047,3.141592653589793,-2.2794366896638367,0.43029719049429926,1.266505671171315,0.5769696556869501,1.1963971565266522,0.4216370981809365,1.3613568166533918,0.37275961400011975,nan,nan,nan,-8.34,4.74,1.65
1743705787.441039,2c08d2cc-7a1c-9d34-25ea-6265acb43d72,229ad58f-d756-5ff2-a0b0-c9d4114cc571,33,-71.0,-69.0,-77.0,-68.0,-47.0,-58.0,-58.0,-2.952731655409625,-2.91506230705489,-2.953406500429851,-2.383571786198359,2.7409532687067104,3.009019965341441,-2.267289349445013,0.5627743412865551,1.3110824604453881,0.5747049700749739,1.3773341851993983,0.405576042568867,0.850844787442177,0.3547214659163803,nan,nan,nan,-8.34,4.74,1.65
1743705788.411155,2c08d2cc-7a1c-9d34-25ea-6265acb43d72,4c94adef-957b-a87a-3eac-ccdb2f5d350a,7,-72.0,-73.0,-76.0,-69.0,-50.0,-71.0,nan,-3.0007367319549574,-2.9239793693328022,-2.924987642121506,-2.374284011896708,2.669630127367278,-0.7860838648217299,nan,0.341313854518836,1.177175791359005,0.5978058951605938,1.344954407401779,0.37753327923381874,1.4967652031176155,nan,nan,nan,nan,-8.34,4.74,1.65
1743705789.444106,2c08d2cc-7a1c-9d34-25ea-6265acb43d72,922b7a05-0a35-4476-b2a7-66980af89716,20,-81.0,-69.0,-76.0,-69.0,-48.0,-57.0,-55.0,-3.0802153125789546,-2.9445823824739823,-2.88256188805989,-2.118217078343954,2.8302379443863854,0.07676843882800449,-2.182389914175086,0.30907053043756955,1.2127982340999048,0.6214168821739909,1.4560779996786433,0.45159776121531553,1.0983632584746086,0.320098644082161,nan,nan,nan,-8.34,4.74,1.65
1743705790.431802,2c08d2cc-7a1c-9d34-25ea-6265acb43d72,4e2f3dea-dc00-3c35-3f6a-60c7fc0674cf,18,-77.0,-67.0,-75.0,-70.0,-48.0,-57.0,-55.0,3.0828816694623424,-2.9782596523546885,-2.8883601223852104,-2.183756407506368,3.020819389823189,2.8680533313641425,-2.214821185650664,0.32871074426565866,1.2255510472958582,0.661248384438734,1.4907313180988635,0.5204388676294797,1.1734849022723834,0.23798774610259443,nan,nan,nan,-8.34,4.74,1.65
1743705791.436552,2c08d2cc-7a1c-9d34-25ea-6265acb43d72,86e51e0b-e307-886a-4726-c3d33ddbb24b,9,-71.0,-81.0,-74.0,-69.0,-51.0,-77.0,-66.0,-3.137553969796688,-3.0249808189384932,-2.873558805678768,-2.2424514126672785,3.015486792360532,nan,-2.4395807436846955,0.33730646286853927,1.1118777445913521,0.6483105481260472,1.474280173097117,0.5897215023122828,1.3613568164577623,0.3710272071606146,nan,nan,nan,-8.34,4.74,1.65
1743705792.42667,2c08d2cc-7a1c-9d34-25ea-6265acb43d72,c8123aaf-8a4d-754d-dc17-bd84e71854f1,32,-72.0,-71.0,-78.0,-68.0,-47.0,-57.0,-58.0,-3.1367046877250617,-2.991414602875244,-2.882151494935909,-2.3125181156828276,2.846954294347108,2.940285938589805,-2.3719842617376594,0.4327272251204557,1.2208082237105362,0.6549010728756663,1.4256425957928904,0.4706600959013647,1.0206951781348146,0.39306581237008714,nan,nan,nan,-8.34,4.74,1.65
1743705793.43781,2c08d2cc-7a1c-9d34-25ea-6265acb43d72,4ddfd2e1-1875-2f59-e5d2-c234a2e5f7f9,5,-70.0,-72.0,-75.0,-69.0,-47.0,nan,-64.0,-3.0975559533847883,-2.984905038222763,-2.913058810966824,-2.159893685190931,2.7465050401462645,nan,-2.477662781078292,0.2509239533688905,1.1831579169575954,0.654297001361409,1.38114836451261,0.3733953655715011,nan,0.5356127632237072,nan,nan,nan,-8.34,4.74,1.65
1743705794.427644,2c08d2cc-7a1c-9d34-25ea-6265acb43d72,9096d720-9b95-308b-80cb-54c7e58c0878,31,-72.0,-71.0,-77.0,-67.0,-48.0,-57.0,-60.0,-3.05070136243037,-3.027502832490798,-2.9362490851070158,-2.269320044905088,2.6834186309169406,2.965099477875034,-2.3736305159348414,0.30355785356013276,1.2601847914820663,0.6182662960253998,1.381945581784925,0.2995234982508454,0.6556440761708271,0.48158118373733977,nan,nan,nan,-8.34,4.74,1.65
1743705795.433597,2c08d2cc-7a1c-9d34-25ea-6265acb43d72,b431575c-d247-93a3-950d-30d986afca2a,23,-79.0,-72.0,-72.0,-66.0,-50.0,-56.0,-59.0,-3.079251514580455,-3.0276652853172936,-2.9354714420687125,-2.4206786749308695,2.7465050401462645,2.551994446531407,-2.2146052884670335,0.32719177704841834,1.2291822674421813,0.5897055578099816,1.4398533565276082,0.3733953655715011,1.4450097179295274,0.4524415002630904,nan,nan,nan,-8.34,4.74,1.65
1743705796.4374,2c08d2cc-7a1c-9d34-25ea-6265acb43d72,4d7843da-ba2f-a1f7-366e-7c7271d21766,27,-76.0,-68.0,-73.0,-67.0,-49.0,-56.0,-62.0,-3.0822422444846143,-3.0902133519433304,-3.003637713330381,-1.9580785388363995,2.6473233317623186,2.952847523658006,-2.1676608003191857,0.3557307772114391,1.235598754614564,0.5617767877212387,1.4600438460159346,0.29431393126315286,0.8638278909625725,0.45447334130236394,nan,nan,nan,-8.34,4.74,1.65
1743705797.433615,2c08d2cc-7a1c-9d34-25ea-6265acb43d72,f6e398b1-1765-5bbd-fbf1-fd2ac7a7a918,34,-72.0,-69.0,-75.0,-69.0,-47.0,-58.0,-57.0,-3.071205572295108,-3.0225240528328956,-3.0047881989212946,-2.5160850894024134,2.7148585697535434,2.965099477875034,-2.2060530117262713,0.49018256208344785,1.257937749312312,0.5778066206385347,1.485283555772997,0.3361758602835704,0.6556440761708271,0.3550724725506339,nan,nan,nan,-8.34,4.74,1.65
1743705798.433293,2c08d2cc-7a1c-9d34-25ea-6265acb43d72,8d3f3fd1-81ae-d308-4ec9-9b4c86f9c678,19,-76.0,-68.0,-76.0,-71.0,-48.0,-57.0,-54.0,-2.9897533229872524,-3.02200207325924,-2.925389779446108,-2.35406715711359,2.9074117661777077,2.9807125852205134,-2.2113534429701045,0.566173000890687,1.2130044959263315,0.5688389582999109,1.4951084896665172,0.4601357233410053,0.5179890972413654,0.24844300335433342,nan,nan,nan,-8.34,4.74,1.65
1743705799.442688,2c08d2cc-7a1c-9d34-25ea-6265acb43d72,15b3d6f1-5ebd-544e-74ae-382c6da38c1e,7,nan,-70.0,nan,nan,-52.0,nan,nan,nan,-2.9810280083078258,nan,nan,2.781145452964779,nan,nan,nan,1.132149327334872,nan,nan,0.39474959245051155,nan,nan,nan,nan,nan,-8.34,4.74,1.65
1743705800.433558,2c08d2cc-7a1c-9d34-25ea-6265acb43d72,5ac2b7ab-ae3c-cbb8-af64-359fa0d63087,3,-69.0,-70.0,-73.0,nan,-47.0,-68.0,-70.0,-2.985503450519704,-2.9513393547917315,-2.886865822697567,nan,2.6991218470296716,1.325940789167913,-2.307192472680948,0.5242201909491553,1.0954419127658737,0.5567979414843084,nan,0.31777206661650215,1.1019597249143818,0.4832343572279678,nan,nan,nan,-8.34,4.74,1.65
1743705801.433513,2c08d2cc-7a1c-9d34-25ea-6265acb43d72,65855140-a699-cb91-e3f0-3674613483e6,2,-68.0,-70.0,-74.0,nan,-46.0,-67.0,-73.0,-2.979699889872203,-2.9175116163094357,-2.9309600471821184,nan,2.6497582432585896,0.8179381719859784,-2.3244063965616117,0.45465585998373625,1.1644771734912347,0.579422160734804,nan,0.27893935857020946,0.666478475971597,0.600094645154443,nan,nan,nan,-8.34,4.74,1.65
1743705802.432213,2c08d2cc-7a1c-9d34-25ea-6265acb43d72,37411504-d0cf-97f0-9530-a8cb62ef1266,26,-77.0,-69.0,-72.0,nan,nan,nan,nan,-3.074156621099025,-2.968772673603499,-3.021083016367054,nan,nan,nan,nan,0.4322051789677729,1.2441436401301376,0.5339810758184591,nan,nan,nan,nan,nan,nan,nan,-8.34,4.74,1.65
1743705803.380791,2c08d2cc-7a1c-9d34-25ea-6265acb43d72,22b2e9ed-d0e8-8877-d1fb-d28aaf2759da,12,-74.0,-71.0,-79.0,nan,-49.0,-60.0,-57.0,-3.076547607125698,-2.914358167262673,-2.9856043843250175,nan,2.992175010384561,0.3622181451631441,-2.580442288667491,0.5018738725584093,1.2062476567666371,0.43643068351134723,nan,0.3627860706104764,0.7518794142311157,0.7898732290675059,nan,nan,nan,-8.34,4.74,1.65
1743705804.433509,2c08d2cc-7a1c-9d34-25ea-6265acb43d72,9cf39531-acd3-faef-46f7-85118afa27a1,10,-71.0,-85.0,-76.0,-69.0,-51.0,-67.0,-62.0,-3.0818017576403154,-2.7667133153770074,-2.883794665328488,-2.4456761701867893,-3.12200488177426,0.12528522722279833,-2.6514014249157256,0.5118786364045372,1.0771487258171466,0.5385988972801157,0.9094468753927941,0.47116129642406024,0.7989189472644055,0.705637805599839,nan,nan,nan,-8.34,4.74,1.65
1743705805.428336,2c08d2cc-7a1c-9d34-25ea-6265acb43d72,39d2d640-c4af-eefc-a9b3-d3fe4d4d5177,36,-73.0,-68.0,-73.0,-74.0,-48.0,-58.0,-58.0,-3.0517439899971355,-2.852917443017891,-2.936218192438371,-2.63075681119959,3.041893784015051,2.5803858315339534,-2.45861129206976,0.6115541979720188,1.2725454542075056,0.59306287183819,1.1846163971285775,0.5040373999520866,1.4062929168054217,0.48204479008681694,nan,nan,nan,-8.34,4.74,1.65
1743705806.437453,2c08d2cc-7a1c-9d34-25ea-6265acb43d72,954b4394-4ac0-3759-1ad3-6ceff1ab2db8,27,-76.0,-67.0,-73.0,-66.0,nan,nan,nan,-3.095522363576403,-2.9045611965605986,-2.9805015013603176,-2.5553222406908773,nan,nan,nan,0.6197487446461926,1.2809546516655397,0.5583623821771618,1.3447609287485844,nan,nan,nan,nan,nan,nan,-8.34,4.74,1.65
1743705807.438115,2c08d2cc-7a1c-9d34-25ea-6265acb43d72,35872a11-0d67-bf99-3aa4-fab016277806,26,-77.0,-68.0,-73.0,-66.0,nan,nan,nan,-3.137383261170814,-2.9711388922320343,-2.973631611012349,-2.589791002047555,nan,nan,nan,0.5134026636278488,1.236270403841482,0.5354512406087237,1.3925661350541065,nan,nan,nan,nan,nan,nan,-8.34,4.74,1.65
1743705808.38086,2c08d2cc-7a1c-9d34-25ea-6265acb43d72,e1b6eeaf-891b-5fed-e67a-673659a98f39,8,-71.0,-73.0,-74.0,-70.0,-51.0,-81.0,nan,-3.092117245806628,-2.9583637084829246,-2.9535886606484123,-2.658445697053144,2.8757990541141214,-0.23944715199131497,nan,0.38282717630147756,1.1902829381379938,0.5804734435751129,1.3434680971974056,0.5425686749349075,1.1944886791605198,nan,nan,nan,nan,-8.34,4.74,1.65
1743705809.438461,2c08d2cc-7a1c-9d34-25ea-6265acb43d72,b6b2bc11-9184-c09c-e271-081fbc05cd1a,12,-73.0,-73.0,-79.0,-69.0,-48.0,-60.0,-56.0,-3.053866529385929,-2.915958194445593,-2.9508741005492944,-2.629913388082362,3.1212318059838373,-0.23469604593967736,-2.54576564105388,0.46417259956010726,1.1491774461867839,0.5441865421422382,1.3229206109649538,0.5409605567028963,0.9292038085584888,0.6743052984108715,nan,nan,nan,-8.34,4.74,1.65
1743705810.428033,2c08d2cc-7a1c-9d34-25ea-6265acb43d72,fc6e575c-3802-abfb-3fd7-fb1eb7ea9658,26,-76.0,-68.0,-73.0,-67.0,-49.0,-57.0,-63.0,-3.0854721262546625,-3.010908409422406,-2.9687801304545514,-2.1037774189135448,2.8022656197466183,0.03120461464009066,-2.288445976529354,0.42298661356495004,1.2907143381123531,0.502015253122779,1.3464014359800733,0.3807397913366503,0.9771586175980266,0.61421182361171,nan,nan,nan,-8.34,4.74,1.65
1743705811.435169,2c08d2cc-7a1c-9d34-25ea-6265acb43d72,974cc8ed-a212-497c-dadc-8be75843a41f,4,-69.0,-71.0,-73.0,-68.0,-47.0,nan,-67.0,-3.0797322151572146,-2.9310111798750476,-3.009360846512961,-1.0835611516688666,2.7196261131890895,nan,-2.323654481418131,0.3472771715422278,1.1957870263209147,0.6588005399227875,1.3194153583381916,0.30436462731152647,nan,0.6664784760561362,nan,nan,nan,-8.34,4.74,1.65
1743705812.410688,2c08d2cc-7a1c-9d34-25ea-6265acb43d72,6d8f64c0-d93e-52de-f346-514394eb4233,21,-79.0,-70.0,-74.0,-67.0,-49.0,-58.0,-55.0,-3.0480296792248023,-2.9544214311212804,-2.9656823414745714,-0.08578095134367027,2.854132162396952,0.05317790682697914,-2.244704708899615,0.34015324891577947,1.2067548557962424,0.6777525929252001,1.4209172159127086,0.42050103755905616,0.8545108422287595,0.4395667969317272,nan,nan,nan,-8.34,4.74,1.65
1743705813.41032,2c08d2cc-7a1c-9d34-25ea-6265acb43d72,c9c626a0-2cd7-ef04-bbd8-2b43fdd7f185,8,-71.0,-73.0,-73.0,nan,-52.0,-70.0,nan,-3.0313596223814514,-2.942007372015985,-2.924740234456238,nan,2.769758155754873,-0.12102912465448543,nan,0.2695199750230732,1.1275857344909122,0.7329545960003625,nan,0.4599397102378498,0.7642766224137166,nan,nan,nan,nan,-8.34,4.74,1.65
1743705814.437751,2c08d2cc-7a1c-9d34-25ea-6265acb43d72,825f6ea9-1195-9d35-8ece-e98f21e4463e,29,-74.0,-68.0,-75.0,nan,-49.0,-59.0,-65.0,-3.0424958967957263,-2.9615041080403457,-2.927130421534584,nan,2.696591581895118,-2.9418058289114235,-2.20035706886222,0.2932050478490451,1.2912124823942528,0.678471513261467,nan,0.33353516514157017,1.3039301761487918,0.40422365624476136,nan,nan,nan,-8.34,4.74,1.65
1743705815.434208,2c08d2cc-7a1c-9d34-25ea-6265acb43d72,090a54eb-eb32-ab71-018f-1578968166cd,29,-74.0,-68.0,-75.0,nan,-48.0,-57.0,-64.0,-3.0366459971452584,-2.9494636904359885,-2.992197305919618,nan,2.6318107758643747,-3.1169124762443476,-2.1837120426203707,0.30703544260107185,1.2598110168230738,0.7200379318183421,nan,0.2763498422419288,0.7852458702205459,0.39588167474115876,nan,nan,nan,-8.34,4.74,1.65
1743705816.438825,2c08d2cc-7a1c-9d34-25ea-6265acb43d72,cfd4c5cc-474f-7c83-d3e6-f46e02b4a0cf,33,-72.0,-69.0,-77.0,nan,-48.0,-58.0,-58.0,-2.9157957416190983,-3.024622890087987,-3.00534240274414,nan,2.7095195001714965,3.121440009352232,-2.2175804376942554,0.40643540028524383,1.2763756124872574,0.6966274808350278,nan,0.3679140947754087,0.523510844637708,0.37302562754152624,nan,nan,nan,-8.34,4.74,1.65
1743705817.437965,2c08d2cc-7a1c-9d34-25ea-6265acb43d72,2d9734b3-ade9-9570-b3a7-f3f75a193db4,25,-79.0,-69.0,-73.0,nan,-49.0,-57.0,-62.0,-3.026959813944531,-3.0301534767237546,-2.9718166667294597,nan,2.6834186309169406,3.074253431293582,-2.1283685018025844,0.3444472965679096,1.2225754974099126,0.6109300195915315,nan,0.2995234982508454,1.308429131264274,0.444613360335415,nan,nan,nan,-8.34,4.74,1.65
1743705818.437732,2c08d2cc-7a1c-9d34-25ea-6265acb43d72,d20c0af0-b211-75ba-9a4b-ffa015789c6d,35,-73.0,-68.0,-74.0,-71.0,-48.0,-61.0,-59.0,-2.971217455484192,-2.979587770790311,-2.960647369117668,-2.112098332581443,2.816243601543155,-3.033231972693042,-2.1564897091172033,0.44386822664566594,1.2329184161354534,0.5997633851408293,1.429938407789243,0.41605139238899524,0.8697665747500811,0.3693006787185838,nan,nan,nan,-8.34,4.74,1.65
1743705819.437712,2c08d2cc-7a1c-9d34-25ea-6265acb43d72,d1772eb6-368e-4123-c18e-dc3064e85944,7,-72.0,-72.0,-75.0,-71.0,-50.0,-76.0,nan,-3.060352391904708,-2.9592369590043615,-2.9116409440024653,-1.7668282856842665,2.6991218470296716,-1.11615586743239,nan,0.39433053418250663,1.1385887176926288,0.6068070467499254,1.4034310333533029,0.31777206661650215,1.2981560349510415,nan,nan,nan,nan,-8.34,4.74,1.65
1743705820.437809,2c08d2cc-7a1c-9d34-25ea-6265acb43d72,ae2f34c2-a10f-5c5c-4a7e-630c4cc76012,14,-74.0,-68.0,-75.0,-66.0,-48.0,-58.0,-57.0,-3.0461308453675757,-2.9177773997862255,-2.956854228777068,-1.2168451736923893,3.0475116543316503,-2.9213466451350794,-2.3425682521410476,0.48013272423587033,1.2649626356357229,0.5158485107729776,1.352808735246695,0.3824354703104212,1.071899074498765,0.4988987715371881,nan,nan,nan,-8.34,4.74,1.65
1743705821.437841,2c08d2cc-7a1c-9d34-25ea-6265acb43d72,8d8c1869-1adc-d471-8c98-427cd8704c76,11,-73.0,-75.0,-79.0,-68.0,nan,-61.0,-57.0,-3.055631406240325,-2.8690106591691307,-2.8808548018011493,-1.3556143754550938,nan,-0.5717884116995691,-2.465261467886723,0.4266940999869903,1.205633132345101,0.5961158531328296,1.219739097690924,nan,1.343637923328745,0.6454923417450076,nan,nan,nan,-8.34,4.74,1.65
1743705822.433592,2c08d2cc-7a1c-9d34-25ea-6265acb43d72,1f589e98-2074-bbae-ec9e-1190556abe0b,4,-69.0,-72.0,-72.0,-69.0,-48.0,nan,-68.0,-3.0539714579328785,-2.823947842996118,-2.8547757968265484,-1.6090148189664057,2.7923521783752707,nan,-2.5377736111795013,0.3629875915762824,1.090151210365295,0.7394098321666058,1.2807578440609828,0.31291221359112026,nan,0.6887120976977292,nan,nan,nan,-8.34,4.74,1.65
1743705823.430513,2c08d2cc-7a1c-9d34-25ea-6265acb43d72,9c0aaf52-0ae5-4944-46c4-c4c0c27d31fe,34,-73.0,-69.0,-75.0,-69.0,-48.0,-58.0,-58.0,-2.9869271764384604,-3.0092889411635286,-2.839741453524724,-2.040035723486934,2.8186450717071256,-3.1044295326276368,-2.3604799049108953,0.5732050111700141,1.1804189889345034,0.730843841099393,1.3315726887144033,0.39950697210177005,1.0818177696859026,0.5065322559690043,nan,nan,nan,-8.34,4.74,1.65
1743705824.433545,2c08d2cc-7a1c-9d34-25ea-6265acb43d72,cc6e9324-3865-c94d-7259-379fc7a5aad2,27,-76.0,-67.0,-73.0,-66.0,-49.0,-57.0,-63.0,-2.9869535417332522,-3.0396953165933995,-2.968502362752856,-2.1420513048357273,2.6834186309169406,3.141592653589793,-2.2098956681943043,0.5877047914620322,1.1715081850851528,0.5919402162806671,1.3805592732794842,0.2995234982508454,0.6632251158194115,0.4928592705180706,nan,nan,nan,-8.34,4.74,1.65
1743705825.438473,2c08d2cc-7a1c-9d34-25ea-6265acb43d72,c2ab5ba1-8e46-095c-b31b-f7192d39c322,15,-75.0,-68.0,-75.0,-67.0,nan,nan,nan,-3.0380422925047874,-3.001372694823268,-3.028696727607481,-1.8962609772973713,nan,nan,nan,0.4777393413642162,1.220272262541158,0.5346562537338214,1.3470227514623891,nan,nan,nan,nan,nan,nan,-8.34,4.74,1.65
1743705826.43433,2c08d2cc-7a1c-9d34-25ea-6265acb43d72,9b1cae2c-0269-af23-aaee-f3c736ea1507,5,-70.0,-72.0,-74.0,-69.0,-47.0,-63.0,-66.0,-2.9232078515650066,-3.0097616522570174,-3.0202411911464795,-1.9041323493732638,2.634151405640335,1.277369613911476,-2.4045721525482717,0.30154673417344585,1.1351441851387205,0.5384021229650724,1.2122532181828203,0.26110565963517673,1.3335827711487411,0.5880437283404908,nan,nan,nan,-8.34,4.74,1.65
1743705827.437608,2c08d2cc-7a1c-9d34-25ea-6265acb43d72,e60add43-18a0-60ee-fec3-9ae04aaff89e,21,-78.0,-69.0,-75.0,-68.0,nan,nan,nan,-2.9735527814440825,-3.0398367304472824,-2.990308325758425,3.1413710785870985,nan,nan,nan,0.29980412800366607,1.2405019004975086,0.5756919375749572,1.367928033387293,nan,nan,nan,nan,nan,nan,-8.34,4.74,1.65
1743705828.437827,2c08d2cc-7a1c-9d34-25ea-6265acb43d72,9f2229e7-6f84-8830-8095-0aef4a3fd275,13,-75.0,-69.0,-78.0,-67.0,nan,nan,nan,-3.084826309690318,-2.9993002228629684,-3.0314861225332304,-2.5096458322027106,nan,nan,nan,0.32266343779938844,1.297028693056931,0.5111086832438817,1.3015311663538733,nan,nan,nan,nan,nan,nan,-8.34,4.74,1.65
1743705829.438404,2c08d2cc-7a1c-9d34-25ea-6265acb43d72,066b5d13-6be1-c9b6-31f0-b17319b3f976,25,-76.0,-69.0,-73.0,-67.0,-50.0,-59.0,-61.0,-3.084480365064717,-3.0734474213007363,-2.985352182969787,2.085337691525836,2.6185211951350555,0.7620226918794153,-2.1856912568050775,0.3557408639340678,1.224681125725784,0.5082478157323778,1.3970947073297317,0.24347631843361306,1.238902940876433,0.55399845876599,nan,nan,nan,-8.34,4.74,1.65
1743705830.427774,2c08d2cc-7a1c-9d34-25ea-6265acb43d72,d37d41e3-f263-ee86-d4a9-db33790756fa,23,-78.0,-70.0,-72.0,-66.0,-48.0,-55.0,-58.0,-3.0609396189250706,-3.0931060775193746,-2.9721580839812076,1.6081572810954001,2.6720521780173874,2.9713354717273868,-2.153133401098594,0.3764429466677986,1.1653653377147761,0.5390418475484231,1.4194434225654589,0.2503480914278484,1.1464792571519145,0.4738842970507455,nan,nan,nan,-8.34,4.74,1.65
1743705831.427258,2c08d2cc-7a1c-9d34-25ea-6265acb43d72,ec472245-6734-48cd-46f2-836f651886c5,27,-75.0,-68.0,-74.0,-66.0,-48.0,-56.0,-64.0,-3.0698798507044667,-3.0460184599695745,-3.0252857508833073,1.1556537213256386,2.6206133111603007,2.8225179182843827,-2.106299228258971,0.3334096256929944,1.2876969765972934,0.5197140558057138,1.451475125208605,0.2283475083923598,0.6900442017982563,0.47183267373089943,nan,nan,nan,-8.34,4.74,1.65
1743705832.428679,2c08d2cc-7a1c-9d34-25ea-6265acb43d72,a6962ab7-9736-848e-330d-58362c511d1f,24,-74.0,-70.0,-73.0,-66.0,-49.0,-57.0,-62.0,-3.073742499549517,-3.0918237654545018,-2.991725393774456,1.0988759258334764,2.6561881885648875,3.082306729936675,-2.1054893324771506,0.36964060074297744,1.2126435044405712,0.5501609778631811,1.4750188008254503,0.23270397633513532,0.48796364235504386,0.44360184977180694,nan,nan,nan,-8.34,4.74,1.65
1743705833.379017,2c08d2cc-7a1c-9d34-25ea-6265acb43d72,d3973bc1-6683-7aca-17d4-1f7a6d760763,7,-73.0,-72.0,-74.0,nan,-49.0,-64.0,nan,-3.05420448452826,-3.0160421850557517,-2.932466331094667,nan,2.6699628430781273,-2.444703680914293,nan,0.3294417819848854,1.1407990082393398,0.575001979115545,nan,0.2659043553905395,1.4345840271733734,nan,nan,nan,nan,-8.34,4.74,1.65
1743705834.419926,2c08d2cc-7a1c-9d34-25ea-6265acb43d72,ec76145f-1fbd-cafb-15d8-cca2131e16be,26,-78.0,-69.0,-74.0,nan,-49.0,-57.0,-64.0,-3.0104005446025277,-3.0528180428647644,-2.9278398876489815,nan,2.6363441713747244,3.033231972693042,-2.0899179885027,0.2521178151960594,1.2526504424421232,0.5291285632857393,nan,0.24584225311388908,0.8697665747500811,0.4333132246348707,nan,nan,nan,-8.34,4.74,1.65
1743705835.434435,2c08d2cc-7a1c-9d34-25ea-6265acb43d72,cfc555b8-11c7-752c-9606-931598b12fe3,0,-69.0,-70.0,-72.0,nan,-48.0,-65.0,-65.0,-2.955978048778431,-3.043617886562977,-2.922183333493653,nan,2.6497582432585896,0.8940557514979108,-2.101491157818279,0.2736985579971916,1.2266201733154707,0.5792852742547739,nan,0.27893935857020946,1.116642396487796,0.5586150362805589,nan,nan,nan,-8.34,4.74,1.65
1743705836.410305,2c08d2cc-7a1c-9d34-25ea-6265acb43d72,9962a453-b4d6-8f41-34c7-072a4d5f5f54,7,-77.0,-73.0,-76.0,nan,-50.0,-76.0,nan,-3.0408391442815885,-2.9824631858192694,-2.8117207377993463,nan,2.634151405640335,0.28300097426344695,nan,0.301021392358914,1.156169841944896,0.6261415962639006,nan,0.26110565963517673,0.9761472466857707,nan,nan,nan,nan,-8.34,4.74,1.65
1743705837.432598,2c08d2cc-7a1c-9d34-25ea-6265acb43d72,e10779ae-590a-63c2-7a92-d843bdf7eb48,4,-69.0,-72.0,-74.0,nan,-47.0,nan,-62.0,-3.0477681568057564,-2.963630642170774,-2.857072240634524,nan,2.6185211951350555,nan,-2.192982931360555,0.25866215074552246,1.1087729648135105,0.7080750122017062,nan,0.24347631843361306,nan,0.6583218889001664,nan,nan,nan,-8.34,4.74,1.65
1743705838.438643,2c08d2cc-7a1c-9d34-25ea-6265acb43d72,ba9ea8d7-fc17-89b9-97a0-6f56f23b0593,13,-72.0,-70.0,-77.0,-69.0,-50.0,-67.0,-58.0,-3.0521684978748946,-2.8584315180549003,-2.8971062097211395,-1.266187290262996,3.0116641497143677,0.10217517609873344,-2.3231966698393056,0.26781353790984813,1.1717780964616324,0.618193658306668,1.1033329256548057,0.3463542063143713,0.8176961577215534,0.5673771815007191,nan,nan,nan,-8.34,4.74,1.65
1743705839.434403,2c08d2cc-7a1c-9d34-25ea-6265acb43d72,c9fe86a8-1fb9-586e-0198-49f8da25de24,15,-74.0,-69.0,-73.0,-67.0,-48.0,-62.0,-61.0,-3.023982399845823,-2.7897770893654203,-2.95727234506821,-0.8090616812633473,-3.044558295885906,0.12758597943592082,-2.33149215009309,0.36122278130091406,1.201847848329717,0.5370928796836758,1.0526392548309838,0.4519304740167202,0.8162329401367423,0.47914097483845225,nan,nan,nan,-8.34,4.74,1.65
1743705840.434923,2c08d2cc-7a1c-9d34-25ea-6265acb43d72,fa7f3807-3e7f-2c0f-0035-f7c2cbd01501,16,-75.0,-68.0,-74.0,-67.0,-49.0,-61.0,-64.0,-3.0925105946996325,-2.7892151623754136,-2.9857199655163273,-1.317234096247362,-2.9773625539509174,0.20702569817852792,-2.416037450746261,0.39976015372344664,1.2787498205990633,0.4258075336601028,1.1178315075243332,0.5524356483403188,0.8270135358794578,0.48254274773603467,nan,nan,nan,-8.34,4.74,1.65
1743705841.434919,2c08d2cc-7a1c-9d34-25ea-6265acb43d72,e4828ef1-984e-cbef-3088-9212e30cf349,5,-72.0,-71.0,-73.0,-70.0,-49.0,-61.0,-62.0,-3.0938136794210083,-2.917770741883501,-2.927217240586121,-1.4369676883284528,2.9877483346172364,0.34115431336051805,-2.527642759235481,0.32831573089697264,1.1201300818611806,0.4646183461475592,1.1681358241967854,0.43179901492595724,0.6863324957441421,0.5198290362105591,nan,nan,nan,-8.34,4.74,1.65
1743705842.43823,2c08d2cc-7a1c-9d34-25ea-6265acb43d72,520bc09a-2283-a9c7-d126-53db364e84cb,34,-71.0,-69.0,-75.0,-69.0,-48.0,-58.0,-59.0,-3.079645396105678,-2.8673112960775518,-2.964668742363687,-1.7308718825426708,2.911225937016371,1.9599239752977338,-2.412381552264293,0.472039510841174,1.1869145719912615,0.4753246199143277,1.395736628331846,0.4261662925744763,1.3441498824910083,0.3346473206000399,nan,nan,nan,-8.34,4.74,1.65
1743705843.410204,2c08d2cc-7a1c-9d34-25ea-6265acb43d72,200c45b5-0aa8-47af-608d-764bc6357e0a,16,-75.0,-67.0,-73.0,-68.0,-49.0,-61.0,-57.0,-3.101348028460952,-2.8794715559309623,-2.9766013019438957,-1.7748067168359805,3.1212318059838373,0.5783963537777259,-2.4163317481372695,0.44134791085855585,1.2641466430777226,0.41372643627009464,1.3137268462497824,0.5409605567028963,1.180658697784026,0.3216092814380589,nan,nan,nan,-8.34,4.74,1.65
1743705844.411803,2c08d2cc-7a1c-9d34-25ea-6265acb43d72,d7a0f22f-73f8-2929-2471-de42642af3c9,26,-77.0,-68.0,-74.0,-67.0,-46.0,-55.0,nan,-3.1141061679790853,-2.9219742753480817,-3.021799939332503,-1.8605771486933451,2.8022656197466183,2.8507234552808782,nan,0.4066294448601698,1.1939355967310916,0.4312739381135995,1.3929431055064077,0.3807397913366503,1.0641047136703283,nan,nan,nan,nan,-8.34,4.74,1.65
1743705845.409797,2c08d2cc-7a1c-9d34-25ea-6265acb43d72,78a18cb3-d4df-153c-790f-928f58da3fc5,15,-75.0,-68.0,-74.0,-68.0,-48.0,-61.0,-60.0,-3.0673317381734786,-2.901404818036637,-3.0275403830621688,-1.8870668131080364,3.101687045897026,0.9149612541221425,-2.5713170452048497,0.48053898946016194,1.2388821659225222,0.3641779912940343,1.3728599414100107,0.5058078446186874,1.3721076836523074,0.5163830409895986,nan,nan,nan,-8.34,4.74,1.65
1743705846.426767,2c08d2cc-7a1c-9d34-25ea-6265acb43d72,ad076948-4e90-04c8-faff-2a2f826e39f4,34,-71.0,-69.0,-75.0,-69.0,-48.0,-58.0,-57.0,-2.9872267820610943,-3.079880553229932,-2.96097680214451,-1.823594496425687,2.9286049202796613,2.84138134985831,-2.3946811886372545,0.7279199565385952,1.234503662774323,0.45578990055491936,1.4420131801716622,0.44484396273906857,1.0808015355726779,0.3296843256891804,nan,nan,nan,-8.34,4.74,1.65
1743705847.437107,2c08d2cc-7a1c-9d34-25ea-6265acb43d72,ac27475d-5ae8-97af-3328-864307b94b99,8,-73.0,-74.0,-74.0,-70.0,-50.0,-64.0,nan,-2.9897906072425138,-2.999151884790251,-2.916177638919415,-1.8991648881499938,2.821848891793043,0.24692359295038707,nan,0.4224277159206833,1.1786459894387835,0.5439036145659308,1.3948460672633234,0.5013739588244848,1.3550041716096726,nan,nan,nan,nan,-8.34,4.74,1.65
1743705848.433326,2c08d2cc-7a1c-9d34-25ea-6265acb43d72,613cd134-d046-9bb9-1014-6ef6b3b510a9,14,-74.0,-69.0,-76.0,-67.0,nan,nan,nan,-3.0238505733718637,-2.9451658810688186,-2.9368198005286192,-1.886608349926379,nan,nan,nan,0.47215905348460496,1.2376776181614797,0.41822155258452576,1.338050561749912,nan,nan,nan,nan,nan,nan,-8.34,4.74,1.65
1743705849.427599,2c08d2cc-7a1c-9d34-25ea-6265acb43d72,96f745ca-cceb-ecff-04d9-e9f7ab98922f,26,-76.0,-68.0,-74.0,-67.0,-48.0,-55.0,nan,-3.0231863809959982,-2.982289281400087,-2.9767557652871206,-1.7535288586745745,2.672696372714174,2.977970536511211,nan,0.4308251288908939,1.2912365840021178,0.3146488875253904,1.46375908889465,0.3619757732699779,1.0062305619581402,nan,nan,nan,nan,-8.34,4.74,1.65
1743705850.409378,2c08d2cc-7a1c-9d34-25ea-6265acb43d72,04c0f58f-9480-766e-545d-8069f756a3bc,16,-76.0,-68.0,-73.0,-68.0,-51.0,-62.0,-56.0,3.058861554326482,-2.948254082668875,-2.962925969746339,-1.7165926785679384,2.962444613813925,0.9149612541221425,-2.4163317481372695,0.36023228511248634,1.2653796866624294,0.3148751230599926,1.3943179624191606,0.4993338257571105,1.3721076836523074,0.3216092814380589,nan,nan,nan,-8.34,4.74,1.65
1743705851.435923,2c08d2cc-7a1c-9d34-25ea-6265acb43d72,48cd5af3-7a5a-121b-12c1-c2d0d78caf5a,2,-68.0,-69.0,-73.0,-66.0,-47.0,nan,-64.0,3.0405145049447078,-2.9090478240490554,-2.975688370322217,-1.3472890675713969,2.7836429472809274,nan,-2.3785425399203275,0.3926597002041046,1.2238190604809251,0.35922980469915333,1.3973530339554694,0.37841012448813244,nan,0.5140284874076165,nan,nan,nan,-8.34,4.74,1.65
1743705852.412303,2c08d2cc-7a1c-9d34-25ea-6265acb43d72,3082cea8-74ae-a960-7226-969189196939,26,-76.0,-68.0,-74.0,-68.0,-46.0,-56.0,nan,3.029605131855307,-2.9231330167383756,-3.0306637383886135,-0.623524308123598,2.629319508924231,0.496992864978203,nan,0.3045183891862971,1.244909698417699,0.3221222168868571,1.447301419148233,0.2915734489320755,1.1590614990643815,nan,nan,nan,nan,-8.34,4.74,1.65
1743705853.435505,2c08d2cc-7a1c-9d34-25ea-6265acb43d72,da4d6377-d6d0-7110-5cf7-67069ecda8e1,32,-72.0,-71.0,-78.0,-68.0,-48.0,-57.0,-66.0,-2.942448657808611,-2.952438974005825,-3.0581464955737956,-0.5328447382708359,2.6497582432585896,2.8205491145748756,-2.3192426297504296,0.4183796777742492,1.2483796641600176,0.5548774028641977,1.4439029592811823,0.27893935857020946,1.1140396786653886,0.3743599157625504,nan,nan,nan,-8.34,4.74,1.65
1743705854.409047,2c08d2cc-7a1c-9d34-25ea-6265acb43d72,bf2d4f3d-2006-5975-7172-721437c86bc8,2,nan,-69.0,-74.0,-67.0,-48.0,nan,nan,nan,-2.905677860005669,-2.9952996222734516,-0.3095868840834223,2.634151405640335,nan,nan,nan,1.177492041738452,0.7034267308350819,1.3759822314720196,0.26110565963517673,nan,nan,nan,nan,nan,-8.34,4.74,1.65
1743705855.430925,2c08d2cc-7a1c-9d34-25ea-6265acb43d72,76ce2ca5-4663-6301-e079-11d52de1c5e9,26,-75.0,-68.0,-75.0,-67.0,-51.0,-55.0,-67.0,-2.984315414357419,-3.0033434340299268,-3.0355809990253357,-0.07251121858013246,2.582939434026116,2.826931561821651,-2.2277488610673433,0.4503564527199124,1.2141670989002056,0.5418383997196017,1.3820397245294593,0.23852261592141116,0.673459722559204,0.43130411483625636,nan,nan,nan,-8.34,4.74,1.65
1743705856.439675,2c08d2cc-7a1c-9d34-25ea-6265acb43d72,0211cc05-f54b-6c73-9ca7-660f2acdfc02,7,-73.0,-70.0,-73.0,-69.0,-50.0,-65.0,nan,-3.027061014065955,-2.951734035265281,-2.95695010257631,-0.3913419348072198,2.6266746345833627,1.6462474988501439,nan,0.15869444040645925,1.1659337894494535,0.5517502192436858,1.3366014026427453,0.3067750867272473,1.343244759107646,nan,nan,nan,nan,-8.34,4.74,1.65
1743705857.427487,2c08d2cc-7a1c-9d34-25ea-6265acb43d72,4e3d0f8a-b7cc-023e-936f-97df4a98afc2,7,-73.0,-70.0,-74.0,-70.0,-50.0,-61.0,-65.0,-3.0735147992763157,-2.911526161759483,-2.8816944964928513,-0.405465210700128,2.672696372714174,0.5171321600479489,-2.408226031253532,0.09975368373358337,1.1279126375147193,0.5864966484335179,1.363706789901463,0.3619757732699779,1.059469518239417,0.5416016548439568,nan,nan,nan,-8.34,4.74,1.65
1743705858.427656,2c08d2cc-7a1c-9d34-25ea-6265acb43d72,d215558d-0fa6-c486-a379-b6ce2047dd80,18,-75.0,-68.0,-74.0,-72.0,-48.0,-59.0,-54.0,-3.08751823292017,-2.9536501796695935,-2.951498878141027,-0.17389856022777608,2.888058956804428,0.4358755644623793,-2.368532595764217,0.19189949853638055,1.168529972038117,0.5571008427687912,1.359672633482211,0.4582225886666961,0.8594514485675783,0.3497159656470096,nan,nan,nan,-8.34,4.74,1.65
1743705859.434924,2c08d2cc-7a1c-9d34-25ea-6265acb43d72,0df342f2-f91c-b2b2-894e-a991d591ebf9,12,-73.0,-71.0,-79.0,-68.0,-50.0,-63.0,-57.0,-3.0518254827264926,-2.9481440941158548,-2.9810226819856456,-0.05096438114862836,3.100875434155162,0.18874512987401443,-2.4454996539028886,0.2940886181197061,1.1894301939569503,0.5432976788389106,1.2376155665080808,0.5406860803488643,0.8638278908132063,0.5559994734770491,nan,nan,nan,-8.34,4.74,1.65
1743705860.434892,2c08d2cc-7a1c-9d34-25ea-6265acb43d72,f7bc6d02-030b-d42c-9728-1397a008f499,15,-74.0,-68.0,-73.0,-67.0,-48.0,-61.0,-59.0,-3.052758920688565,-2.8726935446406014,-3.01492845108788,0.11649492187944512,-3.020819389823189,0.20322724223356553,-2.509276609512451,0.4089907366406885,1.187559989081442,0.43665648628227227,1.1830469962981938,0.5204388676294797,0.8099260987850821,0.5623531902201665,nan,nan,nan,-8.34,4.74,1.65
1743705861.43922,2c08d2cc-7a1c-9d34-25ea-6265acb43d72,c9c020db-842d-e843-a892-ce61f6fa06b8,28,-74.0,-68.0,-77.0,-68.0,-49.0,-56.0,nan,-3.030675722613519,-2.851530202406069,-2.9231037219663842,0.3231599508951201,2.8583306489023528,2.67007560405184,nan,0.4625138496751514,1.2135224807583518,0.47689708337996495,1.2470611331043195,0.3870057307375776,1.2594002713482002,nan,nan,nan,nan,-8.34,4.74,1.65
1743705862.410152,2c08d2cc-7a1c-9d34-25ea-6265acb43d72,6ff4cd63-6c3a-36cc-a94c-cf0c91ba9468,17,-77.0,-68.0,-73.0,-69.0,-49.0,-62.0,-58.0,-3.098025468684969,-2.8587289931486617,-3.0192704689291454,0.22301976758596062,3.101687045897026,0.6298330921441274,-2.4217116668648098,0.3856013246299858,1.2216405947092406,0.42931095536361574,1.2180214919458772,0.5058078446186874,1.2715357889665857,0.36585666641605774,nan,nan,nan,-8.34,4.74,1.65
1743705863.448995,2c08d2cc-7a1c-9d34-25ea-6265acb43d72,1777c005-3ff1-c0d5-ba50-11939a5e8eaf,14,-74.0,-69.0,-76.0,-67.0,-48.0,-64.0,-59.0,-3.1020905177728655,-2.8287601750858915,-3.003090966358587,0.09925414961449015,-3.039877693314897,0.29834139704400997,-2.7968835396221294,0.4579422673479213,1.2490262796726888,0.3521867090117889,1.2473711250552046,0.5387671785829465,1.0095908234525934,0.6168906585122679,nan,nan,nan,-8.34,4.74,1.65
1743705864.428643,2c08d2cc-7a1c-9d34-25ea-6265acb43d72,0ad5d0e5-6b12-54fd-2466-9ac7ab1e6664,8,-71.0,-73.0,-75.0,-71.0,-51.0,-64.0,-65.0,-3.096946888443487,-2.859114086242288,-2.892202531205977,0.16028874179303512,2.9790789988952158,0.18501440068637265,-2.7188285843965563,0.41918288715901714,1.136265109641535,0.5528875554767178,1.2095991118404472,0.5352147377391854,0.8466784372824282,0.5851656320872249,nan,nan,nan,-8.34,4.74,1.65
1743705865.428261,2c08d2cc-7a1c-9d34-25ea-6265acb43d72,949db485-40ac-07e3-3c84-8b72a7ff17b3,7,-72.0,-71.0,-74.0,-73.0,-49.0,-64.0,nan,-3.100856142607614,-2.852679090100329,-2.8752440540165702,0.13269679500316017,2.8247838329942283,0.21326999867784188,nan,0.38980755454517063,1.1291392895128098,0.582941594694371,1.1990260959967236,0.48479717741924294,0.7390713315182752,nan,nan,nan,nan,-8.34,4.74,1.65
1743705866.439341,2c08d2cc-7a1c-9d34-25ea-6265acb43d72,6efcd0b2-83e8-c7ea-6cd7-afedc4cc1b58,5,-70.0,-72.0,-75.0,-70.0,-48.0,-63.0,nan,-3.091681286336182,-2.847049700188119,-2.891024348739726,0.21746414723594631,2.7465050401462645,0.310451307108722,nan,0.28612147211311145,1.1030871824652186,0.6664034653608001,1.2651728922037844,0.3733953655715011,0.656851953623826,nan,nan,nan,nan,-8.34,4.74,1.65
1743705867.428055,2c08d2cc-7a1c-9d34-25ea-6265acb43d72,47c32c8a-a3cd-ca14-5483-8dc3922c85ad,2,-67.0,-74.0,-73.0,-67.0,-47.0,-63.0,nan,-3.068906199009933,-2.801011368107811,-2.8969046084266212,0.22648906753800682,2.6834186309169406,0.444589357876864,nan,0.27199606569133117,1.1075640228366692,0.7503400444915361,1.2409933868766831,0.2995234982508454,0.4311330721637209,nan,nan,nan,nan,-8.34,4.74,1.65
1743705868.439023,2c08d2cc-7a1c-9d34-25ea-6265acb43d72,0c4864f3-51d9-eec0-4b02-c9f8aa184e9c,6,-72.0,-70.0,-77.0,-72.0,-46.0,-63.0,nan,-3.0660643398107097,-2.8422775818308064,-2.8664167402673937,0.2304587754588789,2.693914525942492,0.2889682995683805,nan,0.18393663023228682,1.0799660839343415,0.6785643910044836,1.2797306628285396,0.3492787032683259,0.5567866441228401,nan,nan,nan,nan,-8.34,4.74,1.65
1743705869.409245,2c08d2cc-7a1c-9d34-25ea-6265acb43d72,0e587aff-60ca-3b2f-69c3-0b289b9ff8d8,29,-72.0,-68.0,-77.0,-68.0,-48.0,-55.0,-63.0,-3.055430603894133,-2.8561899353653804,-2.8586488319998504,0.26171336769593984,2.5959966816556435,2.2484484860211484,-2.4402402406027117,0.23571469031771844,1.227458935900791,0.6673149322438799,1.3708692284951765,0.2709185204790966,1.3233527489299926,0.47581605890587403,nan,nan,nan,-8.34,4.74,1.65
1743705870.438694,2c08d2cc-7a1c-9d34-25ea-6265acb43d72,4ad720f3-3d12-1fec-3ce5-293d55507dfb,12,-74.0,-72.0,-76.0,-69.0,-50.0,-65.0,-55.0,-3.0653040073194924,-2.8534775057951345,-2.849965595265647,0.2094520270964429,2.9494378244560044,0.27589884535506787,-2.601154153634795,0.3131619781097718,1.1762597971020725,0.6416397956485895,1.3195497148151862,0.42925965584337644,1.2451290843092309,0.6069415972286327,nan,nan,nan,-8.34,4.74,1.65
1743705871.422655,2c08d2cc-7a1c-9d34-25ea-6265acb43d72,6ac7fb99-2e27-c603-e7cd-efe377ff2ee3,21,-80.0,-70.0,-75.0,-67.0,-49.0,-58.0,-59.0,-3.0418897613316247,-2.884538486220947,-2.796432062613419,0.27355191768966913,2.9286049202796613,0.201306714923492,-2.293145819018826,0.2633875472704613,1.1981716207609716,0.5749253466551779,1.4280546207921756,0.44484396273906857,1.020695177967763,0.5064980671777022,nan,nan,nan,-8.34,4.74,1.65
1743705872.409237,2c08d2cc-7a1c-9d34-25ea-6265acb43d72,dd9e35d7-d5b9-c132-4b7b-65e875718103,15,-76.0,-69.0,-75.0,nan,-48.0,-61.0,-57.0,-3.0849131287418547,-2.8758424663135114,-3.007601562296854,nan,-3.100875434155162,0.263208181662742,-2.350948660895975,0.26293339508081875,1.260760167435578,0.4941866580718956,nan,0.5406860803488643,0.9257246162838351,0.344133056191007,nan,nan,nan,-8.34,4.74,1.65
1743705873.438559,2c08d2cc-7a1c-9d34-25ea-6265acb43d72,0527bbea-3eb5-8307-c6f2-608ef1bf9439,10,-71.0,-83.0,-75.0,nan,-52.0,nan,-59.0,-3.115543476019401,-2.829625169807949,-2.8744072888020678,nan,3.0994954800997996,nan,-2.4932321826467305,0.21236832164813416,1.2182812833102146,0.49912495768122955,nan,0.5930011102822185,nan,0.4466507468319483,nan,nan,nan,-8.34,4.74,1.65
1743705874.439619,2c08d2cc-7a1c-9d34-25ea-6265acb43d72,7d23a96e-952b-e242-aab1-865fdfaf6de9,1,-66.0,-70.0,-77.0,nan,-51.0,nan,nan,-3.108755877349116,-2.7690771371605614,-2.901082841860846,nan,2.9053526340103177,nan,nan,0.2150699154816946,1.1507969144456611,0.6056905164629096,nan,0.4771084773835414,nan,nan,nan,nan,nan,-8.34,4.74,1.65
1743705875.409428,2c08d2cc-7a1c-9d34-25ea-6265acb43d72,de6aa7a5-bdba-f14b-452f-fd18be4fbc60,10,-71.0,-85.0,-73.0,nan,-52.0,nan,-65.0,-3.0124093670127743,-2.843337519944658,-2.8522500548487173,nan,3.0387915843650957,nan,-2.5332799776725516,0.24371785557805642,1.1153454466467443,0.6963035738674469,nan,0.5561293058096172,nan,0.505534623563536,nan,nan,nan,-8.34,4.74,1.65
1743705876.408232,2c08d2cc-7a1c-9d34-25ea-6265acb43d72,d90d1e2f-8e9d-736b-845d-ce60bc93c0bc,32,-71.0,-71.0,-80.0,nan,-48.0,-55.0,-59.0,-2.8968148598978853,-2.89640286887725,-2.7904772344160023,nan,2.8137138258846974,2.4647310872166384,-2.3816516834502433,0.3533817359719347,1.2633468958023721,0.6694657677192551,nan,0.4325820581358988,1.2612394696150282,0.36787785128204037,nan,nan,nan,-8.34,4.74,1.65
1743705877.435803,2c08d2cc-7a1c-9d34-25ea-6265acb43d72,99d00612-6051-0e79-7f6c-5953a1283511,33,-71.0,-70.0,-79.0,-68.0,-47.0,-57.0,-59.0,-2.8939162753674426,-2.9628673802023577,-2.799923999434731,-2.469704541122029,2.7785125053237265,2.8093548875009597,-2.339290467269397,0.5340957249033871,1.270198809812982,0.7474973863439855,1.3200376059268886,0.41107327045525377,0.8097257784227451,0.2607324645749327,nan,nan,nan,-8.34,4.74,1.65
1743705878.427833,2c08d2cc-7a1c-9d34-25ea-6265acb43d72,9a9bb392-702b-c4bd-982d-a45a787572d2,1,-67.0,-71.0,-75.0,-67.0,-48.0,-65.0,-66.0,-2.8955131067570545,-2.941711494818877,-2.835161349082006,-2.4636607633442034,2.725192450066849,0.9676372209994359,-2.3535381942903704,0.48809694076526594,1.2370911900894441,0.8053431094332697,1.202517100711654,0.38668434172948135,1.0764587088678192,0.5188838770373372,nan,nan,nan,-8.34,4.74,1.65
1743705879.438781,2c08d2cc-7a1c-9d34-25ea-6265acb43d72,cd189ea4-216e-6f3c-873c-740f8a5a6d57,12,-74.0,-71.0,-79.0,-70.0,-48.0,-66.0,-56.0,-2.999417668267041,-2.877957815167361,-2.8703723334344886,-2.4675676206633494,3.0241740273911955,0.3428063202395883,-2.584866204103534,0.48232929950296766,1.1776206724191027,0.7381201964087349,1.2036048688588965,0.46844964278048146,0.9671333800773882,0.7385475768693296,nan,nan,nan,-8.34,4.74,1.65
1743705880.428396,2c08d2cc-7a1c-9d34-25ea-6265acb43d72,96df00c0-c56c-5519-2dc6-ce91bc58ebad,27,-74.0,-67.0,-73.0,-67.0,-51.0,-56.0,nan,-2.9798452984677213,-2.9822032612968776,-2.9119285654001934,-2.5061200732355546,2.788246818412121,2.767855231131532,nan,0.5270969708481724,1.2113859597738357,0.7105271177753966,1.343455314024173,0.34568746447793447,1.1797083752729813,nan,nan,nan,nan,-8.34,4.74,1.65
1743705881.435738,2c08d2cc-7a1c-9d34-25ea-6265acb43d72,40b3cf10-d9b4-b137-34dc-d71b02b57e07,34,-72.0,-72.0,-75.0,-69.0,-47.0,-55.0,-60.0,-2.9279131245789585,-2.8802332200027245,-2.9709807004632838,-2.455077128834769,2.7568229052059814,2.8950377971523524,-2.4384884561853775,0.7088388068023409,1.228076922431744,0.715027993175685,1.4170423165266435,0.4245756351770753,0.875053828649699,0.42978410920918814,nan,nan,nan,-8.34,4.74,1.65
1743705882.438197,2c08d2cc-7a1c-9d34-25ea-6265acb43d72,5b804fee-b20b-5000-fbb8-ca9139e97db8,35,-73.0,-69.0,-75.0,-70.0,-48.0,-57.0,-61.0,-2.926245186788242,-3.0584932391477233,-3.007725931919761,-2.4690475392811067,2.821848891793043,2.9050109391193804,-2.3672329296392554,0.8373937205201554,1.2371919907367037,0.6774232930564119,1.391406861031595,0.5013739588244848,0.7364164821671346,0.2946132825515736,nan,nan,nan,-8.34,4.74,1.65
1743705883.427,2c08d2cc-7a1c-9d34-25ea-6265acb43d72,84eae907-0818-03f1-0f4a-5d3f1b6de5a8,23,-80.0,-70.0,-73.0,-66.0,-49.0,-55.0,-58.0,-2.8910429908673563,3.133048167548383,-2.9474940164937657,-2.475748318899855,2.8247838329942283,2.3555087868547107,-2.2345101571864814,0.7583206727511492,1.217293516861904,0.5578756561984362,1.4262149091111487,0.48479717741924294,1.4967652032585528,0.3805626552743184,nan,nan,nan,-8.34,4.74,1.65
1743705884.409123,2c08d2cc-7a1c-9d34-25ea-6265acb43d72,1c9cf879-3946-5232-c7b4-b263c1e6f921,18,-85.0,-66.0,-73.0,nan,-47.0,-56.0,-55.0,-2.948278850067012,-3.1241204526261104,-2.9309384755772885,nan,3.019583586953321,0.3589189518953696,-2.2936900152498216,0.6070547873103299,1.235975325592701,0.49854751777787315,nan,0.5377637334963108,1.163412628411497,0.28644410903099443,nan,nan,nan,-8.34,4.74,1.65
1743705885.439137,2c08d2cc-7a1c-9d34-25ea-6265acb43d72,d64478e1-988f-b059-bf12-b485b6ffd8c9,10,-74.0,-81.0,-76.0,nan,-50.0,nan,-62.0,-2.9783712388043626,-3.0301894293984706,-2.891554584112761,nan,2.9978069065141115,nan,-2.4350975029193074,0.5320956909247375,1.200549424140249,0.5936339201549303,nan,0.5538544208672039,nan,0.3843284504342183,nan,nan,nan,-8.34,4.74,1.65
1743705886.408895,2c08d2cc-7a1c-9d34-25ea-6265acb43d72,e4684d66-417e-9d5f-84c5-72b9b2dd6085,7,-75.0,-71.0,-75.0,nan,-50.0,-67.0,nan,-2.9706917474850103,-2.964624533889592,-2.807001350031617,nan,2.8351691447840612,nan,nan,0.3759263599953506,1.18128837787236,0.6183296792593439,nan,0.4183428264937527,0.9250245034771313,nan,nan,nan,nan,-8.34,4.74,1.65
1743705887.409823,2c08d2cc-7a1c-9d34-25ea-6265acb43d72,ee2eebcc-3728-c2ea-f8f8-e1fe7d8fc3a8,17,-79.0,-66.0,-74.0,nan,-49.0,-59.0,-57.0,-2.9999795952570474,-2.933932933906974,-2.8958305555589923,nan,3.081743566561407,0.21103031290735502,-2.388411596444874,0.2954029879862011,1.2640857898468145,0.5498613389510335,nan,0.5053859816379285,0.8440869767673105,0.2866277682421222,nan,nan,nan,-8.34,4.74,1.65
1743705888.3834,2c08d2cc-7a1c-9d34-25ea-6265acb43d72,4d2af8ad-75a7-503a-6ab5-09dc7d255ce2,2,nan,nan,nan,nan,-46.0,nan,nan,nan,nan,nan,nan,2.8396110315420966,nan,nan,nan,nan,nan,nan,0.3850385529270196,nan,nan,nan,nan,nan,-8.34,4.74,1.65
1743705889.439211,2c08d2cc-7a1c-9d34-25ea-6265acb43d72,77a374cd-e9be-f1e8-3726-dc7248663622,13,-76.0,-69.0,-76.0,nan,-47.0,-61.0,-56.0,-2.995903360892572,-2.8096040573649512,-2.8683792236746735,nan,3.044558295885906,0.10032563835345153,-2.4696837911955267,0.32677505891684816,1.245470426985215,0.46632423398380946,nan,0.4519304740167202,0.8003322393523352,0.4548448913905174,nan,nan,nan,-8.34,4.74,1.65
1743705890.409023,2c08d2cc-7a1c-9d34-25ea-6265acb43d72,d99bb96f-cebd-19f9-fed0-7b684a589947,22,-80.0,-69.0,-75.0,-67.0,-51.0,nan,nan,-2.9990118025169132,-2.9934378063553773,-2.9028205544721226,-2.0573228347548564,2.968581908440487,nan,nan,0.3231829539490357,1.1342191361340814,0.4888966880406167,1.3481611196703438,0.43059892471503936,nan,nan,nan,nan,nan,-8.34,4.74,1.65
1743705891.434891,2c08d2cc-7a1c-9d34-25ea-6265acb43d72,a3792a93-9a93-d9e3-81d1-f84c2d985d67,20,-84.0,-69.0,-76.0,-67.0,nan,nan,nan,-2.9754478868757825,-3.0136056589744378,-3.010344351903527,-2.181618821257416,nan,nan,nan,0.3189217630468544,1.2073536675673469,0.5267198339483036,1.4107029278678185,nan,nan,nan,nan,nan,nan,-8.34,4.74,1.65
1743705892.440301,2c08d2cc-7a1c-9d34-25ea-6265acb43d72,091d7c4f-a2e3-f5d8-1004-661704379148,2,-69.0,-72.0,-74.0,-66.0,-47.0,nan,-72.0,-2.9394555310594708,-2.9188554473954897,-3.054032178005732,-2.0813887562614664,2.8022656197466183,nan,-2.3903861488144313,0.28688566618790967,1.1702296014458058,0.6684777349548358,1.4310416222708084,0.3807397913366503,nan,0.6818398220760151,nan,nan,nan,-8.34,4.74,1.65
1743705893.438424,2c08d2cc-7a1c-9d34-25ea-6265acb43d72,87b6c452-1c6d-6079-83ac-2797582db233,19,-76.0,-68.0,-74.0,-74.0,-48.0,-62.0,-55.0,-3.0118072262903075,-2.904809935806412,-3.035102428977449,-2.077244344973085,2.967164614400142,0.30577242637864166,-2.3262592651415734,0.25398938494162626,1.1961212530377199,0.6472215149772865,1.4105882787828905,0.44778953977196867,0.7268496724299472,0.404769350257339,nan,nan,nan,-8.34,4.74,1.65
1743705894.439689,2c08d2cc-7a1c-9d34-25ea-6265acb43d72,dc05717d-dc95-f717-08a2-346617870feb,4,-69.0,-73.0,-74.0,nan,-49.0,nan,nan,-2.9975451997046063,-2.836908649073207,-2.99256721899503,nan,2.8186450717071256,nan,nan,0.2445061346159631,1.14140035001348,0.7210328222225684,nan,0.39950697210177005,nan,nan,nan,nan,nan,-8.34,4.74,1.65
1743705895.434522,2c08d2cc-7a1c-9d34-25ea-6265acb43d72,2ec815ff-ffe0-adfe-3721-40459c820c3a,3,-68.0,-72.0,-74.0,nan,-48.0,-67.0,-74.0,-3.043148903895014,-2.88423435322446,-2.9999982373846783,nan,2.69108704804542,0.4898182865230477,-2.342638485759067,0.23828911820922757,1.0720183457141907,0.714292095187469,nan,0.36500144857082095,0.4549158616222582,0.6090169188006913,nan,nan,nan,-8.34,4.74,1.65
1743705896.436863,2c08d2cc-7a1c-9d34-25ea-6265acb43d72,aec45ce0-dd9b-ba92-3b32-c69b8313cd86,12,-72.0,-72.0,-87.0,nan,-48.0,-66.0,-57.0,-2.990257459381604,-2.7471851540517833,-3.017160446397476,nan,2.9444830163298037,0.27159619812062435,-2.5171891719571895,0.33695815468747053,1.153383642812455,0.6837635472425908,nan,0.48063151597997267,0.5762231307522788,0.6816005413477749,nan,nan,nan,-8.34,4.74,1.65
1743705897.436954,2c08d2cc-7a1c-9d34-25ea-6265acb43d72,f46dfabd-db78-b73f-cb62-3d5b675651ad,31,-72.0,-69.0,-81.0,nan,-47.0,-59.0,-61.0,-2.882758961980556,-2.9391932096920983,-2.95824146938889,nan,2.751490752203714,2.2999210126683076,-2.420433216056197,0.4378056735821551,1.255096023271143,0.6521128097933806,nan,0.3411439131860495,1.3120599554040153,0.42391020943315527,nan,nan,nan,-8.34,4.74,1.65
1743705898.381417,2c08d2cc-7a1c-9d34-25ea-6265acb43d72,749049a1-cd26-7a7c-2c09-ef55d60dda0f,22,-77.0,-70.0,-77.0,nan,-50.0,-55.0,-57.0,-2.901135838766539,-2.9554078659890455,-2.957750915116097,nan,2.823078529945974,0.222539961489589,-2.2897459634893322,0.43193120627063103,1.1771349118362724,0.5947519151805454,nan,0.36638002352046106,1.2492244647655615,0.2979648187172552,nan,nan,nan,-8.34,4.74,1.65
1743705899.427565,2c08d2cc-7a1c-9d34-25ea-6265acb43d72,7601458c-d7b3-fe5d-554b-d7372f37d68c,34,-71.0,-70.0,-75.0,-68.0,-47.0,-60.0,-58.0,-2.9039199073701076,-2.7750018716376608,-3.048649663126573,-2.5860436680777044,2.808252298229775,2.666586234667323,-2.273023647517286,0.6711129328534693,1.2444997047678812,0.5845702508590089,1.4254686913737087,0.46559874062565343,1.0134084901786486,0.2309024809052288,nan,nan,nan,-8.34,4.74,1.65
1743705900.436761,2c08d2cc-7a1c-9d34-25ea-6265acb43d72,cc51181a-89ef-b651-5577-ed404166bb35,10,-72.0,-84.0,-79.0,-69.0,-52.0,-66.0,-63.0,-3.00690487935569,-2.7472607878267414,-3.0186030807599717,-2.565328269538523,2.9303184081752693,0.5099302827215931,-2.412499296729842,0.6124579416879372,1.2053131535401282,0.62546055939414,1.418410648694726,0.42778186958403147,1.391278424796217,0.3919975356735431,nan,nan,nan,-8.34,4.74,1.65
1743705901.409287,2c08d2cc-7a1c-9d34-25ea-6265acb43d72,daa65430-b4cb-c654-b3f1-53e88fcdc460,24,-76.0,-70.0,-77.0,-67.0,-50.0,-56.0,-63.0,-3.0027950891614794,-2.927525900956461,-3.086049499578991,-2.420251503892021,2.843592963666932,-3.1086654562017566,-2.2794366896638367,0.568489684722947,1.237467627909527,0.5899896505192657,1.4326305973352043,0.35169056037069096,1.0120472750571254,0.37275961400011975,nan,nan,nan,-8.34,4.74,1.65
1743705902.428327,2c08d2cc-7a1c-9d34-25ea-6265acb43d72,6d32df87-a5e0-b5c9-8f8a-2d50a06a2428,31,-70.0,-69.0,-84.0,-66.0,-48.0,-60.0,-60.0,-2.9845282009285166,-3.020859044519378,-3.046961485311572,-2.4625957652242807,2.73553195845117,2.9028442896627933,-2.267289349445013,0.5649980142177442,1.3187812596826434,0.66171583578907,1.4496846820077445,0.32268651214024086,0.6319979582121665,0.3547214659163803,nan,nan,nan,-8.34,4.74,1.65
1743705903.428242,2c08d2cc-7a1c-9d34-25ea-6265acb43d72,106936cb-6393-fe61-ce51-bd6a09e8af0a,31,-71.0,-69.0,-82.0,-66.0,-48.0,-57.0,-61.0,-2.944566137191333,-3.0636555106047334,-2.9739940672367084,-2.437169501032858,2.7122622505317144,2.9864826729134233,-2.2936900152498216,0.6015878502246153,1.2770555175135547,0.6906795102774177,1.4632450988042647,0.3520546744477794,0.44904448943577757,0.28644410903099443,nan,nan,nan,-8.34,4.74,1.65
1743705904.428464,2c08d2cc-7a1c-9d34-25ea-6265acb43d72,dbd76ffa-b98e-690d-7c89-c744f3cfee25,35,-72.0,-69.0,-75.0,-69.0,-48.0,-58.0,-61.0,-2.9796436971732025,-2.9807478437611494,-2.9726217403269906,-2.3826316903335614,2.821848891793043,3.10206303832283,-2.2380793558201253,0.8928187633366118,1.1944174957303415,0.6726912552735046,1.4175369986991255,0.5013739588244848,0.4883683154670301,0.28094375522315485,nan,nan,nan,-8.34,4.74,1.65
1743705905.428046,2c08d2cc-7a1c-9d34-25ea-6265acb43d72,b1eb7a1d-3cef-38cc-205b-6405155fd8e0,8,-72.0,-73.0,-80.0,-71.0,-51.0,nan,nan,-3.0419984183041,-2.9473155847007306,-2.887845333346498,-2.4823186036251896,2.8687440472549905,nan,nan,0.5682310917811003,1.1568047395487708,0.710284636958145,1.3895485072229379,0.4561611595769068,nan,nan,nan,nan,nan,-8.34,4.74,1.65
1743705906.437569,2c08d2cc-7a1c-9d34-25ea-6265acb43d72,1df1597e-d478-0927-3cb4-8ef4010161f9,31,-70.0,-73.0,-86.0,-67.0,-48.0,-57.0,-62.0,-2.969876021243119,-2.971073644785328,-2.954511445966125,-2.7086864973335976,2.7306466951451904,3.043715584872727,-2.251168913330331,0.5780666117399537,1.2753389770329442,0.6897736360326271,1.3676737015031906,0.35472146592593906,0.4693009554972427,0.297705646635342,nan,nan,nan,-8.34,4.74,1.65
1743705907.415035,2c08d2cc-7a1c-9d34-25ea-6265acb43d72,56c74ae2-bdcd-3c8e-8179-d345cc49a1f3,31,-70.0,-70.0,-80.0,-67.0,-48.0,-57.0,-62.0,-2.9513731769375755,-3.0423169323704733,-2.887370491724137,-2.8220468786100192,2.6881052757657233,2.9900846752069072,-2.272465450945813,0.5500462954887395,1.2762138254510351,0.6781599234139278,1.5116826727106258,0.3807021208866365,0.39729837201978263,0.29237261452828955,nan,nan,nan,-8.34,4.74,1.65
1743705908.438888,2c08d2cc-7a1c-9d34-25ea-6265acb43d72,7062f65d-978e-ffcd-1441-c3e3a7d61ef3,5,-71.0,-68.0,-74.0,nan,-48.0,-66.0,-65.0,-2.9544006584647775,-3.0352305270258815,-2.9011920314655395,nan,2.7095195001714965,2.0254367854901165,-2.409852649588311,0.41902672605059765,1.1091707745013413,0.7409424147949191,nan,0.3679140947754087,1.2981560350356256,0.4955644321181184,nan,nan,nan,-8.34,4.74,1.65
1743705909.409424,2c08d2cc-7a1c-9d34-25ea-6265acb43d72,b2f63612-f054-e253-5dc6-49f5f72b02a2,17,-79.0,-68.0,-74.0,nan,-48.0,-61.0,-57.0,-2.999441104084634,-2.9698421990972745,-2.9368083489359322,nan,2.965671218055034,0.6025232640787406,-2.3905297063619924,0.39266635810682976,1.1628474520621608,0.6528162172162978,nan,0.4649757469036154,1.1951580511423707,0.34246692602267753,nan,nan,nan,-8.34,4.74,1.65
1743705910.440593,2c08d2cc-7a1c-9d34-25ea-6265acb43d72,05ed18e1-1dc6-d24d-73a7-d3aeb4144013,9,-71.0,-86.0,-74.0,nan,-51.0,nan,-66.0,-3.053287558164946,-2.9265700924412315,-2.8817994250398007,nan,3.039877693314897,nan,-2.4696837911955267,0.3007001485524233,1.1171647851454318,0.657620892717937,nan,0.5387671785829465,nan,0.4548448913905174,nan,nan,nan,-8.34,4.74,1.65
1743705911.409132,2c08d2cc-7a1c-9d34-25ea-6265acb43d72,3c6d51db-68f1-c461-8a1c-c3f13cb32225,15,-76.0,-67.0,-74.0,nan,-48.0,-60.0,-58.0,-3.1051486256526037,-2.8467873788207467,-2.9135981010875645,nan,-3.039877693314897,0.29834139704400997,-2.4260229445196035,0.3305632724094314,1.251062798958272,0.571337735771705,nan,0.5387671785829465,1.0095908234525934,0.3527088624858705,nan,nan,nan,-8.34,4.74,1.65
1743705912.440564,2c08d2cc-7a1c-9d34-25ea-6265acb43d72,a3ccdbe2-d244-9512-4815-b3fff8b798c4,22,-78.0,-70.0,-75.0,nan,-51.0,-57.0,-58.0,-3.1111977297526097,-2.896304864549135,-2.9325638027905634,nan,3.083349604524569,0.08686373711540696,-2.3070854834327648,0.4106399657247473,1.1740037001846113,0.5649024067346103,nan,0.4531172938713516,0.9232080230301958,0.30347293437275163,nan,nan,nan,-8.34,4.74,1.65
1743705913.428896,2c08d2cc-7a1c-9d34-25ea-6265acb43d72,26e66113-35e3-d8e5-8a08-dccc6335cf34,22,-78.0,-71.0,-74.0,-66.0,-51.0,-57.0,-58.0,3.134096920385656,3.1349011950348595,-2.9207188612102186,-2.7844606208812954,2.9911596189713965,0.11066086906950082,-2.252539827571558,0.3979537315560459,1.1296058753357916,0.5621370468376993,1.4682156226627885,0.38004358814983824,0.8871153331357138,0.23733228317726843,nan,nan,nan,-8.34,4.74,1.65
1743705914.437597,2c08d2cc-7a1c-9d34-25ea-6265acb43d72,6e82d34d-f03c-e88e-6774-72a9e8f23cf2,12,-74.0,-72.0,nan,-69.0,-47.0,-65.0,-57.0,-3.11557862974579,-3.045288221198675,nan,-2.4141848229288203,3.141592653589793,nan,-2.465200281427733,0.4233844898318079,1.141971598067302,nan,1.3630069111669902,0.4363323130408442,0.7853981633267377,0.5154865037490154,nan,nan,nan,-8.34,4.74,1.65
1743705915.427374,2c08d2cc-7a1c-9d34-25ea-6265acb43d72,0ae63028-54be-ce77-68c6-ed0155a67b04,0,-67.0,-68.0,nan,-65.0,-47.0,-65.0,-70.0,-3.0629662845146206,-2.911255051960513,nan,-2.5610296612230266,2.9093683430284205,0.3393692693775611,-2.3150820189662147,0.4013906741008476,1.1683454149745747,nan,1.3721122589339712,0.44315483792045646,0.4985498150953905,0.64502296930981,nan,nan,nan,-8.34,4.74,1.65
1743705916.440134,2c08d2cc-7a1c-9d34-25ea-6265acb43d72,fd38c5d7-e12d-f8b5-b154-fa6a60f63493,23,-76.0,-70.0,nan,-66.0,-51.0,-56.0,-61.0,-3.1231159082629323,-3.0262378309730105,nan,-2.52921820200203,2.843592963666932,0.2038833881942141,-2.2655662813931277,0.47699372283802116,1.2145691030667531,nan,1.4751124109377665,0.35169056037069096,0.687845203489249,0.47828330660571455,nan,nan,nan,-8.34,4.74,1.65
1743705917.437747,2c08d2cc-7a1c-9d34-25ea-6265acb43d72,31237ad8-868e-8fe1-ea0a-9a7603243cf2,14,nan,-68.0,nan,nan,-48.0,nan,-60.0,nan,-2.9419346677182254,nan,nan,3.065197197560164,nan,-2.4500339103090885,nan,1.216310544103556,nan,nan,0.41779472733214623,nan,0.5900103348582962,nan,nan,nan,-8.34,4.74,1.65
1743705918.43794,2c08d2cc-7a1c-9d34-25ea-6265acb43d72,b69ff3d1-17c0-445a-c578-163e00e09d0d,15,-77.0,-68.0,nan,nan,-48.0,-62.0,-59.0,3.1355584631918916,-2.8698325106815292,nan,nan,-3.083349604524569,0.21326999867784188,-2.4466153820489236,0.4564907446852873,1.2642624905851412,nan,nan,0.4531172938713516,0.7390713315182752,0.5089906100195455,nan,nan,nan,-8.34,4.74,1.65
1743705919.406745,2c08d2cc-7a1c-9d34-25ea-6265acb43d72,a16d2e85-023f-53e4-1826-59a9ff70e19c,5,-71.0,-70.0,-73.0,nan,-48.0,-66.0,-65.0,3.1155293612656236,-2.8915822809880973,-3.0113654078654633,nan,2.919138260676119,0.3656056355376244,-2.465261467886723,0.2881272651776183,1.1734930390455889,0.4883053996995919,nan,0.3411236234270117,0.6132381176525049,0.6454923417450076,nan,nan,nan,-8.34,4.74,1.65
1743705920.438384,2c08d2cc-7a1c-9d34-25ea-6265acb43d72,6f959a2a-0727-122a-b97b-4cf9960261fa,24,-76.0,-70.0,-73.0,nan,-52.0,-57.0,-69.0,3.11077348819096,-3.0032723276288213,-3.0493740429430742,nan,2.7942256877572924,0.2639172742102037,-2.3202988091270504,0.3742393140238126,1.1963504180495208,0.5044078703356197,nan,0.2965068830145659,0.7503509983349663,0.45961953814336093,nan,nan,nan,-8.34,4.74,1.65
1743705921.438125,2c08d2cc-7a1c-9d34-25ea-6265acb43d72,dca810c0-5d54-61f5-5f58-56d7dbdffa6f,16,-76.0,-68.0,-74.0,nan,-45.0,-62.0,-59.0,-3.055319017444458,-3.01266556310964,-3.103607188013666,nan,3.065197197560164,0.2728431215547754,-2.350948660895975,0.36959173173697446,1.2204068853342613,0.39517379085216664,nan,0.41779472733214623,0.784008561826664,0.344133056191007,nan,nan,nan,-8.34,4.74,1.65
1743705922.42912,2c08d2cc-7a1c-9d34-25ea-6265acb43d72,50f15330-2c05-b706-4061-29c52ed9e7fc,8,-73.0,-70.0,-75.0,-70.0,-50.0,-64.0,nan,-3.0646043949011283,-3.0025665899399505,-2.9951619368450944,-2.3571106176073324,2.892162636208912,0.04623749463474649,nan,0.2606172771702905,1.1483000677656574,0.5549164847531947,1.0320442311730742,0.4244137155938116,0.7150555690602873,nan,nan,nan,nan,-8.34,4.74,1.65
1743705923.439548,2c08d2cc-7a1c-9d34-25ea-6265acb43d72,a11841b2-1d48-a811-39b1-a0be7d30c6fa,4,-69.0,-73.0,-72.0,-68.0,-48.0,nan,-67.0,-3.052859321861661,-2.9742846181116365,-2.941612691542435,-2.3582376673806538,2.7537806001722043,nan,-2.4764564685441397,0.19592167073072722,1.1204587159396966,0.6650117639541522,0.6354561353345072,0.3249942230329209,nan,0.5835339435448968,nan,nan,nan,-8.34,4.74,1.65
1743705924.428659,2c08d2cc-7a1c-9d34-25ea-6265acb43d72,9b1d48dc-e1ed-2ae9-de82-6ee72c35e34e,26,-74.0,-68.0,-75.0,-67.0,-51.0,-55.0,-67.0,-3.0648262362199317,-3.0545227322785244,-2.993394929461827,-2.510438122627009,2.634151405640335,2.8402085447474956,-2.3202988091270504,0.19267204827909892,1.1877350919231147,0.5999079282089933,1.077358383173963,0.26110565963517673,1.333582771269673,0.45961953814336093,nan,nan,nan,-8.34,4.74,1.65
1743705925.437665,2c08d2cc-7a1c-9d34-25ea-6265acb43d72,4478add4-7d08-0504-9aeb-9143f45c913e,36,-74.0,-69.0,-73.0,-73.0,-47.0,-60.0,-58.0,-3.0296892877457537,-3.036379414720142,-3.0320829369335165,-2.589083133829812,2.827578532608326,-3.111905048240934,-2.285622463019579,0.28994597117554705,1.218460514051577,0.5015851526067312,1.2898111270286527,0.4682048197189086,0.9422681967566563,0.3094325508712855,nan,nan,nan,-8.34,4.74,1.65
1743705926.437755,2c08d2cc-7a1c-9d34-25ea-6265acb43d72,33e0a98d-d6f5-ed37-94b4-88c22d7a65f0,35,-72.0,-68.0,-74.0,-70.0,-48.0,-59.0,-59.0,-3.0481734899236668,-2.994680969952226,-3.037441483362865,-2.524197610715013,2.8386180723163674,3.141592653589793,-2.273023647517286,0.5412693154841653,1.2289765382479727,0.5181792760695012,1.3483731072931138,0.5207012549525525,0.7504915784257614,0.2309024809052288,nan,nan,nan,-8.34,4.74,1.65
1743705927.439082,2c08d2cc-7a1c-9d34-25ea-6265acb43d72,6c574d36-1fc1-c47c-42c2-375350449590,23,-76.0,-70.0,-73.0,-66.0,-50.0,-56.0,-61.0,-3.0574394263043794,-3.021724305557545,-2.993990412281568,-2.52642907339239,2.765055615979619,-2.81967450690929,-2.2340364186123276,0.552458786541215,1.1892987669571544,0.5088495236911675,1.4378959331263999,0.375961624134183,1.5156066923011593,0.29171725204074,nan,nan,nan,-8.34,4.74,1.65
1743705928.437843,2c08d2cc-7a1c-9d34-25ea-6265acb43d72,264fb0fa-21d7-b471-eb8b-900d09b8c1a3,26,-75.0,-68.0,-74.0,-67.0,-49.0,-55.0,-67.0,3.118292124580472,-3.06231407636366,-3.0698303159081908,-2.4254662396225046,2.6473233317623186,3.086159849356896,-2.1775653372994532,0.5449129193295573,1.2689477898909174,0.47431877726011834,1.4499617839191674,0.29431393126315286,0.8893660016343607,0.33008555168494247,nan,nan,nan,-8.34,4.74,1.65
1743705929.406423,2c08d2cc-7a1c-9d34-25ea-6265acb43d72,f0c9d78c-ecd2-a775-d1bc-507fc61fe1c1,19,-78.0,-69.0,-75.0,-70.0,-47.0,-57.0,-55.0,-3.0168826786957803,-3.0366744929689227,-3.022170651356242,-2.395153873779114,2.8687440472549905,1.1678740300498092,-2.262868807523545,0.4030444971377868,1.1529588686185874,0.5107624723021714,1.4566485819421928,0.4561611595769068,1.4379273917943998,0.2645243133804425,nan,nan,nan,-8.34,4.74,1.65
1743705930.429253,2c08d2cc-7a1c-9d34-25ea-6265acb43d72,84018f52-9c6f-6697-76fc-a6b4f625d4d0,13,-74.0,-68.0,-76.0,-69.0,-48.0,-63.0,-57.0,-3.025805599928091,-2.9758689326441243,-3.012918829729307,-2.3984021313606836,3.061811252229519,0.15818241805159322,-2.6131100935580136,0.5778353827783076,1.2483570272907516,0.43669949633387706,1.4104069175126563,0.504795718664658,1.1120415770303675,0.5769016326300747,nan,nan,nan,-8.34,4.74,1.65
1743705931.43712,2c08d2cc-7a1c-9d34-25ea-6265acb43d72,0ba1d3e0-87a9-a695-1405-a19ad9600fcf,9,-73.0,-75.0,-78.0,-71.0,-52.0,-67.0,-62.0,-3.079934615400061,-2.8432903819933637,-2.9305549803803173,-2.442134698569202,2.9822666999525866,nan,-2.5933372667738057,0.5449312951410789,1.1836841575889951,0.5946092363251444,1.3998991491156398,0.5007590008885998,0.8901179184393936,0.5715160116564529,nan,nan,nan,-8.34,4.74,1.65
1743705932.440181,2c08d2cc-7a1c-9d34-25ea-6265acb43d72,8fda3989-2ee0-d2cc-2630-3576876f790f,36,-76.0,-69.0,-74.0,-72.0,-48.0,-59.0,-57.0,-3.0830819391763162,-2.8852335712654575,-2.9592422853265417,-2.352576852167581,2.958876924699167,2.7587673466878955,-2.417205047704498,0.7167683689480518,1.2427867595547422,0.5678530560643635,1.2343348183612122,0.5336707782535076,1.3829506057138052,0.3789537379557923,nan,nan,nan,-8.34,4.74,1.65
1743705933.438236,2c08d2cc-7a1c-9d34-25ea-6265acb43d72,1592d2af-2ec7-b69e-388e-2b0a455675f4,10,-72.0,-79.0,-75.0,-70.0,-52.0,nan,-62.0,-3.085144024808365,-2.881862275641526,-2.888422174038609,-2.456483810522549,3.079873021480937,nan,-2.514435980898979,0.5058211100575839,1.1559756975014293,0.5889454250558457,1.1723139244729563,0.5576492278598707,nan,0.4998818759734909,nan,nan,nan,-8.34,4.74,1.65
1743705934.428066,2c08d2cc-7a1c-9d34-25ea-6265acb43d72,a765ac59-ee78-1a7b-e5e3-3322eda09552,12,-74.0,-74.0,-79.0,-68.0,-49.0,-67.0,-56.0,-3.1035366142447787,-2.8527190375166804,-2.8993749566537783,-2.460110503295019,-3.081743566561407,0.04656204421794722,-2.5534353383805213,0.5198607959817773,1.2160086747939958,0.5803922171618654,0.9863405918627609,0.5053859816379285,1.186447099235298,0.6598218000336319,nan,nan,nan,-8.34,4.74,1.65
1743705935.435362,2c08d2cc-7a1c-9d34-25ea-6265acb43d72,8eee56d8-d278-87b2-e2cc-2f45aa495879,16,-76.0,-68.0,-73.0,-68.0,-49.0,-62.0,-58.0,-3.106154501596327,-2.829262713583589,-2.8771862973995654,-2.4293238284614844,-3.039877693314897,0.201306714923492,-2.4696837911955267,0.5093474682359851,1.2344028621270637,0.47922621749032096,0.9239373346209968,0.5387671785829465,1.020695177967763,0.4548448913905174,nan,nan,nan,-8.34,4.74,1.65
1743705936.440066,2c08d2cc-7a1c-9d34-25ea-6265acb43d72,67d9ae26-89a3-319b-b948-4187e7046008,13,-74.0,-70.0,-78.0,-68.0,-48.0,-65.0,-58.0,-3.113666480083113,-2.718516491233189,-2.9341712868245358,-2.3445263825083806,-3.003416684792823,0.026080270501228714,-2.547755166496837,0.5464583517101302,1.1983374025388291,0.4269285247419444,0.9286294249875531,0.4847330659660341,0.8375889051024104,0.6243288645622348,nan,nan,nan,-8.34,4.74,1.65
1743705937.429071,2c08d2cc-7a1c-9d34-25ea-6265acb43d72,777fd954-1509-1dc2-3e86-83c03b553941,32,-71.0,-71.0,-80.0,-67.0,-48.0,-57.0,-59.0,-3.051323743177121,-2.8414096576315497,-3.100959473257909,-2.3341328637221284,2.947871177993573,2.770671639885041,-2.4038545179195894,0.5826942536081299,1.1999021428373051,0.5839145140196043,1.1159310757704526,0.4463891255267216,1.3279700901530918,0.4629519932486218,nan,nan,nan,-8.34,4.74,1.65
1743705938.42823,2c08d2cc-7a1c-9d34-25ea-6265acb43d72,c0356c27-2994-138c-7dc9-c0194a836464,14,-73.0,-69.0,-76.0,-68.0,-48.0,-63.0,-57.0,-3.0217354908341227,-2.8185781112901913,-3.122507908586067,-2.2433981664348015,3.141592653589793,0.38574668449280386,-2.9890441668598484,0.6025739521972444,1.1675549887630392,0.3413309653288398,0.9527002067631525,0.4537856055623628,1.2892767437823802,0.6401667534291013,nan,nan,nan,-8.34,4.74,1.65
1743705939.440938,2c08d2cc-7a1c-9d34-25ea-6265acb43d72,b10db458-7e9b-a805-cf3c-2f566dc3c616,4,-70.0,-73.0,-72.0,-67.0,-48.0,nan,-65.0,-3.018697356662561,-2.850134705994867,-3.072279625162737,-2.294288511705126,2.899163084015278,nan,-2.6895435114979227,0.4740198041382433,1.1096368942711323,0.4986679925276856,0.7712186948055394,0.35669908331481803,nan,0.784925853596293,nan,nan,nan,-8.34,4.74,1.65
1743705940.438392,2c08d2cc-7a1c-9d34-25ea-6265acb43d72,93ae500e-8c4d-2945-3d5a-da6343b26bc3,25,-75.0,-69.0,-74.0,-67.0,-50.0,-55.0,nan,-3.037366648536234,-2.902496980399678,-3.0657825773673797,-2.326648848426788,2.757970749781121,3.0371584295706384,nan,0.4545664776396505,1.1750157013988416,0.4392978760304401,0.9316182240999218,0.2926517264810489,1.0448286933209812,nan,nan,nan,nan,-8.34,4.74,1.65
1743705941.438085,2c08d2cc-7a1c-9d34-25ea-6265acb43d72,c5c28282-d71b-7dc0-a082-98d402bff1ad,19,-76.0,-69.0,-77.0,-71.0,-48.0,-58.0,-56.0,-3.0178741735696173,-2.915681758324443,-3.0617590735924876,-2.2983730018689807,2.9146572846005037,0.7229178043658174,-2.4932321826467305,0.3670365618290979,1.2058971847671827,0.45416740295030217,1.1986893392768831,0.39216799241312356,1.3855274747718815,0.4466507468319483,nan,nan,nan,-8.34,4.74,1.65
1743705942.428448,2c08d2cc-7a1c-9d34-25ea-6265acb43d72,e307b261-00eb-5859-9bfb-199a30dad32d,3,-69.0,-72.0,-72.0,-67.0,-47.0,-68.0,-73.0,-3.0181207822865583,-2.9313062581238283,-3.0444882076072153,-2.287369086560882,2.7741339357059474,0.5208385378653233,-2.500723024708784,0.35626740417109004,1.1825354030527895,0.5629993118196397,1.0386005343026856,0.31091930490199304,0.766732096694378,0.6251696137380326,nan,nan,nan,-8.34,4.74,1.65
1743705943.438061,2c08d2cc-7a1c-9d34-25ea-6265acb43d72,2a89ba43-a7a8-bb56-3ec8-14b028b4efe9,3,-68.0,-71.0,-73.0,-67.0,-48.0,nan,-70.0,-3.0261664582557968,-2.93876577233714,-3.0312642812144266,-2.345888056773738,2.6699628430781273,nan,-2.4701363586732463,0.2638850923411154,1.1069495649941605,0.7066972258117536,0.8089374447984952,0.2659043553905395,nan,0.71571605231885,nan,nan,nan,-8.34,4.74,1.65
1743705944.429429,2c08d2cc-7a1c-9d34-25ea-6265acb43d72,98b1c756-29d6-de56-b68d-81ce16b54c57,35,-72.0,-69.0,-73.0,-70.0,-48.0,-60.0,-58.0,-2.979176578718003,-2.9299025059132475,-3.008659103565725,-2.385850919459249,2.849469562098552,2.5261253954709475,-2.3491747619468515,0.4151485310026833,1.272051704141405,0.7015480038440854,1.096238930301107,0.4539525046471645,1.358108817066069,0.39922474622009196,nan,nan,nan,-8.34,4.74,1.65
1743705945.437929,2c08d2cc-7a1c-9d34-25ea-6265acb43d72,c3ee145d-1b26-efa3-683f-75c2f8dfa8ae,28,-73.0,-67.0,-78.0,-67.0,-50.0,-56.0,nan,-2.953475476302084,-3.0051059140393415,-2.9921224710929866,-2.3726459015102006,2.696591581895118,3.116004241475428,nan,0.369780649726802,1.2190878216463448,0.6682692760205098,1.3499514297131492,0.33353516514157017,0.8201414358616224,nan,nan,nan,nan,-8.34,4.74,1.65
1743705946.4393,2c08d2cc-7a1c-9d34-25ea-6265acb43d72,fc4dea5a-c6e4-ffcf-7c10-3c27f15ff067,14,-74.0,-69.0,-75.0,-67.0,-48.0,-60.0,-58.0,-3.0142895587423704,-2.9389220998931282,-3.0105076036783487,-2.333650831564824,3.007988877041382,0.588401087216716,-2.5415617360631058,0.4495605337386286,1.2016744765427532,0.6307790918281101,1.2360308525014292,0.4155627955003846,1.5078764358825447,0.5891528890803038,nan,nan,nan,-8.34,4.74,1.65
1743705947.439994,2c08d2cc-7a1c-9d34-25ea-6265acb43d72,a31b44c9-7ebd-c891-df17-99ac4f1aba7c,24,-77.0,-70.0,-75.0,-66.0,-51.0,-56.0,-66.0,-3.0193716690505683,-3.000809436252716,-3.0053575827623535,-2.335255119805488,2.863818862899122,-0.05099095613523728,-2.3002889173404197,0.40704786075693483,1.214370164933324,0.5873170352073167,1.3557972014639277,0.33669141604725894,1.2213122624421064,0.494911904543697,nan,nan,nan,-8.34,4.74,1.65
1743705948.438377,2c08d2cc-7a1c-9d34-25ea-6265acb43d72,7a72ee3f-d448-1094-5498-2df6ad34e32a,31,-71.0,-70.0,-81.0,-67.0,-48.0,-55.0,-61.0,-2.9452947780655783,-2.9202783743659193,-3.0086553751401985,-2.336069248150725,2.749066739628683,-3.0648242147280818,-2.2914242764487844,0.48125691111102,1.2704261106120205,0.613090176130722,1.427357272060738,0.3572779605726174,1.0983632586521768,0.39108532480379576,nan,nan,nan,-8.34,4.74,1.65
1743705949.43904,2c08d2cc-7a1c-9d34-25ea-6265acb43d72,01433438-e9a3-b4e0-281b-6d423d12ea67,26,-75.0,-68.0,-76.0,-67.0,nan,nan,nan,-2.9625161092545755,-2.9084904244329013,-3.0380444230336594,-2.337374729717082,nan,nan,nan,0.43266360885991645,1.3119880683740697,0.5704281996804158,1.4780043375654837,nan,nan,nan,nan,nan,nan,-8.34,4.74,1.65
1743705950.427357,2c08d2cc-7a1c-9d34-25ea-6265acb43d72,ecdea723-0e87-a629-9bf4-1887ea0014db,30,-72.0,-69.0,-80.0,-68.0,-49.0,-55.0,-63.0,-2.951351339016637,-2.9365239233315115,-2.9523835802551517,-2.392634789704008,2.6834186309169406,-3.0966882256329757,-2.2683640436879937,0.45501462107208357,1.3429035070463087,0.5826091656113018,1.4177563100148936,0.2995234982508454,0.6801852082557265,0.3036114303739224,nan,nan,nan,-8.34,4.74,1.65
1743705951.429459,2c08d2cc-7a1c-9d34-25ea-6265acb43d72,961ee4b0-2c9f-e7e7-a425-9594137e0d70,35,-72.0,-69.0,-74.0,-70.0,nan,nan,-57.0,-2.952792375482479,-2.9133741292398887,-3.011462613245251,-2.355506861998886,nan,nan,-2.2353125844063513,0.8205056839415813,1.2022617035631153,0.6368224701317724,1.3873954746396633,nan,nan,0.23244194136084093,nan,nan,nan,-8.34,4.74,1.65
1743705952.429117,2c08d2cc-7a1c-9d34-25ea-6265acb43d72,f1058340-a0d3-6d4c-af93-ef02a2d3f8a7,31,-72.0,-70.0,-81.0,-67.0,-48.0,-55.0,-61.0,-2.9445224613494556,-2.9056704031546166,-3.0117869862660234,-2.3146758087980097,2.657333422929385,-3.1024202065057906,-2.2353125844063513,0.8103264830440532,1.2814571901632377,0.608356340714079,1.4337979939990402,0.3434038780408252,0.47092853348222924,0.23244194136084093,nan,nan,nan,-8.34,4.74,1.65
1743705953.443018,2c08d2cc-7a1c-9d34-25ea-6265acb43d72,13ee6c87-4eee-82c2-99c3-2d88661612db,27,-74.0,-67.0,-76.0,-67.0,-50.0,-55.0,nan,-2.9600737242188644,-2.9737349416626437,-3.028150779584015,-2.326024070835055,2.5959966816556435,-3.1228979263718406,nan,0.7932755275857937,1.2370674879557426,0.5617510882167196,1.4709978270535942,0.2709185204790966,0.3664606792588023,nan,nan,nan,nan,-8.34,4.74,1.65
1743705954.435956,2c08d2cc-7a1c-9d34-25ea-6265acb43d72,e023d3bd-1332-1bad-945b-2368fdc5c0ec,6,-72.0,-72.0,-74.0,nan,-49.0,-65.0,-64.0,-2.970169501595246,-2.9303616348851773,-2.9906662546089313,nan,2.634151405640335,-2.5261253954709475,-2.4384884561853775,0.4595737198317039,1.175306651747933,0.5734068122016148,nan,0.26110565963517673,1.358108817066069,0.42978410920918814,nan,nan,nan,-8.34,4.74,1.65
1743705955.439724,2c08d2cc-7a1c-9d34-25ea-6265acb43d72,893dce77-f03e-8eca-9609-2f09d992919c,33,-72.0,-70.0,-77.0,nan,-48.0,-56.0,nan,-2.8787224087163232,-2.9569082909471964,-2.9803622180353058,nan,2.6881052757657233,-3.0849326326127193,nan,0.45335790184745894,1.1983919973411756,0.5674456589966088,nan,0.3807021208866365,0.9067918938542352,nan,nan,nan,nan,-8.34,4.74,1.65
