1743704386.40898,2c08d2cc-7a1c-9d34-25ea-6265acb43d72,e339fe50-f145-c01e-f579-2e73049a6e02,2,-63.0,-70.0,-64.0,-71.0,-50.0,-51.0,-50.0,-2.825990487552209,-0.8510874285292338,-2.4248169609487435,-0.11674818849911164,0.9652028571856145,2.3214315763746334,0.5329475925700558,1.454475708808797,1.2909861137015959,1.3856091593384927,0.28227330420648783,0.7986953482959385,0.18077379809480634,0.3037886970559251,-1.767216444015503,3.195801258087158,1.386599063873291,-3.54,0.39,1.65
1743704387.395146,2c08d2cc-7a1c-9d34-25ea-6265acb43d72,5808dff0-257b-ef29-11b2-5ee0beb9506a,30,-70.0,-74.0,-74.0,-76.0,-58.0,nan,nan,-2.8418469486825404,-0.8795912416763518,-2.4922633797677634,-0.036454414265440646,-2.837120554638467,nan,nan,1.4036056035627575,1.3272864640979753,1.4702018082037696,0.2931282156515963,1.1521585406339983,nan,nan,-1.7169384956359863,3.289088010787964,1.5862832069396973,-3.54,0.39,1.65
1743704388.403676,2c08d2cc-7a1c-9d34-25ea-6265acb43d72,a2767678-55f7-d5cb-fef5-0c27c7adcb63,14,-69.0,-71.0,-70.0,nan,nan,-48.0,-47.0,-2.7563056818369778,-0.886890966224259,-2.4933890979605398,nan,nan,2.4060230205400406,0.5277025752757868,1.4373226877017604,1.2083984256629852,1.4761968501336469,nan,nan,0.29105738656828967,0.2736759010574295,nan,nan,nan,-3.54,0.39,1.65
1743704389.409574,2c08d2cc-7a1c-9d34-25ea-6265acb43d72,a13b3251-96de-de8e-a563-5b4a9d76afcf,22,-69.0,-74.0,-75.0,-84.0,-68.0,-47.0,-47.0,-2.8253678404893483,-0.8535974578566334,-2.4505492223494163,-0.05124241516643264,1.2262507379277168,2.418653433532686,0.5609795818919231,1.4708530842483485,1.1834030609359376,1.470199278200734,0.23948193141671728,1.048599162797123,0.23898927683431645,0.25331182493142046,-1.6054613590240479,3.444905996322632,1.7700968980789185,-3.54,0.39,1.65
1743704390.394478,2c08d2cc-7a1c-9d34-25ea-6265acb43d72,1efa196a-cfe7-76b6-d679-0509db289273,30,-71.0,-74.0,-75.0,-74.0,-60.0,-45.0,-53.0,-2.8214055894195287,-0.8667036725292404,-2.654859484329243,0.005952697668545112,2.183684523800206,2.3862928180409146,0.4084340199817494,1.4451505170938301,1.188727252587224,1.4250805356448297,0.2698408360001573,0.7440610811735504,0.21902141434409605,0.33871245477336964,-1.5608701705932617,3.4852898120880127,1.875295877456665,-3.54,0.39,1.65
1743704391.404627,2c08d2cc-7a1c-9d34-25ea-6265acb43d72,3d0eef90-ba72-bf25-38ef-18ef6d37211e,14,-69.0,nan,-71.0,-78.0,-62.0,-47.0,-47.0,-2.82764644111802,nan,-2.5611614876969853,-0.11011025948208915,1.3587345301139435,2.4378202227740187,0.4558614806724139,1.4392168610270792,nan,1.434845947887987,0.23481580687078946,0.7804798918276012,0.31298535965479973,0.28386130601743353,-1.4921866655349731,3.5525360107421875,1.9641326665878296,-3.54,0.39,1.65
1743704392.396154,2c08d2cc-7a1c-9d34-25ea-6265acb43d72,a80b2b22-6dd7-5813-eff2-8f16a3c09ce9,11,-69.0,-70.0,-69.0,-70.0,nan,-46.0,-52.0,-2.853047671595196,-0.8734739606524399,-2.6206122979752604,-0.11089376147479046,nan,2.468699346067883,0.5609795818919231,1.4735743022501913,1.3159471236505815,1.4363190754449637,0.30659116075221937,nan,0.2630328584932135,0.25331182493142046,-1.453612208366394,3.53539228439331,1.9913361072540283,-3.54,0.39,1.65
1743704393.395464,2c08d2cc-7a1c-9d34-25ea-6265acb43d72,671fa9bf-91bf-9be5-0cf1-582d1a67d9b0,26,-70.0,-79.0,-81.0,-79.0,-64.0,-47.0,-56.0,-2.851467351804343,-0.8918833280037216,-2.2450011230949203,-0.059133894108555435,1.2949967136255078,2.4213826214484633,0.3878067141754209,1.4886652377251801,1.2691055821855048,1.314136307267382,0.3562588154765746,0.6691455175878761,0.22588577192157872,0.4407429386979034,-1.4444246292114258,3.5476810932159424,1.9764771461486816,-3.54,0.39,1.65
1743704394.409034,2c08d2cc-7a1c-9d34-25ea-6265acb43d72,1bc71131-9c77-d758-791f-f18e36a98c1b,15,-69.0,-72.0,-70.0,-85.0,-64.0,-46.0,-46.0,-2.7999306573374567,-0.8688389950912658,-2.1940524545967235,-0.07909055805317321,1.103396708525645,2.47693117334689,0.39010190130537187,1.4776906171890725,1.2228169129627284,1.406177551385502,0.21242188447555838,0.43655196736744895,0.30790528404012857,0.3411439131241635,-1.43822968006134,3.53403091430664,1.9898804426193237,-3.54,0.39,1.65
1743704395.4037,2c08d2cc-7a1c-9d34-25ea-6265acb43d72,99062b59-9e6d-fdcb-bdfa-10354eb598d4,18,-69.0,-70.0,-72.0,-93.0,-62.0,-47.0,-45.0,-2.7115043880830103,-0.8430406872955593,-2.0900750556309236,-0.026744262614902734,1.0014890109621517,2.468699346067883,0.40606069505532527,1.4942761186678133,1.2445106237283505,1.379253125922855,0.20635100903364104,0.3609133793006874,0.2630328584932135,0.3226865120819752,-1.4134604930877686,3.489621639251709,1.973870873451233,-3.54,0.39,1.65
1743704396.395673,2c08d2cc-7a1c-9d34-25ea-6265acb43d72,566e671b-fc87-ea70-d63c-9a9190864d1b,12,-73.0,-70.0,-70.0,-74.0,-64.0,-46.0,-50.0,-2.7143265398901675,-0.8393759113195013,-2.0790136160432793,-0.028956816848540564,0.8760263720236056,2.4864151437965343,0.5097818776239716,1.4771840839497394,1.31243627838553,1.4192914892252695,0.2358614304937818,0.4782833065467825,0.2665347862578054,0.2763498421942981,-1.383353352546692,3.3913633823394775,1.9604548215866089,-3.54,0.39,1.65
1743704397.408495,2c08d2cc-7a1c-9d34-25ea-6265acb43d72,53357f06-b91f-27fe-5f2d-1b4c00cfa01c,1,-62.0,-75.0,-63.0,-69.0,nan,-47.0,nan,-2.763808605576058,-0.8578651735034855,-2.1763104754146156,-0.06834310515804944,nan,2.403824097326796,nan,1.4502162489613242,1.2546350300864502,1.4921720882485965,0.21457208745017475,nan,0.22248671693703098,nan,-1.34818172454834,3.3774383068084717,1.958235263824463,-3.54,0.39,1.65
1743704398.393515,2c08d2cc-7a1c-9d34-25ea-6265acb43d72,762782ea-d5e2-0a2c-ae8f-16aba260e43d,8,-65.0,-76.0,-68.0,-75.0,nan,nan,nan,-2.701578254068067,-0.8782040010645296,-2.340573718818485,-0.1175127820480734,nan,nan,nan,1.4456064502724517,1.2409849979192489,1.508669838569419,0.2385566826749965,nan,nan,nan,nan,nan,nan,-3.54,0.39,1.65
1743704399.394618,2c08d2cc-7a1c-9d34-25ea-6265acb43d72,0ede2806-1be6-4af0-5cbb-40bb8b5544c9,24,-74.0,-75.0,-76.0,-80.0,-69.0,nan,nan,-2.760524129003663,-0.9011620475576666,-2.015231307410045,-0.11971574890178695,1.1259987000217142,nan,nan,1.4313285778782643,1.1134337630372582,1.435463268628667,0.2512209956989752,0.4596195380940517,nan,nan,nan,nan,nan,-3.54,0.39,1.65
1743704400.4045,2c08d2cc-7a1c-9d34-25ea-6265acb43d72,7a19c5d0-c17f-6e61-3a0a-1023c006c165,21,-71.0,-73.0,-73.0,-81.0,-65.0,-47.0,-46.0,-2.761868759038044,-0.8759104867337533,-2.083029796125173,-0.07660023611784011,1.0890895693772455,2.4063967553456465,0.5586532194545794,1.4499454054784637,1.147666634900382,1.3621272690589366,0.30741763950701184,0.4752105072561121,0.20955653115050962,0.23852261588134166,-1.327559471130371,3.3754680156707764,1.9477336406707764,-3.54,0.39,1.65
1743704401.414602,2c08d2cc-7a1c-9d34-25ea-6265acb43d72,5de6a013-e568-4a94-cbc3-1b5f182c2a15,22,-73.0,-73.0,-73.0,-82.0,-66.0,nan,nan,-2.6503563452420282,-0.8839945122226889,-1.968484574479775,0.05620308532892323,1.1419478531006442,nan,nan,1.4351900283008248,1.1922227846760072,1.4039831066472765,0.30628056959008887,0.47438892244959907,nan,nan,-1.34905731678009,3.255500078201294,1.7763971090316772,-3.54,0.39,1.65
1743704402.395193,2c08d2cc-7a1c-9d34-25ea-6265acb43d72,2c15ad5a-66fa-7112-2ac5-cf1430cdeb54,14,-70.0,-72.0,-69.0,-78.0,nan,-47.0,-47.0,-2.6645861475785395,-0.892536335103009,-2.024062882216966,-0.010570086366524496,nan,2.455593980456505,0.5408731702897245,1.3785629677263609,1.2805708901524593,1.4699452126327404,0.31881623528866,nan,0.31735186190779513,0.24103615191485675,-1.3368937969207764,3.2779369354248047,1.7419594526290894,-3.54,0.39,1.65
1743704403.394666,2c08d2cc-7a1c-9d34-25ea-6265acb43d72,98d8feed-d5bd-2575-5d9b-d44f2a1a73dd,23,-73.0,-73.0,-74.0,-81.0,-65.0,-46.0,-47.0,-2.6984580945349306,-0.8901221795748522,-2.0375833515971347,-0.06928905997724558,1.1671897614766722,2.41575517080263,0.5177196748493481,1.4415175658927986,1.243324718094938,1.4812482009312549,0.26075501253291805,0.49556443206406275,0.25206029234431626,0.32195331844675495,-1.328446865081787,3.264117956161499,1.7307460308074951,-3.54,0.39,1.65
1743704404.395274,2c08d2cc-7a1c-9d34-25ea-6265acb43d72,4445ae43-4acb-8c8e-909b-1dec71162b02,35,-71.0,-75.0,-77.0,-79.0,-56.0,-46.0,-50.0,-2.710747784017319,-0.9834382789067926,-2.0488478572178974,-0.08586990092407892,0.9436845847282452,2.3862928180409146,0.3950876133608541,1.4078717213129557,1.4434747229778977,1.4892848221527868,0.38790412673506375,0.4436018497247506,0.21902141434409605,0.37339536550416563,-1.330519676208496,3.253448486328125,1.7263615131378174,-3.54,0.39,1.65
1743704405.396226,2c08d2cc-7a1c-9d34-25ea-6265acb43d72,7e6be084-392b-2d2a-fe16-34e4e122e1a1,21,-71.0,-72.0,-74.0,-84.0,-67.0,-47.0,-46.0,-2.724845759879871,-0.9644866919575708,-1.9564315068602398,-0.20563731515101344,1.0277356122267396,2.4063967553456465,0.4842592305615244,1.4198259856560487,1.4196760496866774,1.3744224180215605,0.3182425903898569,0.46286982984463115,0.20955653115050962,0.34340387798122907,-1.3408803939819336,3.219588041305542,1.7546826601028442,-3.54,0.39,1.65
1743704406.404788,2c08d2cc-7a1c-9d34-25ea-6265acb43d72,40361fe3-67f2-5a39-86d6-7cd8461564ed,19,-68.0,-70.0,-73.0,-88.0,-67.0,-47.0,-44.0,-2.692801540379602,-0.9989039211471553,-1.9726191320721231,-0.30892029486257544,1.0222173230885552,2.4263420344126816,0.46323401428641037,1.4248493732622105,1.2951692739838376,1.3795571257612873,0.30815949631816697,0.42560438511909704,0.19958939241581453,0.33079144072670363,-1.35225772857666,3.2120485305786133,1.7824375629425049,-3.54,0.39,1.65
1743704407.396889,2c08d2cc-7a1c-9d34-25ea-6265acb43d72,b45d6122-6f71-594d-de0f-a731915f4d61,29,-70.0,-75.0,-75.0,-75.0,-63.0,-47.0,-54.0,-2.818942964359532,-1.005898846908303,-2.1349619700139364,-0.06502640433646475,1.6753105123084384,2.3912873662033705,0.39779076406617486,1.4335352731575042,1.3429511776298215,1.5027463025148105,0.3174289946768377,0.424413715558203,0.19354614957854466,0.3894950876589209,-1.3638266324996948,3.2151851654052734,1.8004273176193237,-3.54,0.39,1.65
1743704408.394811,2c08d2cc-7a1c-9d34-25ea-6265acb43d72,19171e68-592f-038e-9a2f-286c378d7925,24,-70.0,-75.0,-78.0,-79.0,-73.0,-47.0,-51.0,-2.7846321284554962,-0.9813551543021327,-1.6766678990860153,-0.027929102983878983,1.3555620331191673,2.373791714864879,0.4135786355632386,1.463366938424136,1.2624158546852804,1.31688841793787,0.23837946594920853,0.34152239137511253,0.19043725859310148,0.46968876030128437,-1.3633997440338135,3.2133090496063232,1.7845826148986816,-3.54,0.39,1.65
1743704409.392996,2c08d2cc-7a1c-9d34-25ea-6265acb43d72,fdaba2b9-28f6-260c-a44b-c12a615d36f9,17,-70.0,-69.0,-71.0,-85.0,-62.0,-47.0,-46.0,-2.8005591633547153,-0.9124489237315859,-2.055601633742338,0.06601443710088416,1.0189405564145064,2.4263420344126816,0.4164002034356015,1.466756210385425,1.2720921841899742,1.448084388508716,0.18181946709994423,0.3887576402000125,0.19958939241581453,0.38668434166050236,-1.3886598348617554,3.0861878395080566,1.7062206268310547,-3.54,0.39,1.65
1743704410.394349,2c08d2cc-7a1c-9d34-25ea-6265acb43d72,fb5b96a0-c920-9db4-ac74-27b8844429d3,17,-71.0,-70.0,-72.0,-87.0,-63.0,-47.0,-46.0,-2.8352135470393716,-0.9125402701569758,-2.2199255972190617,0.23694836640318404,0.8775094269964345,2.461480794511486,0.4084340199817494,1.4618067254995126,1.2380346149056045,1.404482183035557,0.18845691341901916,0.31479418476561893,0.2053932815715016,0.33871245477336964,-1.4163883924484253,2.928084135055542,1.6170530319213867,-3.54,0.39,1.65
1743704411.409667,2c08d2cc-7a1c-9d34-25ea-6265acb43d72,ff7a2e47-5bee-2e21-8d9d-2800013a5083,15,-71.0,-71.0,-70.0,-88.0,-67.0,-47.0,-46.0,-2.8191951657147625,-0.948342476271456,-2.239709422008933,0.31272462047975363,0.837126558057245,2.47693117334689,0.4378372686469397,1.4393066095558147,1.283591980093045,1.4411002485499833,0.20738762784319753,0.2515890492842233,0.30790528404012857,0.2861918994605759,-1.414168357849121,2.8612067699432373,1.6895853281021118,-3.54,0.39,1.65
1743704412.397009,2c08d2cc-7a1c-9d34-25ea-6265acb43d72,ff52b811-0589-6272-ad77-51f23c0cb54f,36,-70.0,-76.0,-80.0,nan,-55.0,-46.0,-49.0,-2.756216732256569,-0.9710772167071899,-2.2830534340144086,nan,0.8126943356077836,2.418653433532686,0.35794970623346034,1.3746389330181836,1.4378824841628945,1.5170381565047206,nan,0.35048116948319036,0.23898927683431645,0.37841012441892696,-1.4411835670471191,2.7947394847869873,1.64471173286438,-3.54,0.39,1.65
1743704413.404637,2c08d2cc-7a1c-9d34-25ea-6265acb43d72,2659c6de-688c-397c-249d-087b37422b27,8,-65.0,-74.0,-69.0,nan,-66.0,-48.0,-50.0,-2.6515390550821323,-0.9020542065228432,-2.331826832534229,nan,0.800347707880928,2.3862928180409146,0.4400839318734222,1.3300320500237925,1.3505659541346848,1.433557377394552,nan,0.5759933192373545,0.21902141434409605,0.30199059571460896,-1.5082402229309082,2.7843639850616455,1.5379526615142822,-3.54,0.39,1.65
1743704414.408683,2c08d2cc-7a1c-9d34-25ea-6265acb43d72,14035fb3-0930-be4f-a79a-ca577ed15b7d,26,-69.0,-79.0,-83.0,nan,nan,nan,nan,-2.7468248283562953,-0.9174463455171197,-2.37109168069803,nan,nan,nan,nan,1.3559496674363347,1.2932897480445147,1.4521715418336603,nan,nan,nan,nan,nan,nan,nan,-3.54,0.39,1.65
1743704415.404749,2c08d2cc-7a1c-9d34-25ea-6265acb43d72,e293a6f5-b416-e767-5a7d-b0ce12e1b4cc,33,-69.0,-74.0,-73.0,nan,-58.0,-48.0,-50.0,-2.784555695732211,-0.9556146371020808,-2.2160966373618,nan,0.8048579277118322,2.353897040783973,0.39252591387944874,1.396903492363464,1.4025644407345912,1.4667286466681426,nan,0.3807021208274771,0.19959962478258686,0.3572779605079919,-1.5649986267089844,2.7404236793518066,1.4714741706848145,-3.54,0.39,1.65
1743704416.395709,2c08d2cc-7a1c-9d34-25ea-6265acb43d72,97d4b0b5-282d-72be-f3be-03d9103bdea9,30,-72.0,-74.0,-73.0,nan,-64.0,-44.0,-53.0,-2.78242996055011,-0.9702773362737847,-2.4469965654552506,nan,-0.12601962129590333,2.3563172120550138,0.3417160991877701,1.4193872298664585,1.4426058666722592,1.476710041275705,nan,1.2894270181536913,0.18727154426891499,0.39719098454559604,-1.5989142656326294,2.79924201965332,1.443028450012207,-3.54,0.39,1.65
1743704417.395959,2c08d2cc-7a1c-9d34-25ea-6265acb43d72,f14d9d81-646d-2cac-e7a1-6f502ab27ea0,24,-69.0,-74.0,-78.0,-80.0,-72.0,-48.0,-51.0,-2.764029647946534,-0.9995742387935284,-1.7714370191087034,-0.27634344314429016,2.471882173806341,2.3563172120550138,0.3197437617250626,1.495762162556077,1.4071666494143569,1.3008889450570011,1.1745626976974193,0.9553707612014901,0.18727154426891499,0.5013739587332307,-1.6198445558547974,2.890596628189087,1.40571928024292,-3.54,0.39,1.65
1743704418.405413,2c08d2cc-7a1c-9d34-25ea-6265acb43d72,3164ee95-e1ac-0e18-5c11-f69f24a08da1,15,-71.0,-71.0,-71.0,-84.0,nan,nan,nan,-2.821087341669264,-0.9212296321616862,-1.7287312336584648,-0.33707869601631024,nan,nan,nan,1.453012701263962,1.334680331390417,1.398772232500373,1.166002099531414,nan,nan,nan,nan,nan,nan,-3.54,0.39,1.65
1743704419.409843,2c08d2cc-7a1c-9d34-25ea-6265acb43d72,1a695953-a47d-4a23-d37b-1dfcc513a719,24,-70.0,-73.0,-79.0,-80.0,-78.0,-49.0,-51.0,-2.7809364598107935,-0.9168680400864089,-1.6588295134724467,-0.37752998244574176,2.3785425399203275,2.3563172120550138,0.3228242387149019,1.4712857147674319,1.29587061745691,1.222174159033638,1.1437110417332872,0.5140284874076165,0.18727154426891499,0.5179342406144124,-1.6390018463134766,2.9991934299469,1.3809692859649658,-3.54,0.39,1.65
1743704420.39901,2c08d2cc-7a1c-9d34-25ea-6265acb43d72,3406c7f3-9b10-679d-e565-744527d1658f,17,-72.0,-69.0,-72.0,-90.0,-66.0,-47.0,-45.0,-2.879752253109856,-0.8934045256183748,-1.6471972253051443,-0.39367726076711024,1.3393879081179678,2.408804152588739,0.36585268650242697,1.4388798379911296,1.1913720378657815,1.2993015678892592,0.758919284785172,0.8677367874809344,0.19659719634663658,0.4273801957619801,-1.6798722743988037,3.114084482192993,1.1495294570922852,-3.54,0.39,1.65
1743704421.394528,2c08d2cc-7a1c-9d34-25ea-6265acb43d72,b0c58d89-4a74-23b9-f0b4-b6e68d0f9593,7,-63.0,-74.0,-69.0,-75.0,nan,nan,nan,-2.8247433292137245,-0.9099547402126723,-1.767829767412191,-0.27664757614077723,nan,nan,nan,1.4004616087378645,1.1340727954321819,1.4108760333386738,0.4196011366082141,nan,nan,nan,nan,nan,nan,-3.54,0.39,1.65
1743704422.39631,2c08d2cc-7a1c-9d34-25ea-6265acb43d72,cc970121-d6e8-e3ee-b974-5916638c4b9e,21,-71.0,-73.0,-75.0,-82.0,-64.0,-47.0,-46.0,-2.8657022141469257,-0.8667979484318291,-1.7988381504064739,-0.2985696529698735,1.0090962441596942,2.3912873662033705,0.46323401428641037,1.394521561084497,1.181846975911004,1.3864692272125336,0.27516096633078135,0.5817958087885046,0.19354614957854466,0.33079144072670363,-1.6762986183166504,3.2990963459014893,0.9955915212631226,-3.54,0.39,1.65
1743704423.396477,2c08d2cc-7a1c-9d34-25ea-6265acb43d72,442f4d36-6ffa-7526-6761-b10d3f83cfa4,29,-74.0,-76.0,-75.0,-76.0,-64.0,-47.0,-54.0,-2.858455486504711,-0.8722313296878089,-1.8624016803561583,-0.33879989702882846,1.4700236612785473,2.3563172120550138,0.39779076406617486,1.326220533871671,1.2432934259521298,1.4688985903243397,0.2941696780853854,0.6212658793055138,0.18727154426891499,0.3894950876589209,-1.651300072669983,3.5227646827697754,0.8873852491378784,-3.54,0.39,1.65
1743704424.408946,2c08d2cc-7a1c-9d34-25ea-6265acb43d72,bfca878f-faeb-b14a-3ea1-9de0e2937765,12,-73.0,-70.0,-70.0,-74.0,-67.0,-47.0,-50.0,-2.9769107612625634,-0.8418625048293084,-1.9595517995514313,-0.3311757994601496,1.1194392895700094,2.408804152588739,0.4942693217283341,1.24566097616121,1.3188984387706069,1.4769619763148265,0.32774864403235393,0.7751404674469555,0.19659719634663658,0.29431393121208,-1.618096947669983,3.7629337310791016,0.805171549320221,-3.54,0.39,1.65
1743704425.40925,2c08d2cc-7a1c-9d34-25ea-6265acb43d72,57240eb3-50b8-8b3e-ff38-ff537c7d606b,22,-73.0,-74.0,-76.0,-80.0,nan,nan,nan,-2.9381058410190186,-0.8395458209970483,-1.81961133954131,-0.35629553381010404,nan,nan,nan,1.2459910749783256,1.3534199307168684,1.3935275362076252,0.36443318870549096,nan,nan,nan,nan,nan,nan,-3.54,0.39,1.65
1743704426.409474,2c08d2cc-7a1c-9d34-25ea-6265acb43d72,7f167d2c-11d9-0678-202e-ec3bf23991c4,9,-64.0,-73.0,-69.0,-74.0,-61.0,-48.0,-50.0,-2.7505577812562594,-0.8707362310518383,-1.898773137153643,-0.24399136222200757,0.8915227799018228,2.4263420344126816,0.5431579402599702,1.2823457538609426,1.3228776009133492,1.4329275397967478,0.4844119913439506,0.7688224935721018,0.19958939241581453,0.2559879864748815,-1.57736873626709,3.870511054992676,0.9241581559181213,-3.54,0.39,1.65
1743704427.408863,2c08d2cc-7a1c-9d34-25ea-6265acb43d72,1606ad10-5f26-3329-1921-15fe90c6a459,10,-64.0,-73.0,-70.0,-71.0,-63.0,-47.0,-53.0,-2.6514370560123823,-0.8865000141762355,-1.9704222904889168,-0.21211252502543207,0.7330068612807271,2.4263420344126816,0.5764112367594056,1.3298426992702879,1.2863343702255543,1.4012352570345323,0.6081440867751996,0.7603978057223624,0.19958939241581453,0.2359365944739108,-1.525534749031067,3.9760420322418213,1.0683544874191284,-3.54,0.39,1.65
1743704428.394714,2c08d2cc-7a1c-9d34-25ea-6265acb43d72,d787115c-9bd3-f888-5327-5589e4ceec83,26,-69.0,-77.0,-83.0,-79.0,-70.0,nan,nan,-2.617424494150435,-0.8747360326930284,-2.079891527096624,-0.2311794268498544,1.3640241868402891,nan,nan,1.3163422035982943,1.191299200409968,1.4583715140094196,0.7104645334897798,0.726849672479674,nan,nan,nan,nan,nan,-3.54,0.39,1.65
1743704429.396382,2c08d2cc-7a1c-9d34-25ea-6265acb43d72,d17fd77b-6ee9-5ce2-10cd-05d1856e1259,19,-67.0,-70.0,-73.0,-91.0,-64.0,-47.0,-45.0,-2.6045853945351634,-0.8839939795904709,-2.0961780887430033,-0.2556251151279097,1.0609226319195557,2.4263420344126816,0.4942693217283341,1.4362731359161602,1.226474897878007,1.4154032740337539,0.639632105081806,0.6263827708658002,0.19958939241581453,0.29431393121208,-1.47999370098114,4.112858295440674,1.1741396188735962,-3.54,0.39,1.65
1743704430.396291,2c08d2cc-7a1c-9d34-25ea-6265acb43d72,7a294430-3429-eda3-04d4-c3dc04af7ea7,18,-68.0,-69.0,-72.0,nan,-63.0,-47.0,-45.0,-2.5877896364883606,-0.8933536592415543,-2.1024351857241443,nan,0.8903940448693058,2.4439009458015954,0.4424708064699736,1.441899463193116,1.2415858070611707,1.4529493180300184,nan,0.5004395108068708,0.202521746209891,0.31777206656003,-1.451940655708313,4.152708530426025,1.1840693950653076,-3.54,0.39,1.65
1743704431.395285,2c08d2cc-7a1c-9d34-25ea-6265acb43d72,13ed6d05-9662-3aba-1dc4-d94de2a88117,15,-69.0,-70.0,-70.0,nan,nan,-48.0,-46.0,-2.5342651585838394,-0.8632551452336967,-2.0908143491495292,nan,nan,2.476732636366056,0.47386074236282993,1.432654033152797,1.1985857423104789,1.4669134700477944,nan,nan,0.22195161283894818,0.281443490671161,-1.4420846700668335,4.155457973480225,0.9540194272994995,-3.54,0.39,1.65
1743704432.395427,2c08d2cc-7a1c-9d34-25ea-6265acb43d72,41728303-6d75-b6ef-ad54-03d179d24bea,35,-71.0,-76.0,-77.0,nan,-57.0,-46.0,-49.0,-2.552144823194304,-0.8578009913212146,-2.034925117355072,nan,0.8266403790489907,2.423944831855199,0.39252591387944874,1.4378197667192236,1.3583877914143019,1.4691930027828477,nan,0.42855983799059943,0.21275181238452862,0.3572779605079919,-1.4436790943145752,4.13381052017212,0.7543439865112305,-3.54,0.39,1.65
1743704433.396817,2c08d2cc-7a1c-9d34-25ea-6265acb43d72,379d83c0-8ed7-d974-d419-3d8705359dcd,19,-67.0,-70.0,-72.0,nan,-63.0,-48.0,-44.0,-2.5860159712023676,-0.8922135599788915,-2.101051806695903,nan,0.8383326757766282,2.4263420344126816,0.39252591387944874,1.466396417322155,1.2577820875465966,1.4505720472829589,nan,0.4096886621882483,0.19958939241581453,0.3572779605079919,-1.4344996213912964,4.12899112701416,0.8246304988861084,-3.54,0.39,1.65
1743704434.405095,2c08d2cc-7a1c-9d34-25ea-6265acb43d72,72b455bc-5f32-1b6f-167a-cf0ca74d52ad,0,-62.0,-73.0,-63.0,nan,-51.0,-47.0,-53.0,-2.5896000533973966,-0.882384365027627,-2.2255679034625575,nan,0.7405268085789108,2.3912873662033705,0.5661018888644926,1.4146220357279793,1.2577246964251054,1.4923919321965826,nan,0.5545264661193698,0.19354614957854466,0.282821722079177,-1.4296109676361084,4.11222791671753,0.888390302658081,-3.54,0.39,1.65
1743704435.405298,2c08d2cc-7a1c-9d34-25ea-6265acb43d72,ee6452a9-e4b7-4d10-58f9-8465cbcbd5f0,7,-64.0,-74.0,-69.0,-75.0,nan,-48.0,-49.0,-2.6297426794564878,-0.8904795757931409,-2.305977658361702,0.007576160669057416,nan,1.570796326650941,0.525311680565649,1.3445754395786609,1.2104301512586064,1.455678126040968,0.2843509027518859,nan,0.8028514559173917,0.2585862428992977,-1.4292969703674316,4.07210350036621,1.030645489692688,-3.54,0.39,1.65
1743704436.395505,2c08d2cc-7a1c-9d34-25ea-6265acb43d72,937a71d0-004e-f0c1-5cd7-9dc40d223d43,7,-65.0,-74.0,-69.0,-75.0,nan,-48.0,-50.0,-2.5660712914826553,-0.8891306847010156,-2.3133650009094726,-0.06467220391148422,nan,1.0032330193275676,0.5230714583517929,1.2701696481990459,1.222800135047861,1.422031216196689,0.2815935656277588,nan,0.6026741197021626,0.2434763183918444,-1.4426054954528809,3.9644618034362793,1.0433497428894043,-3.54,0.39,1.65
1743704437.396209,2c08d2cc-7a1c-9d34-25ea-6265acb43d72,a51c1410-53e7-a13a-5f78-a9dac9835b8d,12,-69.0,-69.0,-70.0,-74.0,nan,-47.0,-49.0,-2.5403171921610443,-0.9147409733237626,-2.257621843500806,-0.10816215714469621,nan,1.9291490195920642,0.5919036358932597,1.3251099956971082,1.324364843224104,1.423950023762091,0.33463101794793204,nan,0.7946121235897484,0.21880566121076095,-1.4579507112503052,3.86068844795227,0.9879297018051147,-3.54,0.39,1.65
1743704438.39524,2c08d2cc-7a1c-9d34-25ea-6265acb43d72,3cd4c7f4-ec5e-c174-174a-df8fffe8c773,7,-65.0,-74.0,-69.0,-74.0,-60.0,-47.0,-49.0,-2.5455047636484096,-0.932768177058618,-2.3080562555925086,-0.1324286146813892,0.780303143545467,1.0901748704259413,0.5387391191808478,1.2851916078018015,1.338602235569722,1.4173834674622825,0.32344254557629115,0.6853612282169917,0.7157160522371423,0.22606446323262902,-1.473671555519104,3.7632133960723877,0.947965145111084,-3.54,0.39,1.65
1743704439.405425,2c08d2cc-7a1c-9d34-25ea-6265acb43d72,22a38147-d5a8-f2dd-e27c-89e1114023f2,14,-68.0,-72.0,-70.0,-82.0,nan,-47.0,-47.0,-2.584280389119963,-0.9082050433764902,-2.3400104602479335,-0.09720324925902014,nan,1.8906916805517293,0.5387391191808478,1.2591276496873594,1.3192086970376016,1.4683543733555815,0.3303921643093938,nan,0.8650997139533645,0.22606446323262902,-1.4881911277770996,3.6533262729644775,0.902794599533081,-3.54,0.39,1.65
1743704440.409836,2c08d2cc-7a1c-9d34-25ea-6265acb43d72,142807ee-89a2-5bfd-4d70-fcee97391676,11,-68.0,-70.0,-69.0,-72.0,-66.0,nan,nan,-2.625694141967349,-0.9202506541449732,-2.4709868531869024,-0.14115925568299598,0.6847192029222828,nan,nan,1.4291075015291381,1.370062423842937,1.423556275394923,0.3270323202781498,0.6590580357789749,nan,nan,-1.50313937664032,3.5460622310638428,0.9172427654266357,-3.54,0.39,1.65
1743704441.396716,2c08d2cc-7a1c-9d34-25ea-6265acb43d72,eb595312-0cc9-700e-f961-0d1d98fa5ca2,3,-64.0,-72.0,-65.0,-75.0,nan,-54.0,nan,-2.662249756354213,-0.9072327232625024,-2.2564931958308305,-0.12700721765031492,nan,2.219575092385715,nan,1.3774078216035393,1.374561568188517,1.364835837045602,0.2817100789254497,nan,0.5435120867489115,nan,nan,nan,nan,-3.54,0.39,1.65
1743704442.39683,2c08d2cc-7a1c-9d34-25ea-6265acb43d72,10866b1f-eadd-d53d-2d7a-abec1b751bec,6,-65.0,-75.0,-69.0,-79.0,-57.0,-48.0,-48.0,-2.5994763862999553,-0.9012557908280374,-2.1413479639918376,-0.09643705781340434,0.7423557446398897,1.3175347632036247,0.5387391191808478,1.3264800589198993,1.3498825869989708,1.3518281593333283,0.29244271798700994,0.7382954080134192,0.7518794142778713,0.22606446323262902,-1.5194923877716064,3.3867738246917725,1.076043963432312,-3.54,0.39,1.65
1743704443.410271,2c08d2cc-7a1c-9d34-25ea-6265acb43d72,e37742c7-8bd2-85df-7039-a3a5aecb8f70,18,-66.0,-69.0,-71.0,-91.0,-62.0,-47.0,-44.0,-2.5892413255985627,-0.9107291874576673,-2.1541030408747175,-0.10316686588803456,0.7381647523751068,2.077704309502031,0.47386074236282993,1.4212549047389307,1.2412493166574394,1.3907494597165089,0.24124216438396198,0.5085125931300649,0.6991695442557365,0.281443490671161,-1.5371389389038086,3.208775758743286,1.2003105878829956,-3.54,0.39,1.65
1743704444.397256,2c08d2cc-7a1c-9d34-25ea-6265acb43d72,d8d71c36-dabb-4fe7-d3f5-1286ba1f5daf,21,-68.0,-74.0,-74.0,-81.0,-66.0,-47.0,-45.0,-2.5795863013825895,-0.9110781947185221,-2.18670612472974,-0.14228044650191932,0.903408774472184,2.307192472680948,0.5122731445632105,1.4527623641214948,1.2543428813148685,1.4134495790580717,0.18872166492088666,0.4504141357025876,0.4832343572279678,0.29157344888196357,-1.5615123510360718,3.000122547149658,1.2831816673278809,-3.54,0.39,1.65
1743704445.405424,2c08d2cc-7a1c-9d34-25ea-6265acb43d72,d9a12464-e2c9-c7c6-5608-96d68336f98e,25,-68.0,-76.0,-83.0,nan,nan,nan,nan,-2.6563567134940858,-0.912848930527316,-1.9672344866640918,nan,nan,nan,nan,1.472651783248588,1.1959253775395444,1.2820880930254774,nan,nan,nan,nan,nan,nan,nan,-3.54,0.39,1.65
1743704446.396069,2c08d2cc-7a1c-9d34-25ea-6265acb43d72,bc342b29-abc6-fe8e-169e-a31e4b416426,33,-70.0,-74.0,-73.0,nan,-56.0,-46.0,-48.0,-2.6298002037360337,-0.930476260624496,-1.9309770131612627,nan,0.821261216717667,2.3377829456934744,0.4293304029693865,1.4786377704307592,1.3025650054890423,1.4214172244073713,nan,0.3208126082301309,0.32636745951226936,0.35205467438507293,-1.5851454734802246,2.93030047416687,1.3431057929992676,-3.54,0.39,1.65
1743704447.409281,2c08d2cc-7a1c-9d34-25ea-6265acb43d72,c49377bb-ebd9-726b-0cab-9df8b6d6da88,32,-70.0,-73.0,-73.0,nan,-58.0,-46.0,-50.0,-2.627256618578899,-0.9650925611055637,-1.9271906638814424,nan,0.8023021861715741,2.339290467269397,0.3740714471829928,1.435381909057365,1.3602464115390684,1.4295521162731268,nan,0.2607324645390974,0.2607324645749327,0.3597230802959842,-1.610896110534668,2.903656482696533,1.3075045347213745,-3.54,0.39,1.65
1743704448.410496,2c08d2cc-7a1c-9d34-25ea-6265acb43d72,8103a6f5-00e9-dde6-1b4c-9f0646fabddb,1,-63.0,-72.0,-63.0,nan,-53.0,-51.0,-52.0,-2.704058988623476,-0.9159175578933597,-1.9042206331634002,nan,0.7255552026937158,2.331114119231455,0.530246896623546,1.4266508685815946,1.3260534205132686,1.4471690600420553,nan,0.4825427476666032,0.22028527386980573,0.288743873063089,-1.6023732423782349,2.9947118759155273,1.4422756433486938,-3.54,0.39,1.65
1743704449.410286,2c08d2cc-7a1c-9d34-25ea-6265acb43d72,7b583dae-c013-f9f1-b002-2f3a5cad72ed,9,-65.0,-74.0,-69.0,nan,-63.0,-47.0,-49.0,-2.656757252922034,-0.918347426071948,-1.9685130703034388,nan,0.684246476130501,2.3888727449403135,0.5431579402599702,1.4392288452519848,1.2683553697064294,1.446258658423412,nan,0.576526052673547,0.20629867989440479,0.2559879864748815,-1.5672993659973145,3.00067138671875,1.434263825416565,-3.54,0.39,1.65
1743704450.396351,2c08d2cc-7a1c-9d34-25ea-6265acb43d72,0ebc2a80-586b-5a59-ee43-60c59a05576a,16,-68.0,-70.0,-71.0,-84.0,-68.0,-47.0,-45.0,-2.566659317451345,-0.900368958185041,-2.014233687265701,0.012323777944341674,0.7554050169714736,2.4591128847588974,0.47386074236282993,1.4368635587298308,1.2831231305831368,1.4943890366980326,0.5037400161132551,0.3551989461667703,0.21895039938253497,0.281443490671161,-1.5341596603393555,3.023928165435791,1.4291802644729614,-3.54,0.39,1.65
1743704451.396994,2c08d2cc-7a1c-9d34-25ea-6265acb43d72,ab7d028d-9f96-9a0f-065d-61623c7bc642,9,-65.0,-74.0,-69.0,-73.0,-63.0,-47.0,-50.0,-2.5426839434217974,-0.8783898897086172,-2.1392680351804856,-0.11895994378442247,0.7079460653409663,2.4439009458015954,0.5052484821152634,1.357760217503425,1.2900289736058212,1.4660334284655774,0.44773160786001664,0.5356574292716433,0.202521746209891,0.2458422530712961,-1.5098881721496582,3.0571441650390625,1.445887804031372,-3.54,0.39,1.65
1743704452.395605,2c08d2cc-7a1c-9d34-25ea-6265acb43d72,02d18732-66da-3c66-f7ff-b73a9f42bb0d,34,-70.0,-74.0,-75.0,-79.0,nan,-45.0,-47.0,-2.5627434053844924,-0.8877740704417293,-2.002433619949724,-0.061407967363374096,nan,2.3912873662033705,0.39010190130537187,1.4124490294365293,1.4152595964929444,1.4006126099716723,0.5407030608573873,nan,0.19354614957854466,0.3411439131241635,-1.4911197423934937,3.0993289947509766,1.4334335327148438,-3.54,0.39,1.65
1743704453.397525,2c08d2cc-7a1c-9d34-25ea-6265acb43d72,8c10b36f-04b8-ec55-7ad2-55f81773fddb,31,-70.0,-73.0,-73.0,-77.0,-61.0,-46.0,-52.0,-2.584642312712105,-0.9320280845916851,-2.518224939338292,0.17952448803056847,1.8136840222123471,2.373791714864879,0.3417160991877701,1.4499683086638382,1.3922176604254697,1.3526137918549015,0.5283697621121486,0.847011259219993,0.19043725859310148,0.39719098454559604,-1.4712715148925781,3.200732707977295,1.4554500579833984,-3.54,0.39,1.65
1743704454.410956,2c08d2cc-7a1c-9d34-25ea-6265acb43d72,7711b24e-35a0-f15a-c137-257aa8c90b38,20,-67.0,-73.0,-73.0,-86.0,-64.0,-47.0,-46.0,-2.6067082002400657,-0.9168995985453264,-2.3567524224407164,0.0278220439080578,1.188811179867283,2.3912873662033705,0.4267340837485611,1.4793533618156633,1.1781373256705783,1.406275422555562,0.41547906258347583,0.7451735082975779,0.19354614957854466,0.33617586022351104,-1.4511699676513672,3.349175453186035,1.520737648010254,-3.54,0.39,1.65
1743704455.397399,2c08d2cc-7a1c-9d34-25ea-6265acb43d72,4e7978e9-c893-9fb3-48d0-12757303f8f7,14,-68.0,-71.0,-71.0,-81.0,-67.0,-48.0,-47.0,-2.5923188745542585,-0.9366938096634494,-2.375256065694587,-0.13764175251521932,0.9409923313056996,2.4447706810732015,0.4558614806724139,1.481442212216667,1.1756106515863654,1.4375754216892087,0.3625672781772406,0.47319990531917466,0.2862927285204666,0.28386130601743353,-1.4248327016830444,3.5534470081329346,1.625230312347412,-3.54,0.39,1.65
1743704456.397015,2c08d2cc-7a1c-9d34-25ea-6265acb43d72,12331ffb-3723-47f4-5078-5e4dec6d4fdd,5,-63.0,-74.0,-68.0,nan,-55.0,nan,-49.0,-2.5721406356069463,-0.9490510102794716,-2.3960407064221103,nan,0.8260436116670669,nan,0.48954712061429717,1.4600345249521196,1.1954167137713392,1.4452149655922102,nan,0.6119813061851719,nan,0.26354532580090806,nan,nan,nan,-3.54,0.39,1.65
1743704457.396464,2c08d2cc-7a1c-9d34-25ea-6265acb43d72,bc0afcb6-6f88-4290-79d3-5c304646933b,11,-69.0,-70.0,-69.0,-72.0,-65.0,-46.0,-52.0,-2.585856447853072,-0.905642017143398,-2.476949138235372,-0.25779106404247115,0.7517437942049922,2.436253147724284,0.5586532194545794,1.4427800374075508,1.251182641207326,1.4484254062863007,0.42635624471320005,0.6476188775040727,0.2425217187353828,0.23852261588134166,-1.406679391860962,3.570645332336426,1.7021793127059937,-3.54,0.39,1.65
1743704458.406598,2c08d2cc-7a1c-9d34-25ea-6265acb43d72,fa13ce9e-a901-1b49-f58f-ccf8c0ced207,20,-69.0,-73.0,-73.0,-85.0,-64.0,-47.0,-46.0,-2.714847187883278,-0.8415450560273708,-2.2650078544680317,-0.3778647417947648,0.8282838039145075,2.4591128847588974,0.5431579402599702,1.4225116504573392,1.2715726014612996,1.4040872362458985,0.4080587967067289,0.5468651732684908,0.21895039938253497,0.2559879864748815,-1.3999416828155518,3.517885446548462,1.743424654006958,-3.54,0.39,1.65
1743704459.396945,2c08d2cc-7a1c-9d34-25ea-6265acb43d72,20e991af-a661-272d-270f-bd3b4f309365,21,-69.0,-74.0,-75.0,-81.0,-68.0,-47.0,-46.0,-2.760822403045752,-0.851903953719452,-2.051085844639945,-0.3755690969351165,1.8246299077681198,2.423944831855199,0.5431579402599702,1.424632192475315,1.2254983167062747,1.3382506983058315,0.4564745659816651,0.7889720381423646,0.21275181238452862,0.2559879864748815,-1.40514874458313,3.4364914894104,1.7546749114990234,-3.54,0.39,1.65
1743704460.410096,2c08d2cc-7a1c-9d34-25ea-6265acb43d72,a7c0c20b-f080-68e1-1a62-17165e4f0299,17,-69.0,-71.0,-72.0,nan,-64.0,-49.0,-46.0,-2.759636763728449,-0.8665958145050923,-2.246540962837204,nan,1.0808357258732808,2.4439009458015954,0.48954712061429717,1.4094503100491,1.0801090291058515,1.4634907754148243,nan,0.6644097592579077,0.202521746209891,0.26354532580090806,-1.4255542755126953,3.52821683883667,1.7921189069747925,-3.54,0.39,1.65
1743704461.406711,2c08d2cc-7a1c-9d34-25ea-6265acb43d72,0953e06a-603c-3dbf-c141-26d053f77698,31,-70.0,-74.0,-74.0,-77.0,nan,nan,nan,-2.7354989368724065,-0.8743810333197207,-2.3081369493735377,-0.08269567922081347,nan,nan,nan,1.4295852726286986,1.157352551785,1.4576576536792234,0.4332656497138425,nan,nan,nan,nan,nan,nan,-3.54,0.39,1.65
1743704462.397403,2c08d2cc-7a1c-9d34-25ea-6265acb43d72,785addba-455b-7f84-c0a8-87edd764d144,22,-71.0,-74.0,-77.0,-78.0,-67.0,-45.0,-47.0,-2.783949027635891,-0.8548528719944969,-2.0592493654874198,-0.2691222818485403,1.0620532586152756,2.408804152588739,0.5149180189031142,1.477918051146165,1.1548170892691902,1.3548764135170328,0.5044544423651826,0.7209304072962195,0.19659719634663658,0.3067750866746816,-1.4351792335510254,3.62740421295166,1.8097901344299316,-3.54,0.39,1.65
1743704463.410105,2c08d2cc-7a1c-9d34-25ea-6265acb43d72,901c5c5b-c3e7-64ec-8d97-d757bd299eb4,19,-68.0,-72.0,-72.0,nan,-64.0,-46.0,-44.0,-2.720063255194307,-0.8851255567376455,-2.0847900124476615,nan,1.9932216844797943,2.4439009458015954,0.4968548386581515,1.4817042672679308,1.2678252674914494,1.4276468908292845,nan,0.7680219737549695,0.202521746209891,0.30966772091512096,-1.433030605316162,3.715548515319824,1.7876814603805542,-3.54,0.39,1.65
1743704464.3981,2c08d2cc-7a1c-9d34-25ea-6265acb43d72,ae515174-173b-b6f8-8473-c50e2bc0306d,4,-63.0,-74.0,-67.0,-80.0,-54.0,-51.0,-50.0,-2.7503220914997875,-0.8892129763786991,-2.139619306128267,-0.29570861901080137,1.358720470843371,1.7156520702161906,0.525311680565649,1.4426511404107907,1.2780444823843558,1.4088674772445362,0.22858675630487815,0.9257246163441696,0.7390713315938326,0.2585862428992977,-1.43377161026001,3.742710828781128,1.7320477962493896,-3.54,0.39,1.65
1743704465.397114,2c08d2cc-7a1c-9d34-25ea-6265acb43d72,a2f0a67e-2aa3-2f5a-e3c2-66b0a741f334,8,-65.0,-73.0,-69.0,-74.0,-62.0,-47.0,-50.0,-2.743060982787686,-0.8672376363278013,-2.2092708223298723,-0.2894153030388351,1.0110779105409187,2.1605027953559217,0.5230714583517929,1.3657993687279926,1.2253944534237617,1.477314046210935,0.280846149467828,0.8501254706281056,0.5532824127871907,0.2434763183918444,-1.43334686756134,3.7643401622772217,1.7556830644607544,-3.54,0.39,1.65
1743704466.397322,2c08d2cc-7a1c-9d34-25ea-6265acb43d72,b1924375-73d5-66f0-e9e3-1cbeea864e79,12,-69.0,-70.0,-69.0,-73.0,-75.0,-46.0,-50.0,-2.8398320010017866,-0.857717634379095,-2.1138164709587075,-0.25258165463416715,0.7216705910479005,2.3438279099126724,0.5408731702897245,1.3980835390424782,1.2638009647682305,1.441021685297826,0.2849221840952215,0.7123282634290705,0.4114460850850751,0.24103615191485675,-1.4376535415649414,3.70029354095459,1.7314064502716064,-3.54,0.39,1.65
1743704467.39787,2c08d2cc-7a1c-9d34-25ea-6265acb43d72,7b49ffa0-d1e8-1bb7-b888-0a5aa53ef776,36,-72.0,-75.0,-81.0,-78.0,-56.0,-46.0,-49.0,-2.8558953897488175,-0.8486455761257402,-1.8148123232569873,-0.1257930825093478,0.7589389370606067,2.345919117010725,0.39010190130537187,1.2819560002354096,1.3407344954964941,1.2596641434889557,0.2831219537773552,0.5468815070663064,0.3020398666518934,0.3411439131241635,-1.4468047618865967,3.5717673301696777,1.6339870691299438,-3.54,0.39,1.65
1743704468.39752,2c08d2cc-7a1c-9d34-25ea-6265acb43d72,87ee1d5c-e1b9-8eab-9c04-907e07439f58,28,-68.0,-79.0,-78.0,-79.0,-69.0,-47.0,-56.0,-2.8632449154091093,-0.8719453061867344,-2.1222586916142583,-0.1976108139416236,1.1318683533939287,2.3631183711609456,0.28746049113072625,1.277929167509155,1.3374112699302385,1.4517361149954326,0.30360063058514214,0.6742840766844574,0.2404147567047194,0.4205010374807627,-1.4440875053405762,3.568464756011963,1.608917474746704,-3.54,0.39,1.65
1743704469.40663,2c08d2cc-7a1c-9d34-25ea-6265acb43d72,e937a289-fd46-640c-595e-36336e6ca2cb,32,-70.0,-74.0,-74.0,-77.0,-60.0,-46.0,-50.0,-2.904217382463869,-0.9266442381319808,-2.1654640860849956,0.1959639151235186,1.9450639876566262,2.3513120885253005,0.30642350873970836,1.327088591228982,1.4097419261884638,1.4063531868593924,0.36605465433518575,0.6874934254559516,0.21189674982302378,0.41834282641628806,-1.431288242340088,3.631422758102417,1.6093910932540894,-3.54,0.39,1.65
1743704470.406718,2c08d2cc-7a1c-9d34-25ea-6265acb43d72,4d0a61b3-bec3-45b5-7c3b-124953785674,16,-68.0,-71.0,-70.0,-84.0,-64.0,-46.0,-45.0,-2.9215015642545925,-0.8853292885610367,-2.009447454154611,0.2092235278749141,1.2067144655942896,2.418653433532686,0.3512324495848389,1.3835751700559449,1.3386319298158764,1.3915337606575375,0.2940976728674124,0.6306402159413477,0.23898927683431645,0.3293060017849674,-1.4254436492919922,3.6531243324279785,1.5891838073730469,-3.54,0.39,1.65
1743704471.397838,2c08d2cc-7a1c-9d34-25ea-6265acb43d72,9f7ffebc-20ca-ab6b-5fa1-a2cd96d38bf7,21,-70.0,-75.0,-75.0,-82.0,-64.0,-47.0,-46.0,-2.9345052472252315,-0.8782250400371412,-1.8849822237647769,0.103719471814226,1.0290640282233405,2.4213826214484633,0.46063046932698865,1.436727870672291,1.2249165491661467,1.3449072694504847,0.29487538248474277,0.43465503165150654,0.22588577192157872,0.3151672832423587,-1.4234567880630493,3.5786924362182617,1.5521368980407715,-3.54,0.39,1.65
1743704472.396185,2c08d2cc-7a1c-9d34-25ea-6265acb43d72,fa91fa85-ce2d-72bb-35b3-7ffde7c5d0dd,19,-67.0,-72.0,-72.0,-89.0,-61.0,-46.0,-44.0,-2.997977430749526,-0.8780130524143709,-1.8691541253000543,0.28031181948461725,0.9207387132276296,2.441516907407209,0.4424708064699736,1.4723504465712454,1.2063509874169325,1.3089629836918486,0.2928833379893635,0.3236864548017152,0.21588345326478597,0.31777206656003,-1.4244945049285889,3.4673826694488525,1.4987728595733643,-3.54,0.39,1.65
1743704473.407163,2c08d2cc-7a1c-9d34-25ea-6265acb43d72,775513ff-814a-8402-a60f-a566446eb748,10,-64.0,-72.0,-69.0,-72.0,-62.0,-47.0,-53.0,-2.9785451432235446,-0.879159809579759,-1.9267435191344182,0.11539690056200545,0.7381647523751068,2.4591128847588974,0.5455959718264359,1.429433206130455,1.2499015275649437,1.3581522348158848,0.3567498025130443,0.5085125931300649,0.21895039938253497,0.27091852043334386,-1.432707667350769,3.360173225402832,1.4604125022888184,-3.54,0.39,1.65
1743704474.397111,2c08d2cc-7a1c-9d34-25ea-6265acb43d72,e300045a-0ed7-f05d-eb03-ee471a5d14f6,0,-62.0,-76.0,-63.0,-69.0,-51.0,-48.0,-52.0,-2.932735310364765,-0.901341810931247,-1.943827031737004,0.1253805588564945,0.6389486776970532,2.3888727449403135,0.6472166491622838,1.4442378517882597,1.2893137816950808,1.466156732824048,0.41247108871125854,0.5763979952627191,0.20629867989440479,0.2248860728023472,-1.4294378757476807,3.316506862640381,1.4820466041564941,-3.54,0.39,1.65
1743704475.397176,2c08d2cc-7a1c-9d34-25ea-6265acb43d72,a68cf200-1a52-757f-6d50-054784430e85,1,-63.0,-73.0,-63.0,-70.0,nan,nan,nan,-3.0669969788244558,-0.9049482636794324,-1.963393542581925,0.02622148409292018,nan,nan,nan,1.4592299839868064,1.3273728836753484,1.4608218885284012,0.28020902146654014,nan,nan,nan,nan,nan,nan,-3.54,0.39,1.65
1743704476.401221,2c08d2cc-7a1c-9d34-25ea-6265acb43d72,75b37169-db9a-2038-2275-32ac1ba9980b,9,-65.0,-73.0,-70.0,-72.0,-61.0,-47.0,-51.0,-3.034286702735557,-0.8899778362437699,-2.0498072610005984,-0.07105606736051316,0.6210435632013319,2.4263420344126816,0.6295498532390622,1.471188509387644,1.277739150965378,1.44103659899993,0.3208541527338159,0.6320590267487813,0.19958939241581453,0.22775277624736093,-1.4345824718475342,3.2177209854125977,1.470939040184021,-3.54,0.39,1.65
1743704477.410481,2c08d2cc-7a1c-9d34-25ea-6265acb43d72,eb8d7cbb-079e-0b02-8705-7b35121b83de,27,-68.0,-79.0,-80.0,-77.0,-65.0,-48.0,-59.0,-3.0482624395040756,-0.8962778101184613,-1.8269239804205042,-0.06446021628871391,1.9042552895659692,2.3912873662033705,0.4842592305615244,1.4504944161371833,1.191606129725599,1.3615357809808304,0.2879823226352907,0.956493512567889,0.19354614957854466,0.34340387798122907,-1.4296177625656128,3.2779738903045654,1.484157681465149,-3.54,0.39,1.65
1743704478.397001,2c08d2cc-7a1c-9d34-25ea-6265acb43d72,3f47a949-f345-637b-7edf-c2c7a308b64e,13,-72.0,-71.0,-69.0,-74.0,-67.0,-46.0,-47.0,-3.0772328384741754,-0.900636339558485,-1.8672620825036075,-0.06050222627663814,1.5439284444284078,2.4479806014246033,0.530246896623546,1.4326391194506924,1.3272788740888686,1.4692457333724311,0.2562252251900455,0.9946031870738007,0.27288993155899965,0.288743873063089,-1.4078617095947266,3.4207615852355957,1.5509471893310547,-3.54,0.39,1.65
1743704479.399263,2c08d2cc-7a1c-9d34-25ea-6265acb43d72,bf69200b-6c85-1c89-57aa-92b09406b3bd,21,-72.0,-74.0,-74.0,-84.0,-62.0,-47.0,-47.0,-3.032399853103236,-0.8808591726713386,-1.9244283000407578,-0.08522275277918967,1.0540354074884606,2.4213826214484633,0.5634615742392258,1.409118480177276,1.324256053093574,1.4492974583852467,0.26016315827016157,0.6690271013834441,0.22588577192157872,0.2680787108041215,-1.390673041343689,3.491290807723999,1.5880156755447388,-3.54,0.39,1.65
1743704480.397376,2c08d2cc-7a1c-9d34-25ea-6265acb43d72,d345abc2-b325-edd2-f997-0b58824d5e10,23,-73.0,-73.0,-76.0,-81.0,-61.0,-47.0,-48.0,-2.926162628794449,-0.8533838723372091,-1.9348725520457761,-0.10929400060797986,0.9305683935921855,2.3888727449403135,0.5689034036607464,1.394390400400811,1.265357981899545,1.3768554819934569,0.2823618876022466,0.5232471050777611,0.20629867989440479,0.29753926357473964,-1.379491925239563,3.522827625274658,1.6339173316955566,-3.54,0.39,1.65
1743704481.410922,2c08d2cc-7a1c-9d34-25ea-6265acb43d72,43fae87c-cbb6-fdaf-947c-17963415ad4a,10,-64.0,-72.0,-69.0,-70.0,-64.0,-49.0,-53.0,-2.8947543721624904,-0.8706134593255856,-2.0547133363607424,-0.11977194160078762,0.7618082266996197,2.441516907407209,0.5812989281586235,1.4158705256470085,1.1943217550891532,1.4019942579452052,0.3424176682116466,0.6263827708519937,0.21588345326478597,0.265157507014371,-1.3694826364517212,3.53772759437561,1.675808310508728,-3.54,0.39,1.65
1743704482.407894,2c08d2cc-7a1c-9d34-25ea-6265acb43d72,61b16d8b-1de9-5cf3-008f-51c942849743,17,-70.0,-70.0,-70.0,-82.0,-62.0,-47.0,-46.0,-2.939319976159986,-0.8396768485226802,-2.092990950708451,0.00017683389638126142,0.8397544583600745,2.4439009458015954,0.525311680565649,1.4012634865420874,1.173304487240411,1.4585926895379506,0.2862127852489875,0.36791409471873376,0.202521746209891,0.2585862428992977,-1.3616441488265991,3.529188632965088,1.702407717704773,-3.54,0.39,1.65
1743704483.398491,2c08d2cc-7a1c-9d34-25ea-6265acb43d72,2b1388d3-3883-7a60-fb37-6f546618945a,5,-63.0,-75.0,-69.0,nan,-55.0,-50.0,-47.0,-2.998641889441501,-0.8624889537880811,-2.130969625223799,nan,0.7699868852124345,1.6268609530142784,0.5230714583517929,1.3829365440265435,1.1164956659215497,1.4173804048270287,nan,0.5266008451167369,0.8188362601250667,0.2434763183918444,-1.3623042106628418,3.527564764022827,1.728831171989441,-3.54,0.39,1.65
1743704484.39734,2c08d2cc-7a1c-9d34-25ea-6265acb43d72,d9171629-340a-c190-fb6b-0d83144c0e8a,26,-68.0,-77.0,-81.0,-80.0,nan,nan,nan,-3.114181002805717,-0.8239154622432643,-2.2475199408539175,-0.014778147204958701,nan,nan,nan,1.359975701214262,1.0925714245849318,1.4489171589815837,0.32564691058957695,nan,nan,nan,nan,nan,nan,-3.54,0.39,1.65
1743704485.398731,2c08d2cc-7a1c-9d34-25ea-6265acb43d72,0d60570a-88aa-d47b-cea4-a990d6b64217,27,-67.0,-79.0,-79.0,-79.0,-66.0,-47.0,-57.0,3.0755473238202637,-0.8525809292685502,-2.2963932079146154,-0.09665277386170076,1.8308834464075237,2.180804549664987,0.41935039322998136,1.2894707750413406,1.1133278358049004,1.4792289921927566,0.29811997821981356,0.8800815374328602,0.6157022999751,0.4026359190855017,-1.3683335781097412,3.4918227195739746,1.7698050737380981,-3.54,0.39,1.65
1743704486.396356,2c08d2cc-7a1c-9d34-25ea-6265acb43d72,59c9a66b-99df-cd0a-cdae-b57dc717a2b8,24,-70.0,-73.0,-79.0,-81.0,-68.0,-47.0,-50.0,2.9915134061516855,-0.8682277996210928,-1.9391779514220528,-0.10470617299810035,1.09780319868726,2.3032599776510425,0.46340104677935007,1.391023099518515,1.0154489425773272,1.3805574090667214,0.25109489502136,0.6299491989363536,0.40968866224152034,0.4276581049375352,-1.372904896736145,3.414442300796509,1.788096308708191,-3.54,0.39,1.65
1743704487.398611,2c08d2cc-7a1c-9d34-25ea-6265acb43d72,07641d74-0e39-cc22-f570-8f4ded191f0c,27,-67.0,nan,nan,-78.0,nan,nan,nan,2.9050496203045193,nan,nan,0.029839122117683817,nan,nan,nan,1.284941270659334,nan,nan,0.3134262635584486,nan,nan,nan,nan,nan,nan,-3.54,0.39,1.65
1743704488.410925,2c08d2cc-7a1c-9d34-25ea-6265acb43d72,121a2f90-a196-8fbe-b09b-2eb38d8339fc,7,-64.0,-74.0,-69.0,-74.0,-65.0,-49.0,-50.0,-3.1080682491556577,-0.8814187028163643,-2.0336683716366633,-0.19009084597156686,0.9375202938167212,1.4101987780763112,0.48143199527326835,1.2852587194612712,1.0500842180811618,1.482299616929618,0.24278884512129592,0.7016785693416083,0.7901850882008846,0.3279457931522917,-1.3509029150009155,3.3885128498077393,1.84003221988678,-3.54,0.39,1.65
1743704489.406279,2c08d2cc-7a1c-9d34-25ea-6265acb43d72,31783a84-1ffe-2f47-3cc8-acf17ff3193f,36,-71.0,-75.0,-83.0,-78.0,-57.0,-45.0,-49.0,-3.050593504406222,-0.863598959330426,-1.9452531545007414,-0.145998485699779,0.9242878940004574,2.084317110900558,0.3393270337714695,1.097470642305269,1.2014321288835554,1.4471689268840016,0.19923166371531625,0.6060027454984174,0.6476188775777794,0.3807397912665666,-1.3499155044555664,3.2243170738220215,1.866503357887268,-3.54,0.39,1.65
1743704490.411477,2c08d2cc-7a1c-9d34-25ea-6265acb43d72,9f01a21f-e494-857f-90ca-6a009987e1d6,23,-72.0,-73.0,-78.0,-81.0,-66.0,-47.0,-49.0,-3.114232668130864,-0.8254238766846852,-1.6459396806384088,-0.19443366276115906,0.19063617378471218,2.2853995257023123,0.48143199527326835,1.2089429089478518,1.135499983460355,1.2822215173960905,0.1963244572008449,0.9864561217860606,0.4443586694780055,0.3279457931522917,-1.3540828227996826,3.084174871444702,1.881988763809204,-3.54,0.39,1.65
1743704491.40327,2c08d2cc-7a1c-9d34-25ea-6265acb43d72,49d76527-0ea3-1f12-1974-ff352baf24f9,15,-74.0,-72.0,-69.0,-80.0,-67.0,-48.0,-46.0,3.1228189658013883,-0.8425988688707152,-1.6818743790171207,-0.15444976110303638,0.6949772713942042,2.399389790067566,0.47386074236282993,1.0910523574991506,1.1081098377020808,1.4992594256995697,0.20631746984866284,0.5089906099446901,0.3734694681227302,0.281443490671161,-1.3486545085906982,2.902198314666748,1.8888280391693115,-3.54,0.39,1.65
1743704492.410719,2c08d2cc-7a1c-9d34-25ea-6265acb43d72,4b7a07fc-455a-12bf-ac78-70fab019f8a1,22,-75.0,-73.0,-76.0,-84.0,-61.0,-47.0,-47.0,3.130031338665541,-0.8272627894173848,-1.621768164794577,-0.22155689319918007,0.7623214779651307,2.388411596444874,0.5787761942400539,1.2106709010211496,1.1496160688183201,1.4298700977072827,0.1951757026646392,0.4244554517313751,0.2866277682421222,0.25055871605811597,-1.3393691778182983,2.7093749046325684,1.857743740081787,-3.54,0.39,1.65
1743704493.406669,2c08d2cc-7a1c-9d34-25ea-6265acb43d72,8e63b5db-0940-e7a7-8919-db94b778cc77,30,-69.0,-74.0,-74.0,-76.0,nan,-46.0,nan,3.1274832261345535,-0.8301435307685235,-1.7460941118594002,-0.09036691474078672,nan,2.3835457832150087,nan,0.9108452347021674,1.182506774071071,1.5104341827915966,0.21773534025870045,nan,0.23171228242386108,nan,-1.3297271728515625,2.5200798511505127,1.85635507106781,-3.54,0.39,1.65
1743704494.398128,2c08d2cc-7a1c-9d34-25ea-6265acb43d72,e162134c-bc94-6c57-40a8-a3cb25b1b5b7,14,-72.0,-72.0,-71.0,nan,nan,-47.0,-47.0,3.086472143243987,-0.8568023059124348,-1.7550942647633232,nan,nan,2.430142509700154,0.5408731702897245,0.7997324948067454,1.2699239715884858,1.4844567774125823,nan,nan,0.3395127919812495,0.24103615191485675,nan,nan,nan,-3.54,0.39,1.65
1743704495.407895,2c08d2cc-7a1c-9d34-25ea-6265acb43d72,38a8a1ee-adeb-a321-1de1-8ca28a5db0d3,4,-63.0,-76.0,-68.0,-80.0,-53.0,-51.0,-50.0,-2.9990102046202587,-0.8913102157371365,-2.0400192118881755,-0.09121806102517606,0.7148118576106433,1.6920676501514076,0.5564799749609184,0.633908505846035,1.3303528277770926,1.444673278626488,0.21876421925633893,0.5488778613372913,0.7779718219334169,0.22371259444719951,-1.3323463201522827,2.380575656890869,1.857490062713623,-3.54,0.39,1.65
1743704496.399614,2c08d2cc-7a1c-9d34-25ea-6265acb43d72,119f3e5b-5ac2-33ce-84a4-a5fece4c7625,22,-75.0,-73.0,-75.0,-85.0,-63.0,-45.0,-47.0,-3.011984060186689,-0.87576374655769,-2.144424181366988,-0.1316685485062806,0.8326147736242475,2.167541384000756,0.5787761942400539,0.6420267529549781,1.2738922147707588,1.4522742066936831,0.24982461711566262,0.4403436531459905,0.5738777189471881,0.25055871605811597,-1.3507795333862305,2.2534356117248535,1.8531843423843384,-3.54,0.39,1.65
1743704497.398228,2c08d2cc-7a1c-9d34-25ea-6265acb43d72,e1dfcb71-372d-7039-86f6-83bc2f503056,23,-75.0,-73.0,-78.0,-80.0,-65.0,-46.0,-49.0,-2.9929254141616455,-0.8593243194647399,-1.9512033221662508,-0.1108676624961077,0.9376702712557806,2.2914242764487844,0.6118598480801977,0.6691044433383587,1.28328198814216,1.3713970670232305,0.25319656188510964,0.26920202807200816,0.39108532480379576,0.23055073834602474,-1.3643405437469482,2.1676461696624756,1.837951421737671,-3.54,0.39,1.65
1743704498.40723,2c08d2cc-7a1c-9d34-25ea-6265acb43d72,f533df78-47b2-5005-1d7b-ada24b2f165e,7,-63.0,-77.0,-69.0,-75.0,-61.0,-48.0,-50.0,-2.9485590146136884,-0.864673012198055,-1.9612805905730564,-0.01077994346042274,0.8903940448693058,1.4276638851325056,0.5742015814051957,0.7282425319256309,1.2441569559355878,1.427561802832456,0.3627438124679992,0.5004395108068708,0.7928256220591681,0.22129271579188758,-1.4053573608398438,2.122142791748047,1.802457571029663,-3.54,0.39,1.65
1743704499.398196,2c08d2cc-7a1c-9d34-25ea-6265acb43d72,5ba2f862-ff07-a51f-4866-110c90fb8e12,7,-63.0,-76.0,-69.0,-75.0,-61.0,-48.0,-51.0,-2.910450777311309,-0.8742747731922266,-2.0111626630546766,-0.18829614171296247,0.8446695959830679,0.9648479778695344,0.5387391191808478,0.6896783614446297,1.2020192227458637,1.4165730675425714,0.35127990266061687,0.6354029212636298,0.5640031835757151,0.22606446323262902,-1.4712495803833008,2.086219549179077,1.7299952507019043,-3.54,0.39,1.65
1743704500.398416,2c08d2cc-7a1c-9d34-25ea-6265acb43d72,232623b3-f7cb-ee6a-92a5-71f796ebe8f3,33,-70.0,-75.0,-74.0,-80.0,-59.0,-45.0,-49.0,-2.996757170338052,-0.8717820544119126,-2.0563161598628064,-0.11599904128447237,1.7920641813396343,1.8552400757380085,0.4267340837485611,0.5554012133611027,1.2528736153414721,1.4698587930553673,0.3645459402881422,0.7600858644355188,0.7426053334482886,0.33617586022351104,-1.4853034019470215,2.13709282875061,1.6892530918121338,-3.54,0.39,1.65
1743704501.411157,2c08d2cc-7a1c-9d34-25ea-6265acb43d72,528695ed-efe9-d161-3c50-5247a40abfa8,13,-72.0,-72.0,-69.0,-75.0,nan,-46.0,-48.0,-3.0363756862946154,-0.900364430811188,-2.125815742724223,-0.11572420305997619,nan,2.2343784439713783,0.49183441023295765,0.5446656448223435,1.3261552864249644,1.4473020849385052,0.3515973514625544,nan,0.6164485823484799,0.27893935852166946,-1.496348261833191,2.1907780170440674,1.6845653057098389,-3.54,0.39,1.65
1743704502.40568,2c08d2cc-7a1c-9d34-25ea-6265acb43d72,28e54098-3c3e-7fb1-de15-2d297ca89ebb,23,-71.0,-73.0,-75.0,-80.0,-68.0,-47.0,-47.0,-3.02801522468453,-0.9472166249206249,-1.8870885178709202,-0.12895931472934297,1.2706778239443128,2.3438279099126724,0.530246896623546,0.46695180789468665,1.2403687424430045,1.4066007276827153,0.40037843986002214,0.4572405373095475,0.4114460850850751,0.288743873063089,-1.5078063011169434,2.3454525470733643,1.6841200590133667,-3.54,0.39,1.65
1743704503.397533,2c08d2cc-7a1c-9d34-25ea-6265acb43d72,5e9bd3c3-1849-5766-872c-1f886b76ba4b,6,-63.0,-79.0,-69.0,-80.0,-57.0,-48.0,-49.0,-2.9566145442789606,-0.9655735279984321,-1.9450337100269188,-0.07689744489549295,1.0394066750294355,1.4045885037336263,0.5431579402599702,0.461606011349057,1.2792863144006597,1.4222988638862417,0.40573915010775624,0.6090169187318043,0.8071939002366276,0.2559879864748815,-1.5008212327957153,2.5225772857666016,1.7195959091186523,-3.54,0.39,1.65
1743704504.399651,2c08d2cc-7a1c-9d34-25ea-6265acb43d72,b8ceddcb-5955-116e-e351-013373b704a5,36,-73.0,-76.0,-78.0,-76.0,-54.0,nan,nan,-3.052248659023706,-1.000451350898546,-2.1412154717276057,-0.07732434961823266,0.8388081387692902,nan,nan,0.4656067118071149,1.4809359452934427,1.5175560081786863,0.4791420948893881,0.4520489253557084,nan,nan,nan,nan,nan,-3.54,0.39,1.65
1743704505.409678,2c08d2cc-7a1c-9d34-25ea-6265acb43d72,7e7e2876-57ce-7a40-ceb2-a437edccb579,10,-66.0,-75.0,-69.0,-72.0,-61.0,-47.0,-51.0,-3.0444972623549216,-1.0684572998625914,-2.2179938733223725,-0.1112271892432684,0.7079460653409663,2.114798482214395,0.5764112367594056,0.47817729820547966,1.4375491895524717,1.452802844170064,0.5730852354999878,0.5356574292716433,0.6728964673945591,0.2359365944739108,-1.5218197107315063,2.665753126144409,1.6936200857162476,-3.54,0.39,1.65
1743704506.412136,2c08d2cc-7a1c-9d34-25ea-6265acb43d72,4600b714-24d2-6986-ab86-2d7623dd40d4,19,-68.0,-72.0,-71.0,nan,-61.0,-47.0,-45.0,-3.011760088339013,-1.034801867902824,-2.1453665409187126,nan,0.7510629470829031,2.337943781270511,0.5277025752757868,0.38350065645164494,1.3930464361567023,1.4165353838131467,nan,0.3424669259735843,0.4670672855080904,0.2736759010574295,-1.551853895187378,2.8140132427215576,1.64248526096344,-3.54,0.39,1.65
1743704507.398,2c08d2cc-7a1c-9d34-25ea-6265acb43d72,48fca290-5b27-c63f-fbee-0d7fc823e08c,29,-69.0,-76.0,-74.0,-76.0,-69.0,-47.0,nan,-3.140514872296638,-1.0891173046510991,-2.2815319700836465,-0.03023247101068852,0.9924540962304433,2.3594621510830667,nan,0.28551546980706394,1.3705310070367365,1.4226745027579975,0.5416778111058699,0.6450229692362162,0.3194733207224177,nan,-1.5534688234329224,2.9872395992279053,1.6273473501205444,-3.54,0.39,1.65
1743704508.397867,2c08d2cc-7a1c-9d34-25ea-6265acb43d72,9a6c47e6-f93b-4f66-3aad-4b30a2651f65,14,-68.0,-73.0,-70.0,nan,-62.0,-47.0,-48.0,-3.0737528858777687,-1.0799172815073657,-2.040808572835275,nan,0.9686107234174017,2.399389790067566,0.4874046691000955,0.2643484324365188,1.2342685056500693,1.4222914070351893,nan,0.37759700748377106,0.3734694681227302,0.2481331162549293,-1.5626362562179565,3.162886142730713,1.5694501399993896,-3.54,0.39,1.65
1743704509.407115,2c08d2cc-7a1c-9d34-25ea-6265acb43d72,c144199c-e15d-033c-88a2-162fe0d914ce,27,-68.0,-81.0,-79.0,-77.0,-79.0,-47.0,-57.0,-3.1333293973594953,-1.0872126118394743,-2.02834870735923,-0.10475251200106774,1.1182883360689206,2.4060230205400406,0.447678127555163,0.26986906550771217,1.2693242277110002,1.4741635266413713,0.5476463212933874,0.6881889126289218,0.29105738656828967,0.3492787032066267,-1.522653341293335,3.3587100505828857,1.5812664031982422,-3.54,0.39,1.65
1743704510.398805,2c08d2cc-7a1c-9d34-25ea-6265acb43d72,825feceb-a527-547a-c3d6-4b48fe9804b2,18,-72.0,-72.0,-72.0,-86.0,-60.0,-46.0,-44.0,-3.1189896064699636,-1.0520494312285587,-2.165896183971861,0.053950317362825205,0.9203093185576611,2.436253147724284,0.4450010716035629,0.2585699055032648,1.2556459660362442,1.4617203059221395,0.48031341971583225,0.44191844576892486,0.2425217187353828,0.3335351650824699,-1.4725345373153687,3.55665397644043,1.6129053831100464,-3.54,0.39,1.65
1743704511.399897,2c08d2cc-7a1c-9d34-25ea-6265acb43d72,6a2af39f-3090-c900-61c1-5d907bb7b5ed,23,-73.0,-74.0,-76.0,-78.0,-64.0,-46.0,-47.0,-3.10761657703478,-1.029347580832287,-2.1443598660266625,-0.10422760295021312,0.9520102270592262,2.403824097326796,0.5177196748493481,0.24578107305356806,1.2284421749752483,1.405855575209711,0.4877967692209004,0.38579950850227085,0.22248671693703098,0.32195331844675495,-1.4605563879013062,3.71561861038208,1.6522992849349976,-3.54,0.39,1.65
1743704512.399009,2c08d2cc-7a1c-9d34-25ea-6265acb43d72,c937521f-bc80-56d7-39d3-baff547b2289,1,-63.0,-77.0,-63.0,-70.0,-51.0,-47.0,-50.0,-3.0284487873099946,-1.001043771083034,-2.2943207359543156,-0.05653251835576604,0.7880544591361328,2.3713728376801697,0.5991076181960225,0.3413097931981736,1.2655907421788184,1.425087992495882,0.444083177035149,0.5188838769673912,0.20297934429046777,0.26215596747251263,-1.4599429368972778,3.804699659347534,1.6602020263671875,-3.54,0.39,1.65
1743704513.397574,2c08d2cc-7a1c-9d34-25ea-6265acb43d72,7aa23832-3301-90d6-94bf-9f24c782b70e,13,nan,-72.0,-70.0,-75.0,-66.0,-47.0,-49.0,nan,-0.9623961105018586,-2.266020654630589,-0.019335881094520307,0.9626720049862953,2.4126856070915226,0.5609795818919231,nan,1.3147783954061998,1.4384924812105775,0.49661978862281925,0.28327796140972894,0.26509674028587316,0.25331182493142046,-1.465849757194519,3.838404655456543,1.6631793975830078,-3.54,0.39,1.65
1743704514.407607,2c08d2cc-7a1c-9d34-25ea-6265acb43d72,f28f5250-0fe5-01ed-a923-d04f44161707,11,nan,-72.0,-69.0,-70.0,nan,-47.0,-54.0,nan,-0.9591087044522647,-2.2684968618121446,-0.053877346748957035,nan,2.4213826214484633,0.5941468827966135,nan,1.3641448799007807,1.4364126855572803,0.5004242473980519,nan,0.22588577192157872,0.2332789932122024,-1.4865697622299194,3.875213623046875,1.6694045066833496,-3.54,0.39,1.65
1743704515.397662,2c08d2cc-7a1c-9d34-25ea-6265acb43d72,ec2f2d04-a27e-cd51-e74d-5afdf06db058,10,nan,-74.0,-69.0,-70.0,-63.0,-47.0,-53.0,nan,-0.93241464242391,-2.2255147733988108,-0.10818612559450691,0.774417117641459,2.441516907407209,0.6272480081246137,nan,1.3384413806398814,1.4017626960884226,0.5520065817881196,0.4940968454500311,0.21588345326478597,0.21363345763743144,-1.48579478263855,3.972745418548584,1.70389461517334,-3.54,0.39,1.65
1743704516.397226,2c08d2cc-7a1c-9d34-25ea-6265acb43d72,d5dd422b-2691-4ccc-0a93-4fed80129c49,25,nan,-78.0,-80.0,-78.0,-69.0,-47.0,-54.0,nan,-0.9082073070634168,-2.300771977378924,-0.11178725202051204,0.9602412775881299,2.4063967553456465,0.604717735745643,nan,1.2027469315137278,1.4698464093562984,0.5370931127102713,0.4346550316490766,0.20955653115050962,0.2909289140754718,-1.4599038362503052,4.056519508361816,1.7783870697021484,-3.54,0.39,1.65
1743704517.399659,2c08d2cc-7a1c-9d34-25ea-6265acb43d72,463a2148-1560-1e89-dfeb-6fed60fdc4be,18,nan,-72.0,-72.0,-85.0,-60.0,-47.0,-45.0,nan,-0.9129874149040001,-2.252444658341692,-0.04146382027587969,0.8946752779564991,2.4263420344126816,0.5149180189031142,nan,1.2473793808545839,1.4434540834794496,0.5637023863474206,0.308656538825561,0.19958939241581453,0.3067750866746816,-1.4442955255508423,4.105374336242676,1.8143123388290405,-3.54,0.39,1.65
1743704518.399298,2c08d2cc-7a1c-9d34-25ea-6265acb43d72,2ccf92aa-ed62-410e-e81f-0b12953f753f,26,-68.0,-80.0,-81.0,-78.0,-77.0,-47.0,-58.0,2.6236504321468224,-0.8873793899681796,-2.2313773230644567,-0.05176972106226832,1.0951907610415925,2.408804152588739,0.5238070927293309,1.452365286802964,1.1906713601829815,1.4532305478411305,0.5133785953094971,0.6511591895082608,0.19659719634663658,0.35223357451245974,-1.4182565212249756,4.148059844970703,1.8817448616027832,-3.54,0.39,1.65
1743704519.398286,2c08d2cc-7a1c-9d34-25ea-6265acb43d72,1b2d6703-139d-9976-d975-aa7dbfe0812f,3,-63.0,-76.0,-66.0,-74.0,-52.0,-52.0,-49.0,2.7560473552112397,-0.9064367044126777,-2.2086147525953312,-0.123077989778012,0.9258051643339722,2.3388638453002755,0.5839820887606363,1.4369619625321093,1.2669943612313446,1.417101438702843,0.3093347160177054,0.6912673266190509,0.18405004137905576,0.2797313525838144,-1.4264812469482422,4.1347880363464355,1.9161187410354614,-3.54,0.39,1.65
1743704520.399389,2c08d2cc-7a1c-9d34-25ea-6265acb43d72,4c9d7ec3-da7f-7b2b-fb10-0e52f1f19014,34,-71.0,-75.0,-75.0,-79.0,-55.0,-46.0,-48.0,2.307189662973797,-0.9145221946402127,-2.2932235135852035,-0.11763502114210805,0.756362540682201,2.3563172120550138,0.4293304029693865,1.409636065535133,1.4219534518928585,1.4702996793738299,0.3200173542297993,0.5013739587438996,0.18727154426891499,0.35205467438507293,-1.4356040954589844,4.104669570922852,1.9581255912780762,-3.54,0.39,1.65
1743704521.399111,2c08d2cc-7a1c-9d34-25ea-6265acb43d72,8b3cec7a-ea24-95e0-ac69-2ad01e2a972c,6,-64.0,-81.0,-70.0,-79.0,-56.0,-48.0,-47.0,3.1195885513991226,-0.9125088448561128,-2.3419753405001935,-0.06972129102216545,0.7618082266996197,1.570796326650941,0.49183441023295765,1.339336602240311,1.3759337619401801,1.4345316948793574,0.2681241124272218,0.6263827708519937,0.8028514559173917,0.27893935852166946,-1.4550528526306152,4.00069522857666,1.9579297304153442,-3.54,0.39,1.65
1743704522.398301,2c08d2cc-7a1c-9d34-25ea-6265acb43d72,c338c80c-4c83-0801-d0d3-0e22ec96cfdb,18,-71.0,-72.0,-72.0,nan,-60.0,-45.0,-45.0,-2.794977444026018,-0.9048420035519382,-2.3448318470854126,nan,0.7696083917014737,2.159986424757013,0.4424708064699736,1.3565711160767047,1.3145505619749438,1.427461534817415,nan,0.3930658123150711,0.6354029213360173,0.31777206656003,-1.4784607887268066,3.8881478309631348,1.908761739730835,-3.54,0.39,1.65
1743704523.410306,2c08d2cc-7a1c-9d34-25ea-6265acb43d72,d0870ef6-2113-92eb-27e9-8646307357b6,32,-71.0,-74.0,-74.0,-76.0,nan,-46.0,nan,-2.7619414633358033,-0.9431944527262783,-2.3918414340152734,0.16718073637805117,nan,2.2975196969487004,nan,1.4163138088104523,1.3479415420384664,1.4692823518374196,0.24580036432671434,nan,0.4213226574205145,nan,nan,nan,nan,-3.54,0.39,1.65
1743704524.4082,2c08d2cc-7a1c-9d34-25ea-6265acb43d72,d68a57a1-4fcd-58ef-2a91-84f6b893dc10,11,-69.0,-72.0,-70.0,-71.0,-65.0,-47.0,-53.0,-2.7735360677736813,-0.951873295244683,-2.420435794639454,-0.011561847556470004,0.6651361848977445,2.3810143421540673,0.5431579402599702,1.3976146895325698,1.3908581166889842,1.4729248904183758,0.2254477049727586,0.5835339434581914,0.31200562032730145,0.2559879864748815,-1.497602105140686,3.735750913619995,1.8706847429275513,-3.54,0.39,1.65
1743704525.411938,2c08d2cc-7a1c-9d34-25ea-6265acb43d72,1212445d-8335-607b-bb6f-23fe86ce1728,2,-62.0,-75.0,-65.0,-72.0,nan,nan,nan,-2.8274965051486487,-0.9202252209565629,-2.3744238278539376,-0.1284993868090863,nan,nan,nan,1.3923916980027065,1.3827824801574826,1.4524345289913059,0.18413248908570531,nan,nan,nan,nan,nan,nan,-3.54,0.39,1.65
1743704526.397473,2c08d2cc-7a1c-9d34-25ea-6265acb43d72,ee0b1229-3eed-279a-9568-7a0d414e8591,21,-74.0,-75.0,-74.0,-84.0,-63.0,-45.0,-46.0,-2.70759593286721,-0.9121208222852882,-2.236617491983351,-0.17760035414298622,0.8081570901983913,2.395095080674081,0.5481899921055748,1.4572121068288535,1.3397591127472523,1.40957507914617,0.22961187358747692,0.3384523429873006,0.26108183817190533,0.28582626743328227,-1.5253920555114746,3.5456666946411133,1.8193823099136353,-3.54,0.39,1.65
1743704527.413965,2c08d2cc-7a1c-9d34-25ea-6265acb43d72,2a3fb165-361e-b54c-dab1-a9453680b0df,30,-69.0,-75.0,-74.0,-74.0,-63.0,nan,-52.0,-2.713806690845384,-0.9281071125187613,-2.3561825059674395,-0.041451836050974335,-0.7881447313394686,nan,0.4267340837485611,1.4358386411843138,1.3752117789686598,1.484500320096405,0.27133714970337514,1.4228358267027321,nan,0.33617586022351104,-1.5217654705047607,3.3701539039611816,1.8049156665802,-3.54,0.39,1.65
1743704528.400305,2c08d2cc-7a1c-9d34-25ea-6265acb43d72,49579892-9462-4bfb-270e-90abcc1b3368,29,nan,-77.0,-75.0,-75.0,nan,nan,nan,nan,-0.9504816604170621,-2.389172147654687,0.1631234104573155,nan,nan,nan,nan,1.3609361702613991,1.4943357734762313,0.1892753860457846,nan,nan,nan,nan,nan,nan,-3.54,0.39,1.65
1743704529.397075,2c08d2cc-7a1c-9d34-25ea-6265acb43d72,7d689a24-d479-716f-0314-117f0ee30adf,24,nan,-75.0,-79.0,-78.0,-66.0,-49.0,-51.0,nan,-0.9815140118611558,-2.416259425417992,0.1959577898530114,0.6702621044545187,2.3862928180409146,0.48724408971344146,nan,1.3729129383157033,1.4779677191004952,0.2764174124435671,0.7512469326375589,0.21902141434409605,0.35883835071695724,-1.5352717638015747,3.179797887802124,1.7641756534576416,-3.54,0.39,1.65
1743704530.398673,2c08d2cc-7a1c-9d34-25ea-6265acb43d72,8417299f-7bfc-61f3-aa37-d2e5c810d9bf,21,nan,-74.0,-75.0,-85.0,-64.0,-47.0,-46.0,nan,-0.9658536925451084,-2.247649636799004,0.0013992248367276318,0.8153333882898302,2.3888727449403135,0.5206814979109962,nan,1.3054012720499768,1.3892048262842631,0.24529401417970623,0.4047693502033382,0.20629867989440479,0.3371066595916221,-1.569254994392395,2.968040704727173,1.7080577611923218,-3.54,0.39,1.65
1743704531.400571,2c08d2cc-7a1c-9d34-25ea-6265acb43d72,538380ca-4573-a86d-6d81-ae608cc45354,15,nan,-73.0,-70.0,-82.0,-66.0,-47.0,-47.0,nan,-0.9650206557561317,-2.3481501458036513,-0.0069178272475898285,0.967894107615081,2.4236807916505785,0.4558614806724139,nan,1.293264581172213,1.4433287817501617,0.158778746099717,0.24729301257516567,0.2954015193269419,0.28386130601743353,-1.6173452138900757,2.7154762744903564,1.6562755107879639,-3.54,0.39,1.65
1743704532.409044,2c08d2cc-7a1c-9d34-25ea-6265acb43d72,8abc40d0-43da-1a09-6f9f-343f734ebdc0,5,nan,-85.0,-69.0,-91.0,-54.0,-50.0,-48.0,nan,-0.9431053699878151,-2.0917160954946303,-0.07678745634247269,0.82773168185658,1.51473170028318,0.5431579402599702,nan,1.331824623753525,1.4102998584368351,0.0941717397006693,0.47146905993865784,0.8188362601168818,0.2559879864748815,-1.654613971710205,2.456825017929077,1.5881290435791016,-3.54,0.39,1.65
1743704533.411422,2c08d2cc-7a1c-9d34-25ea-6265acb43d72,2f1e0cf2-0862-c5f1-9510-a58c5b136e0b,30,-70.0,-75.0,-74.0,-76.0,-66.0,-46.0,-52.0,-3.139034687362772,-0.9170942756210111,-2.4742135391636424,0.017461015687104526,1.3258754087831748,2.117566046431918,0.4424708064699736,0.3887325695711601,1.4072908858792093,1.3643418206633924,0.11599836717182144,0.7355410978333765,0.6211344897971417,0.31777206656003,-1.7029516696929932,2.2246246337890625,1.51657772064209,-3.54,0.39,1.65
1743704534.408686,2c08d2cc-7a1c-9d34-25ea-6265acb43d72,894a7629-6558-1d07-11d1-c6acf2c449b4,29,-69.0,-77.0,-75.0,-77.0,-67.0,-46.0,-53.0,3.0612568014108987,-0.9188761967063834,-2.5261361256724815,0.17556223696074857,1.4006522079905523,2.2915673874288753,0.3740714471829928,0.3351814267662242,1.4281395756309487,1.465987355778719,0.09331545850880318,0.7166160022336928,0.43288039502454456,0.3597230802959842,-1.726933240890503,2.1566662788391113,1.468339204788208,-3.54,0.39,1.65
1743704535.411415,2c08d2cc-7a1c-9d34-25ea-6265acb43d72,b9b52d24-2543-b641-fe06-0a82f2a1651d,4,-63.0,-80.0,-68.0,-80.0,-53.0,-51.0,-49.0,-3.103845274615119,-0.9457283173454342,-2.3396203071482367,0.00759879753832309,1.0897903948852232,2.2298190400365794,0.49183441023295765,0.26331925383325766,1.3530655971338335,1.409307165140508,0.08041602997246249,0.7814837131955118,0.3024339459997411,0.27893935852166946,-1.7414871454238892,2.1161956787109375,1.4740397930145264,-3.54,0.39,1.65
1743704536.398697,2c08d2cc-7a1c-9d34-25ea-6265acb43d72,a22c012f-b496-b5fd-d02d-258b69951e74,22,-74.0,-75.0,-75.0,-81.0,-62.0,-47.0,-47.0,-3.090019207499864,-0.9547247418238307,-2.3771900532782024,-0.04254772683954194,0.9799409404642503,2.3044660953791753,0.530246896623546,0.3196079597912269,1.3293759802892515,1.4557926419678413,0.14488004126572976,0.4935507627510729,0.2515890493175618,0.288743873063089,-1.8000764846801758,2.0486085414886475,1.470849871635437,-3.54,0.39,1.65
1743704537.407056,2c08d2cc-7a1c-9d34-25ea-6265acb43d72,a9dfa09b-bb7d-a60b-7e20-1e9f2a5cf858,29,-69.0,-77.0,-75.0,-75.0,-68.0,-47.0,-53.0,-3.128452084139124,-0.9429248076659076,-2.388609421716353,-0.07486385508710845,1.1345051786954532,2.331114119231455,0.41094595835940334,0.30475797381586334,1.3382083540444991,1.470329506778039,0.15024750928472994,0.6318367466337668,0.22028527386980573,0.35472146586225667,-1.8187799453735352,2.1152234077453613,1.498378872871399,-3.54,0.39,1.65
1743704538.411829,2c08d2cc-7a1c-9d34-25ea-6265acb43d72,b568b406-2443-0c74-b2cc-8c5993c3bb90,10,-65.0,-75.0,-69.0,-71.0,-61.0,-47.0,-52.0,3.132492099512774,-0.9488921527204482,-2.4693884239006367,-0.19273696283066957,0.9495883139127221,2.3888727449403135,0.5455959718264359,0.35772721592261697,1.4321749304726916,1.426992019517234,0.17141554534068387,0.7119225079896784,0.20629867989440479,0.27091852043334386,-1.8793507814407349,2.105983018875122,1.4881234169006348,-3.54,0.39,1.65
1743704539.399031,2c08d2cc-7a1c-9d34-25ea-6265acb43d72,1f7c70eb-8918-a1ea-8a40-952b73777ca6,9,-65.0,-75.0,-69.0,-73.0,-62.0,-46.0,-50.0,3.127570577818308,-0.9042238838629307,-2.5468515242116627,-0.1820531594855987,0.8234166877272356,2.4063967553456465,0.5787761942400539,0.38755162407527816,1.413583003428685,1.4370379957812307,0.28217916146195354,0.7339287660779217,0.20955653115050962,0.25055871605811597,-1.930599331855774,2.091787815093994,1.5053125619888306,-3.54,0.39,1.65
1743704540.398161,2c08d2cc-7a1c-9d34-25ea-6265acb43d72,997b1f2c-745d-deea-78b9-c8f3f357ce1b,29,-68.0,-76.0,-75.0,-75.0,-65.0,-46.0,-53.0,3.1230533239773157,-0.9853099485209004,-2.377345315569754,-0.13795334236275858,1.1375132744253775,2.3912873662033705,0.46063046932698865,0.21202700426492688,1.396983520354221,1.4232143255109564,0.2956321197084888,0.8046055483869,0.19354614957854466,0.3151672832423587,-1.937023401260376,2.19818663597107,1.5596318244934082,-3.54,0.39,1.65
1743704541.39938,2c08d2cc-7a1c-9d34-25ea-6265acb43d72,955fb726-042e-ef0b-5e3b-0396deaeab9a,33,-71.0,-74.0,-73.0,-78.0,-57.0,-46.0,-48.0,2.737403629684031,-0.9381640077432275,-2.2429936322652186,-0.26947887911850193,0.8205863669479447,2.3563172120550138,0.39252591387944874,0.08652929960998254,1.4609162975890446,1.423157600179738,0.27883567922665675,0.5350146296783203,0.18727154426891499,0.3572779605079919,-1.93157684803009,2.2928483486175537,1.6034221649169922,-3.54,0.39,1.65
1743704542.408764,2c08d2cc-7a1c-9d34-25ea-6265acb43d72,ecce8afa-9479-2379-7c1f-74aeb767256d,30,-69.0,-75.0,-74.0,-75.0,-63.0,-47.0,-52.0,2.9727434467888076,-0.9291295000612428,-2.2112295773116255,-0.4691104996952776,1.5127366849267516,2.3563172120550138,0.3417160991877701,0.09437490560232874,1.4510788468384013,1.3817996405571888,0.2835549837706021,0.8362372687972301,0.18727154426891499,0.39719098454559604,-1.921715259552002,2.4719486236572266,1.6610102653503418,-3.54,0.39,1.65
1743704543.399204,2c08d2cc-7a1c-9d34-25ea-6265acb43d72,885994d1-f308-9ef0-3593-539b95f0e4d5,9,-64.0,-76.0,-69.0,-72.0,-62.0,-47.0,-50.0,2.9376893226245304,-0.9712517869166446,-2.2999831490640426,-0.33502806197694923,1.0924445240467504,2.3912873662033705,0.4762360571517407,0.12975118903472124,1.395985633893768,1.435040358647562,0.4274904184424375,0.825884772373351,0.19354614957854466,0.29696428369494277,-1.8849698305130005,2.688204288482666,1.7217401266098022,-3.54,0.39,1.65
1743704544.398272,2c08d2cc-7a1c-9d34-25ea-6265acb43d72,6b2eb72f-2552-a963-cfcb-e41a321349ed,10,-65.0,-75.0,-69.0,-71.0,-63.0,-47.0,-53.0,2.9048275126696064,-1.0021134297348644,-2.339663716674005,-0.3659510906582953,0.8473239103467896,2.4263420344126816,0.5787761942400539,0.11318244882609094,1.2693256924495995,1.4796156831830363,0.6736963988479278,0.7573506842663644,0.19958939241581453,0.25055871605811597,-1.8411767482757568,2.8526182174682617,1.7866698503494263,-3.54,0.39,1.65
1743704545.398896,2c08d2cc-7a1c-9d34-25ea-6265acb43d72,b7b854a4-fbaf-2d8e-41d7-1d941171b51c,3,-63.0,-76.0,-66.0,-74.0,-52.0,-52.0,-49.0,-2.931989358943434,-0.8322490259263402,-2.2540095317982227,-0.09713294180624205,0.7622676677972198,2.3040203415324974,0.5941468827966135,0.17591240935458036,1.17458932930832,1.416639779727878,0.27087487487240786,0.7290267871417849,0.17744387549629217,0.2332789932122024,-1.805672526359558,2.995849609375,1.8405259847640991,-3.54,0.39,1.65
1743704546.399597,2c08d2cc-7a1c-9d34-25ea-6265acb43d72,61e0308d-9c51-ee8f-65d0-d21d992030ff,30,-69.0,-75.0,-73.0,-76.0,-62.0,-44.0,-52.0,-3.1154566569678646,-0.8485369191532649,-2.379928581827131,-0.05536871695940141,-2.6679612156067973,2.3214315763746334,0.46063046932698865,0.17735612562626912,1.1736283276289647,1.483582461626709,0.2710530902836046,1.2207226084042704,0.18077379809480634,0.3151672832423587,-1.7317594289779663,3.200822353363037,1.893450379371643,-3.54,0.39,1.65
1743704547.412382,2c08d2cc-7a1c-9d34-25ea-6265acb43d72,dbefe068-627c-7f46-92d1-4306a86aeb83,8,-64.0,-75.0,-69.0,-75.0,-64.0,-47.0,-50.0,-3.1317168533194524,-0.8780676472167176,-2.3984388829837266,-0.05805531386707335,0.9259187899783381,2.3563172120550138,0.5074412478488604,0.21242870882585174,1.216000418994616,1.4733844188644687,0.31182830032537384,1.2854605559506473,0.18727154426891499,0.26110565959005283,-1.6865984201431274,3.3156418800354,1.9252002239227295,-3.54,0.39,1.65
1743704548.410915,2c08d2cc-7a1c-9d34-25ea-6265acb43d72,a1b5f469-835c-91ea-eb40-373da6f2b2bc,7,-63.0,-75.0,-69.0,-78.0,-60.0,-47.0,-50.0,-3.141520748240361,-0.8896907474782593,-2.285814865748712,-0.1196670130538385,0.7820551301198174,2.3563172120550138,0.5230714583517929,0.2291558904745849,1.2028858153645754,1.4367535701768102,0.39334496484209563,1.0103625192291212,0.18727154426891499,0.2434763183918444,-1.62977397441864,3.4919605255126953,1.952953815460205,-3.54,0.39,1.65
1743704549.411062,2c08d2cc-7a1c-9d34-25ea-6265acb43d72,71b693a5-2776-1cab-21dc-d41835854528,6,-63.0,-80.0,-69.0,-83.0,-56.0,-48.0,-46.0,-2.9762963699990816,-0.8874363816155072,-2.4865618181900127,-0.1149750558453369,0.8161233381980032,1.570796326650941,0.5586532194545794,0.33742697090786544,1.2089303920907282,1.468286729063894,0.25908084960315336,0.8705058823718873,0.8028514559173917,0.23852261588134166,-1.55975079536438,3.670990228652954,1.9721269607543945,-3.54,0.39,1.65
1743704550.400363,2c08d2cc-7a1c-9d34-25ea-6265acb43d72,20066547-9da1-a69d-b224-479bd147f9e7,16,-74.0,-72.0,-70.0,-91.0,-62.0,-47.0,-46.0,-2.8865345254579613,-0.8786301068389422,-2.402652003828232,-0.09712015863300966,0.82773168185658,2.1763418672828605,0.47386074236282993,0.2977326547287752,1.213857240107375,1.464807309099705,0.23140178415611917,0.47146905993865784,0.6469278571798626,0.281443490671161,-1.527985692024231,3.666938304901123,1.9465770721435547,-3.54,0.39,1.65
1743704551.400797,2c08d2cc-7a1c-9d34-25ea-6265acb43d72,d342f352-1c7a-5cb5-38ad-d3de95d3f2ab,23,-76.0,-74.0,-75.0,-80.0,-66.0,-46.0,-49.0,-2.8692689857948683,-0.8915139475605276,-1.978709382010971,-0.09125827475763626,1.0290433191763084,2.314952274379042,0.4995941516477507,0.28538723860057663,1.2176864662807452,1.365300292339712,0.2713732022466321,0.37060703654462,0.4285598380468957,0.32499936181273387,-1.5154049396514893,3.673853635787964,1.8929319381713867,-3.54,0.39,1.65
1743704552.398334,2c08d2cc-7a1c-9d34-25ea-6265acb43d72,f6904d7a-199c-1348-67c9-857be413e3e4,27,-68.0,-80.0,-81.0,-76.0,-66.0,-47.0,-59.0,-2.9606601522908993,-0.878253535860805,-1.9994563390090696,-0.10235726491665048,1.146203817802745,2.3634390046047336,0.4349661848891221,0.2581306337262131,1.2360044872066374,1.4208889864051537,0.2857819856531536,0.639119800622213,0.3070671024916124,0.3837529208362482,-1.4969618320465088,3.711412191390991,1.87295138835907,-3.54,0.39,1.65
1743704553.398429,2c08d2cc-7a1c-9d34-25ea-6265acb43d72,327fab1e-0acc-953f-cb20-181df1c5f174,33,-72.0,-74.0,-74.0,-76.0,-57.0,-46.0,-49.0,-3.1116904145542743,-0.8705332981767744,-2.1351627723601285,-0.18883383393704944,0.8863697283725518,2.3600281990922407,0.3818821011953026,0.22562435577681492,1.2413668952195664,1.4413780162516783,0.2932947963777807,0.4587969641792991,0.25282247149890685,0.408388926140742,-1.5017032623291016,3.631549596786499,1.8546085357666016,-3.54,0.39,1.65
1743704554.401738,2c08d2cc-7a1c-9d34-25ea-6265acb43d72,5f8c4404-787a-e1c4-32fc-7e086c9b86ee,14,nan,-73.0,-70.0,-78.0,-65.0,-47.0,-49.0,nan,-0.8608934539790146,-2.2017500554114884,0.16247999073795233,1.0090962441688238,2.4039139635136944,0.4424708064699736,nan,1.3211394888279089,1.453055444999458,0.3009619705770917,0.4072047091382552,0.3605798816779776,0.31777206656003,-1.5126222372055054,3.59168267250061,1.80385422706604,-3.54,0.39,1.65
1743704555.409191,2c08d2cc-7a1c-9d34-25ea-6265acb43d72,4e29b3c2-d8fb-a0cd-f28c-28feae8c9e05,26,nan,-79.0,-82.0,-78.0,-66.0,-47.0,-57.0,nan,-0.8732643698746506,-2.2788110183979122,0.2714927615348198,1.2860734225509416,2.4094423861646956,0.3687692321946982,nan,1.2720521036155683,1.4855085928851088,0.27086606979605377,0.6075180590722754,0.2780964962353479,0.4436693609948912,-1.508391261100769,3.5823662281036377,1.7492146492004395,-3.54,0.39,1.65
1743704556.409117,2c08d2cc-7a1c-9d34-25ea-6265acb43d72,e211405c-1bf8-4baa-e526-b5292417c81b,9,nan,-75.0,-69.0,-72.0,-64.0,-47.0,-49.0,nan,-0.8996879878943078,-2.334560034760977,0.008878712758215172,0.9711881297428984,2.436253147724284,0.48143199527326835,nan,1.2139977218548768,1.444064746317405,0.2657349906133117,0.6783470433201046,0.2425217187353828,0.3279457931522917,-1.5100129842758179,3.5604660511016846,1.7150474786758423,-3.54,0.39,1.65
1743704557.409394,2c08d2cc-7a1c-9d34-25ea-6265acb43d72,de4547c9-9435-c477-2b57-9eaa13502770,1,nan,-75.0,-63.0,-69.0,-50.0,-48.0,-49.0,nan,-0.856338915882761,-2.3186103629924926,-0.09170914793018665,0.8200423145016947,2.3888727449403135,0.5634615742392258,nan,1.2236016133779204,1.427254873516825,0.2048370352434446,0.7000856601539911,0.20629867989440479,0.2680787108041215,-1.5335501432418823,3.39742636680603,1.6730995178222656,-3.54,0.39,1.65
1743704558.398821,2c08d2cc-7a1c-9d34-25ea-6265acb43d72,5865ec28-46f3-ea6a-658d-4c16f9befeb2,20,nan,-74.0,-73.0,-91.0,-58.0,-48.0,-46.0,nan,-0.8542970702749972,-2.1583535791325383,-0.14503761717847838,0.7952478332746439,2.3888727449403135,0.4995941516477507,nan,1.2164692685045249,1.4264143798767956,0.19169182190562478,0.5311480444262956,0.20629867989440479,0.32499936181273387,-1.5605188608169556,3.18853759765625,1.608951449394226,-3.54,0.39,1.65
1743704559.412061,2c08d2cc-7a1c-9d34-25ea-6265acb43d72,1f1c71e8-5130-3680-9707-59862c2d37a4,27,-69.0,-80.0,-81.0,-77.0,-67.0,-47.0,-56.0,-3.027441313469618,-0.8871173349169158,-2.0852918851550863,-0.13919517437906254,0.9201899557843418,2.3912873662033705,0.41935039322998136,0.877957059452452,1.1768017503839032,1.412386311992858,0.2083630438819527,0.7131295555070717,0.19354614957854466,0.4026359190855017,-1.611422061920166,2.9765865802764893,1.5283929109573364,-3.54,0.39,1.65
1743704560.412603,2c08d2cc-7a1c-9d34-25ea-6265acb43d72,bc84b087-6f9c-58e0-e0fc-6232f39462f5,2,-62.0,-75.0,-64.0,-70.0,-52.0,-49.0,-49.0,-2.79141200395862,-0.9019372937509887,-2.0886032596544912,-0.16610055823991504,0.801105608803829,2.3388638453002755,0.5329475925700558,0.37543986704322047,1.2950125469536866,1.355241932376646,0.12007186347380099,0.7099151805468037,0.18405004137905576,0.3037886970559251,-1.6512527465820312,2.82123851776123,1.4874935150146484,-3.54,0.39,1.65
1743704561.40926,2c08d2cc-7a1c-9d34-25ea-6265acb43d72,2c41d59e-1600-c675-078a-0e228048b38f,1,-62.0,-76.0,-64.0,-69.0,-51.0,-48.0,-50.0,-2.793705518289396,-0.9080461858174669,-2.119350253387783,-0.15509531135127158,0.7316935872477477,2.3388638453002755,0.6168872681467341,0.38429970464720964,1.3174752454840686,1.4363928450071588,0.1463158679226891,0.6905995184912053,0.18405004137905576,0.2590751733522988,-1.656562089920044,2.70172643661499,1.495019555091858,-3.54,0.39,1.65
1743704562.409615,2c08d2cc-7a1c-9d34-25ea-6265acb43d72,c24ea32e-dca1-d7a5-caae-0af6a86a7603,21,-73.0,-74.0,-75.0,-80.0,-62.0,-47.0,-46.0,-2.8120285992213594,-0.8840613575660499,-2.162891871946142,-0.19938980554979654,0.8266547453718781,2.373791714864879,0.5538578629176287,0.30883091251848965,1.2874935110900112,1.4213981828055766,0.16862465238682176,0.5792521870013968,0.19043725859310148,0.3155672369389292,-1.678614854812622,2.4924678802490234,1.478899598121643,-3.54,0.39,1.65
1743704563.401116,2c08d2cc-7a1c-9d34-25ea-6265acb43d72,fc1ba25b-290e-9a32-4cdd-4d534a31e645,19,-70.0,-72.0,-72.0,-90.0,-61.0,-49.0,-45.0,-2.8126075704423426,-0.900301313893353,-2.11489212172299,-0.3081375918182011,0.8036488721580325,2.408804152588739,0.46598807065757036,0.259562498931051,1.3035517066729165,1.4176147630029556,0.130142840162531,0.4670672854455853,0.19659719634663658,0.34639470726297916,-1.6911181211471558,2.3415427207946777,1.4381489753723145,-3.54,0.39,1.65
1743704564.39877,2c08d2cc-7a1c-9d34-25ea-6265acb43d72,2a71fbe8-36da-a01e-23b4-d6dd53a75d37,15,nan,-73.0,-70.0,-85.0,-65.0,-47.0,-47.0,nan,-0.9266239981076962,-2.0109671870306647,-0.33301844061837543,0.8501683769784573,2.4565811054265545,0.4581740225802682,nan,1.270152470810015,1.448304631930865,0.10253181848134836,0.39108532475348934,0.2324805495292073,0.29952349819791896,-1.702519178390503,2.10628080368042,1.4149696826934814,-3.54,0.39,1.65
1743704565.402845,2c08d2cc-7a1c-9d34-25ea-6265acb43d72,1c9871ec-fbc1-606b-d8e5-c0e70f9edd83,11,nan,-71.0,-69.0,-71.0,-67.0,-46.0,-52.0,nan,-0.8964807429935253,-2.046739299424827,-0.27140514353495626,0.7405268085789108,2.4591128847588974,0.5431579402599702,nan,1.3412583392829123,1.45962772709561,0.17827886100971113,0.5545264661193698,0.21895039938253497,0.2559879864748815,-1.71205198764801,1.8730701208114624,1.390878677368164,-3.54,0.39,1.65
1743704566.410013,2c08d2cc-7a1c-9d34-25ea-6265acb43d72,579836a0-4dad-0742-8579-bb2639c0a1f5,15,nan,-72.0,-69.0,-81.0,nan,nan,nan,nan,-0.9232737414563765,-1.846173575095706,-0.2862448097610958,nan,nan,nan,nan,1.282065722472321,1.308542736871834,0.1775927641338795,nan,nan,nan,nan,nan,nan,-3.54,0.39,1.65
1743704567.408138,2c08d2cc-7a1c-9d34-25ea-6265acb43d72,d0a56028-b497-c15a-d6d7-ce98179fa82e,26,nan,-78.0,-82.0,-78.0,-67.0,-47.0,-56.0,nan,-0.8497670332607724,-2.026584895769271,-0.30860124816398393,1.0606929677592989,2.4263420344126816,0.41935039322998136,nan,1.0994758028690166,1.4389938212857851,0.18261521963365993,0.7428327456703718,0.19958939241581453,0.4026359190855017,-1.7277581691741943,1.6501579284667969,1.249834418296814,-3.54,0.39,1.65
