1743702818.321234,2c08d2cc-7a1c-9d34-25ea-6265acb43d72,61381813-05b2-f23f-a71a-0f18077acafd,25,-75.0,-74.0,-80.0,-73.0,-45.0,-58.0,nan,3.108318586298125,-1.9125407478829712,-2.99343168108487,0.3385692672784276,2.3905297063619924,2.8396110315420966,nan,0.25549139115167413,1.3893730049071016,0.7631342698424403,1.3326757700379142,0.34246692602267753,0.3850385529270196,nan,-7.29274845123291,2.7041077613830566,1.3585054874420166,-7.14,3.24,1.65
1743702819.365133,2c08d2cc-7a1c-9d34-25ea-6265acb43d72,e7d8b773-7ba9-6ee0-fff1-eaed386bb843,32,-80.0,-75.0,-74.0,-72.0,-42.0,-57.0,-53.0,3.1067473212549785,-1.9029841274692763,-2.988894187219593,0.5826288064243411,2.4459294586798275,2.593402661375582,-2.7400440568269224,0.19868739681228811,1.395587890784965,0.7536164650016334,1.3625646932679825,0.46245008712454605,0.2858262674814093,0.5051943009884093,-7.326916217803955,2.7011892795562744,1.3232297897338867,-7.14,3.24,1.65
1743702820.364698,2c08d2cc-7a1c-9d34-25ea-6265acb43d72,446ba61b-5df7-b366-c78f-ed61eff0063c,3,-75.0,-82.0,-77.0,-62.0,-43.0,-57.0,-47.0,-3.1098104891407874,-1.963371837819041,-2.999094360510705,0.5050264227883042,2.4402402406027117,2.964098894948099,3.020819389823189,0.23726708020663925,1.3287344247826514,0.6724383881280016,1.3823644970243945,0.47581605890587403,0.4821572719948237,0.5204388676294797,-7.349823474884033,2.7044434547424316,1.2631654739379883,-7.14,3.24,1.65
1743702821.364676,2c08d2cc-7a1c-9d34-25ea-6265acb43d72,be04bd2b-2727-6305-2975-a1122d1fa02c,31,-76.0,-73.0,-74.0,-73.0,-43.0,-57.0,-53.0,-3.113485118812879,-2.0648819511929375,-2.9888086997486014,0.6960131561505738,2.456640144096094,2.660160658218702,-2.8443105278213854,0.17457438728865413,1.4190599273684874,0.6755446326444428,1.3566514103835703,0.43553386997830407,0.3279457932093891,0.4873546138887207,-7.384578227996826,2.7044849395751953,1.1870685815811157,-7.14,3.24,1.65
1743702822.364288,2c08d2cc-7a1c-9d34-25ea-6265acb43d72,7673e0ca-29d8-ec44-2945-4ff9b53f5bf1,5,nan,-75.0,-74.0,-60.0,nan,nan,-49.0,nan,-1.9942663706767232,-3.005896073934768,0.6465430746895889,nan,nan,2.8788980489477853,nan,1.3852179409743597,0.7614836425988093,1.409815695750659,nan,nan,0.3719998008554921,nan,nan,nan,-7.14,3.24,1.65
1743702823.373308,2c08d2cc-7a1c-9d34-25ea-6265acb43d72,50ff9c49-fcdb-d468-36ba-e00477ddec96,9,-72.0,-72.0,-72.0,-62.0,-45.0,-53.0,-54.0,-3.06591147436414,-1.8730370141693897,-2.966381687576826,0.5836208339303957,2.402424890354446,-3.049859805932646,-2.847140534348736,0.45265233060615606,1.4125686053694737,0.7463427062743545,1.399601407705769,0.3039771854415045,0.3129230957920383,0.3183039901224603,-7.408724308013916,2.7061312198638916,1.202451467514038,-7.14,3.24,1.65
1743702824.378862,2c08d2cc-7a1c-9d34-25ea-6265acb43d72,fdd6f944-77a7-1ae5-1499-da1b00d53d36,36,-75.0,-70.0,-80.0,-75.0,-43.0,-60.0,nan,-3.1145277463796446,-1.8906021594551163,-2.9993646713613487,0.5773679980069987,2.4333691945297846,1.4412787350252798,nan,0.4152095839706734,1.4645270113949742,0.698054069651956,1.2866773853739566,0.2557943335899627,1.3067330363859908,nan,-7.421396255493164,2.706904172897339,1.2463877201080322,-7.14,3.24,1.65
1743702825.312676,2c08d2cc-7a1c-9d34-25ea-6265acb43d72,ecbc3dc2-b4b7-122f-b23a-c3a7afb5181a,13,-70.0,-68.0,-75.0,-61.0,-45.0,-59.0,-52.0,-3.0602131085796964,-1.8851163139256621,-2.9776021178815477,0.5517361377794221,2.403824097326796,0.7330068612807271,-2.5809868137323413,0.5357022102519501,1.4952542977361996,0.700456640429371,1.3102564810333002,0.22248671693703098,0.7603978057223624,0.42312195161357635,-7.420880317687988,2.715256690979004,1.1855143308639526,-7.14,3.24,1.65
1743702826.312381,2c08d2cc-7a1c-9d34-25ea-6265acb43d72,eb09d9fd-fa2d-eee7-5288-c683755af1e6,27,-76.0,-74.0,-80.0,-78.0,-45.0,-60.0,-62.0,-3.0742181401202053,-1.999005465836519,-3.027296970138535,0.46688542860451643,2.4060230205400406,1.9634813180281439,-2.428470056669776,0.48902585135348553,1.4546806390546787,0.6726460481140005,1.3542829280681086,0.29105738656828967,0.9599302408320152,0.6644097593335586,-7.41519832611084,2.720853090286255,1.2016702890396118,-7.14,3.24,1.65
1743702827.372933,2c08d2cc-7a1c-9d34-25ea-6265acb43d72,872bab09-ae6d-a291-23e6-5dcb18339704,26,-76.0,-76.0,-79.0,-77.0,-45.0,-60.0,nan,-3.058971809195611,-2.0277473655850904,-3.092571847404705,0.3331561260467325,2.434073831868953,2.332118826772909,nan,0.42978473172154086,1.4451348044433985,0.7135890872387154,1.338348436317837,0.326270848992401,0.6881115980276213,nan,-7.413577556610107,2.7246291637420654,1.259142518043518,-7.14,3.24,1.65
1743702828.365944,2c08d2cc-7a1c-9d34-25ea-6265acb43d72,b2ecaeb3-d655-05a0-c58c-53c612bc38fb,29,-76.0,-72.0,-78.0,-79.0,-44.0,-58.0,-58.0,-3.0850369657325434,-2.1101718018488795,-3.1196689788640426,0.43349418222488495,2.398645242297628,2.4899341813397866,-2.3805389544390687,0.3369987346045807,1.4263298245121856,0.6775420034620022,1.32082230634208,0.316853611697513,0.5079881223140006,0.694537339238645,-7.403756141662598,2.730771780014038,1.3025635480880737,-7.14,3.24,1.65
1743702829.375604,2c08d2cc-7a1c-9d34-25ea-6265acb43d72,c68dec2e-c7db-468b-9137-92b6c049aa9f,11,-73.0,-69.0,-74.0,-61.0,-45.0,-54.0,-52.0,-3.1159770386448664,-1.9420481732868855,-3.0959186419466067,0.3546086875756478,2.3806297245416226,1.3277053292552354,-2.385230112751072,0.37509232452096497,1.4522013692378692,0.7202475891751586,1.314290104820334,0.2443691746417345,0.9385588415847651,0.5013739588138157,-7.396335124969482,2.734909772872925,1.333766222000122,-7.14,3.24,1.65
1743702830.36557,2c08d2cc-7a1c-9d34-25ea-6265acb43d72,e95c21cd-f8f6-6431-cdfb-652c01d66225,9,-73.0,-73.0,-72.0,-62.0,-45.0,-52.0,-55.0,-3.12053423990221,-1.8649296860209161,-3.0298157878975323,0.3028834413035838,2.368788815670728,-3.1086654562017566,-2.408243396155756,0.5241436916468427,1.4134355974623491,0.7392927862366967,1.3553561819874105,0.2154910312616108,1.0120472750571254,0.3476383315534267,-7.38034963607788,2.740173816680908,1.3594478368759155,-7.14,3.24,1.65
1743702831.364673,2c08d2cc-7a1c-9d34-25ea-6265acb43d72,77ce2b45-c720-ccfe-bcd5-2bd7ddcc1584,0,-73.0,-91.0,-81.0,-61.0,-44.0,-56.0,-49.0,-3.1134446387643093,-1.875632264651672,-2.9517596016117458,0.2824111893719267,2.368788815670728,-3.0309317844853254,-2.5285695318644343,0.4002505748381847,1.3330106625449916,0.7512182218609899,1.3741294703016516,0.2154910312616108,0.8871153332898162,0.5686199375347714,-7.384158611297607,2.741074562072754,1.324597954750061,-7.14,3.24,1.65
1743702832.313192,2c08d2cc-7a1c-9d34-25ea-6265acb43d72,8bcd3fcb-13c8-96b9-0f3d-b89ed1650ef9,22,-70.0,-75.0,-77.0,-73.0,-45.0,-60.0,-56.0,-3.0789713500337785,-1.8741829723864507,-2.926878752811571,0.28051475235968126,2.3660379339706337,3.0791846889529237,-2.059171092048839,0.40186911099068034,1.413255967246823,0.7344164717017343,1.3193365287699252,0.22797021592699002,0.5750689196023472,0.885092006478346,-7.366495609283447,2.7461788654327393,1.3165278434753418,-7.14,3.24,1.65
1743702833.365149,2c08d2cc-7a1c-9d34-25ea-6265acb43d72,da7c9e57-8e09-3b78-03b1-c50261e08d0d,31,-78.0,-73.0,-75.0,-74.0,-42.0,-59.0,-54.0,-3.0964443499457888,-1.8184631176373225,-2.938307974945756,0.3129885397437805,2.4260229445196035,2.6881052757657233,-2.28076887046673,0.2760628458339367,1.3952105208585008,0.7535116696127387,1.3658314598191281,0.3527088624858705,0.3807021208866365,0.7131295555893366,-7.356013774871826,2.7525839805603027,1.2789034843444824,-7.14,3.24,1.65
1743702834.36515,2c08d2cc-7a1c-9d34-25ea-6265acb43d72,03483ac8-ed45-fe39-3b21-0d68bc23fcec,11,-74.0,-69.0,-75.0,-62.0,-45.0,-54.0,-49.0,3.133829006379994,-1.7945829516167455,-2.908644088827799,0.31043270404563145,2.3918412948869126,1.4596229255976854,-2.385839443842749,0.2429296098296634,1.4246457745968741,0.7230409122635155,1.3747691615954887,0.2738746757001799,1.0084047068050792,0.4563226581256533,-7.360811233520508,2.7572145462036133,1.185682773590088,-7.14,3.24,1.65
1743702835.365157,2c08d2cc-7a1c-9d34-25ea-6265acb43d72,950477c0-f91e-ae3b-6ed2-97516c4bd8f4,21,-71.0,-77.0,-78.0,-77.0,-45.0,-62.0,-55.0,-3.126561506081277,-1.8069305648528433,-2.907199323936431,0.31404661364486897,2.3981753287981773,2.5518061223981103,-1.898878811591212,0.3641970994748555,1.4836210774625151,0.7166826817399785,1.3501518325851776,0.24825146558645955,0.8706444161171776,0.8435992316928531,-7.371253490447998,2.757826566696167,1.2141122817993164,-7.14,3.24,1.65
1743702836.313127,2c08d2cc-7a1c-9d34-25ea-6265acb43d72,beae24b9-7bda-ea10-3bbe-e9128fab58db,20,-72.0,-78.0,-78.0,-81.0,-46.0,-64.0,-54.0,-3.1412046310189687,-1.817145518688006,-2.9612891909403762,0.2779051208075126,2.3862928180409146,2.7639743349345443,-2.288608304033388,0.62703901497223,1.4821986831243041,0.7473977841192166,1.3631240902549535,0.21902141434409605,0.5769898830509308,0.581795808853918,-7.372106552124023,2.7591724395751953,1.1787956953048706,-7.14,3.24,1.65
1743702837.365275,2c08d2cc-7a1c-9d34-25ea-6265acb43d72,7cfe7334-3307-c7fa-04e8-43b3053576b3,21,-71.0,-76.0,-78.0,-75.0,-45.0,-62.0,-55.0,-3.1402842425462367,-1.8738474140891008,-3.0217908845847963,0.3539165320083362,2.395095080674081,2.854132162396952,-1.7551117071092137,0.6897422107317642,1.5008489333961834,0.7605123877492573,1.358689261249699,0.26108183817190533,0.42050103755905616,0.8581177410164462,-7.38665771484375,2.758294105529785,1.115218162536621,-7.14,3.24,1.65
1743702838.355623,2c08d2cc-7a1c-9d34-25ea-6265acb43d72,f2fee497-d57a-b730-6ef5-bf14aafb2248,27,-75.0,-75.0,-81.0,-78.0,-45.0,-60.0,-63.0,3.129274468283741,-1.9366267762558111,-3.0949140975834295,0.3578782504459381,2.3810143421540673,2.6756045828366872,-2.0507871361806176,0.6209382455470766,1.423348415671842,0.740314840884042,1.3369587988610343,0.31200562032730145,0.34639470732364114,0.8036346681024055,-7.39169454574585,2.7529873847961426,1.0119829177856445,-7.14,3.24,1.65
1743702839.379795,2c08d2cc-7a1c-9d34-25ea-6265acb43d72,c7e2c114-08df-2d9c-6644-545a37160691,21,-72.0,-75.0,-76.0,-76.0,-45.0,-64.0,-55.0,3.141309293249809,-1.8571862788354017,-3.0393626877732483,0.33984066038283145,2.3918412948869126,2.7942256877572924,-1.6859442726132554,0.6811136353789349,1.5132832325257632,0.7935287942054602,1.3529268464410402,0.2738746757001799,0.2965068830145659,0.9199914839659725,-7.414204120635986,2.741954803466797,0.9995248913764954,-7.14,3.24,1.65
1743702840.37488,2c08d2cc-7a1c-9d34-25ea-6265acb43d72,bc1d9284-af36-0bb9-5a73-c5ffe3bab529,0,-73.0,-88.0,-80.0,-61.0,-45.0,-57.0,-49.0,-3.108969995500759,-1.7909196403792869,-2.9615206196391046,0.3223380993827217,2.3835457832150087,3.0387915843650957,-2.120214267120512,0.5436888972030433,1.4347972120400383,0.798561103401274,1.333503480504711,0.23171228242386108,0.5561293058096172,0.9878481585535319,-7.397696018218994,2.761206865310669,1.0057283639907837,-7.14,3.24,1.65
1743702841.355367,2c08d2cc-7a1c-9d34-25ea-6265acb43d72,d9c7fde7-cb08-1f4e-231d-e0de87de0b7c,25,-75.0,-75.0,-81.0,-73.0,nan,-61.0,nan,-3.0651498102923767,-1.8106942772633978,-3.0089421975896005,0.20730605189005707,nan,2.7124464883725117,nan,0.3968467220699272,1.4849091153237324,0.7620002292712573,1.31774342580584,nan,0.4503564304369082,nan,nan,nan,nan,-7.14,3.24,1.65
1743702842.365034,2c08d2cc-7a1c-9d34-25ea-6265acb43d72,b6037e2b-4215-8462-0c17-f7ce4217e615,16,-71.0,-69.0,-76.0,-67.0,-45.0,-62.0,-51.0,-3.1030977252971335,-1.6432829111349456,-3.0691008760856184,0.2165898314500733,2.403824097326796,2.6391019872881585,-2.377947838491905,0.46118499887022907,1.4824856387317602,0.7103957573546285,1.2840484459038848,0.22248671693703098,0.34030744201029056,0.5927697102469566,-7.367459774017334,2.77458381652832,1.1020632982254028,-7.14,3.24,1.65
1743702843.313277,2c08d2cc-7a1c-9d34-25ea-6265acb43d72,2303a8af-22e9-af00-eadc-aade293fdc1d,29,-76.0,-72.0,-76.0,-83.0,-44.0,-59.0,-56.0,-3.1106547112063425,-1.9656757384780688,-3.0492392869919165,0.24125443156973314,2.3806297245416226,2.602761745419793,-2.4151250589625244,0.4270687401733371,1.3758751723961982,0.7407035958241662,1.2632454293648399,0.2443691746417345,0.3338028238584894,0.5285947190946547,-7.365568161010742,2.7763924598693848,1.094084620475769,-7.14,3.24,1.65
1743702844.312923,2c08d2cc-7a1c-9d34-25ea-6265acb43d72,2d5229da-3110-382d-f3bd-a500335389c0,10,-73.0,-71.0,-73.0,-63.0,-46.0,-53.0,-53.0,-3.0820768621809203,-2.0079666034304724,-2.9983279027489806,0.10592110708739452,2.3862928180409146,-3.031526156811602,-2.408243396155756,0.45790791256985935,1.3946380743821882,0.7072456372592283,1.3389588328396835,0.21902141434409605,0.3123798347659931,0.3476383315534267,-7.370150566101074,2.771627187728882,1.1293904781341553,-7.14,3.24,1.65
1743702845.364921,2c08d2cc-7a1c-9d34-25ea-6265acb43d72,39f33220-656e-d6d2-9cc8-6bb31192d30a,2,-72.0,-88.0,-78.0,-62.0,-43.0,-57.0,-48.0,-3.038380780279336,-1.9958100720025878,-2.9575367969644546,-0.10828652676760289,2.3918412948869126,-2.983744495928131,-2.9028442896627933,0.3476161919489949,1.3355682292978492,0.7186086798403238,1.3517023249718219,0.2738746757001799,0.483524707040653,0.6319979582121665,-7.37587833404541,2.769444465637207,1.1314783096313477,-7.14,3.24,1.65
1743702846.364795,2c08d2cc-7a1c-9d34-25ea-6265acb43d72,394dd52c-9edb-acb3-afac-99df4ecc6595,18,-74.0,-74.0,-77.0,-74.0,-44.0,-63.0,-51.0,-2.9887668881194873,-1.9605315765164713,-3.0565810894850465,0.12728551798422819,2.4010842911598163,2.972402603835453,-2.625867798636172,0.5827091007312071,1.43989716552754,0.6488367221784196,1.3342570219351486,0.23538571970124683,0.3790031701609162,0.4012741022921072,-7.359515190124512,2.776676893234253,1.1503674983978271,-7.14,3.24,1.65
1743702847.355031,2c08d2cc-7a1c-9d34-25ea-6265acb43d72,63a4b6c4-5675-5b14-76c7-9845a3c45267,8,-74.0,-74.0,-73.0,-62.0,-45.0,-53.0,-55.0,-2.984361220728169,-1.85202187684952,-3.002716525909322,0.12939207840648084,2.3660379339706337,-2.9509234233608126,-2.5517514544661077,0.6722574263319306,1.4495762913513786,0.6511466149498999,1.325246083228811,0.22797021592699002,0.41212509963186467,0.3087975234240763,-7.341393947601318,2.7877659797668457,1.17022442817688,-7.14,3.24,1.65
1743702848.365234,2c08d2cc-7a1c-9d34-25ea-6265acb43d72,5e3de10a-3a30-4449-d74f-1c8c8df29810,11,-73.0,-67.0,-75.0,-62.0,-45.0,-55.0,-51.0,-3.0077371171963394,-1.7638869574183287,-2.9923605576944396,0.18598318630622862,2.3713728376801697,1.2979935561120823,-2.489234513742728,0.4299505134993983,1.4425363581678083,0.7062446215844947,1.3879354305506768,0.20297934429046777,1.316864298067279,0.25268025516194503,-7.329686164855957,2.7942323684692383,1.2166790962219238,-7.14,3.24,1.65
1743702849.37646,2c08d2cc-7a1c-9d34-25ea-6265acb43d72,98b26c89-9e6d-e0c0-a855-3b4f95e10aae,7,-74.0,-77.0,-73.0,-61.0,-45.0,-54.0,-55.0,-3.033092807618875,-1.6965759603407393,-2.9490607541630594,0.14330736141825387,2.356765382785963,-3.002593961473951,-1.552725797934497,0.5936561575500323,1.3711139729993547,0.7144787827798835,1.3657666118465848,0.26519113514515136,1.1834459851794312,0.8026937525099523,-7.319777488708496,2.8049511909484863,1.3156906366348267,-7.14,3.24,1.65
1743702850.373499,2c08d2cc-7a1c-9d34-25ea-6265acb43d72,53f53d96-b981-2688-9365-347bc8f9cbc0,18,-75.0,-72.0,-77.0,-74.0,-45.0,-64.0,-51.0,-3.04615934119124,-1.6718644885858942,-2.933952374982931,0.38627180872392686,2.3708465316846534,2.8630075414707794,-2.159986424757013,0.6181324721806235,1.476657710160285,0.7016936787557128,1.3551509854254198,0.2821142610957634,0.7135323484580715,0.6354029213360173,-7.289399147033691,2.8286499977111816,1.2843153476715088,-7.14,3.24,1.65
1743702851.365466,2c08d2cc-7a1c-9d34-25ea-6265acb43d72,fee5a139-6aef-0053-b7cc-4cd987adbb0d,31,-76.0,-73.0,-74.0,-74.0,-42.0,-57.0,-55.0,-3.0216553296853115,-1.673425500458844,-2.9567532949717537,0.4797817861832252,2.399389790067566,2.5809868137323413,-2.270743357083039,0.4593336358594332,1.4496033224364429,0.6692089724111443,1.3657502334058809,0.3734694681227302,0.42312195161357635,0.6045216601076006,-7.293508052825928,2.829329490661621,1.2543491125106812,-7.14,3.24,1.65
1743702852.35364,2c08d2cc-7a1c-9d34-25ea-6265acb43d72,8947ddd7-8da6-a418-8e1c-6f3a344ea53f,9,-74.0,-72.0,-73.0,-63.0,-44.0,-53.0,-57.0,-3.054041765385656,-1.6161214643352821,-2.901920938655894,0.3858267945057747,2.3946811886372545,-3.1033857144056216,-2.3668455179437613,0.5997948770207194,1.3824839397992847,0.6876094847518015,1.390041857814875,0.3296843256891804,0.41860781560427385,0.4055694238678773,-7.30746078491211,2.8343615531921387,1.2149056196212769,-7.14,3.24,1.65
1743702853.31354,2c08d2cc-7a1c-9d34-25ea-6265acb43d72,7a9f86b7-3212-94e6-ec72-3cc7e7af0462,22,-72.0,-78.0,-78.0,-72.0,-44.0,-61.0,-59.0,-3.06496631849327,-1.6491963271774126,-2.9335973756096236,0.4740703709094412,2.3810143421540673,3.141592653589793,-2.0065926021279967,0.5615127352991575,1.4398521581051176,0.7608064007336021,1.27651995581834,0.31200562032730145,0.34906585043306804,0.7826313263707333,-7.28293752670288,2.8532893657684326,1.2836610078811646,-7.14,3.24,1.65
1743702854.354237,2c08d2cc-7a1c-9d34-25ea-6265acb43d72,ddbafe28-c2aa-fe08-0628-4438ccc6a907,21,-72.0,-78.0,-79.0,-75.0,-44.0,-65.0,-57.0,-3.097226254041836,-1.6506180557253511,-2.935054391042006,0.3887794412063455,2.384803486579393,3.0686006692527927,-1.6309293722512772,0.5973998296733839,1.477208851347877,0.7177753767352381,1.25570615347688,0.29933885479714123,0.2959613129918699,0.8536362199306764,-7.257206916809082,2.878952980041504,1.2584186792373657,-7.14,3.24,1.65
1743702855.375837,2c08d2cc-7a1c-9d34-25ea-6265acb43d72,d6da6618-44ab-7c34-9923-bb37125b21ba,14,-71.0,-67.0,-77.0,-62.0,-46.0,-64.0,-53.0,3.101897704909944,-1.730689056533837,-3.0167777501488313,0.3527713727396022,2.3981753287981773,1.5253625410986704,-2.149138557149768,0.6208169385594234,1.4992835273074347,0.731394715970876,1.2626222496697612,0.24825146558645955,1.203880621019749,0.6450229693019455,-7.233157634735107,2.906190872192383,1.2917207479476929,-7.14,3.24,1.65
1743702856.367087,2c08d2cc-7a1c-9d34-25ea-6265acb43d72,a10330ac-c918-52b8-f98f-a1ac074bbf53,29,-75.0,-71.0,-75.0,nan,-44.0,-59.0,-57.0,3.1203981523705067,-1.6756021020177663,-3.09450050866614,nan,2.3775426119685887,2.3854973407058373,-2.3210062864717735,0.48800835736950715,1.4172468472983615,0.7306433050693102,nan,0.25698993990212693,0.7860707428774799,0.5350146297478431,-7.233238697052002,2.919909954071045,1.2552249431610107,-7.14,3.24,1.65
1743702857.355472,2c08d2cc-7a1c-9d34-25ea-6265acb43d72,452ec48e-c0df-e3c6-a79e-3797ddf0f5c1,20,-73.0,-80.0,-80.0,nan,-45.0,nan,-56.0,3.106876750883956,-1.669318639741833,-3.112113590851488,nan,2.3835457832150087,nan,-2.320711500834174,0.6622948735890806,1.4627655966499957,0.7447903496749473,nan,0.23171228242386108,nan,0.41670069538204885,-7.2394185066223145,2.927494764328003,1.192401647567749,-7.14,3.24,1.65
1743702858.355066,2c08d2cc-7a1c-9d34-25ea-6265acb43d72,c504c62f-4b35-649e-8e84-8f97acd08c93,28,-76.0,-72.0,-75.0,nan,nan,nan,nan,3.098357831189011,-1.7619417845581347,-3.1268776233026694,nan,nan,nan,nan,0.5550146555288777,1.307221276338937,0.6888257504216406,nan,nan,nan,nan,nan,nan,nan,-7.14,3.24,1.65
1743702859.355008,2c08d2cc-7a1c-9d34-25ea-6265acb43d72,02c3f16f-d6d7-a421-4a5a-7969ac63a4ff,12,-74.0,-67.0,-75.0,nan,-45.0,-59.0,-53.0,3.130372755917289,-1.6950764674889702,3.1411303288245556,nan,2.3713728376801697,1.1211048248984359,-2.3592525398844235,0.6122739172566128,1.3875920159281112,0.6968923322054363,nan,0.20297934429046777,0.9008748490740514,0.37458943569128267,-7.23601531982422,2.9399073123931885,1.155739426612854,-7.14,3.24,1.65
1743702860.36635,2c08d2cc-7a1c-9d34-25ea-6265acb43d72,7dbc3965-cf5e-25b0-69b2-3d7ca99ca23d,23,-74.0,-75.0,-78.0,nan,-45.0,-61.0,-62.0,-3.137875413340261,-1.6961843425024432,-3.1108949283366676,nan,2.3513120885253005,2.5361906680547595,-2.09276902937724,0.5253083918600752,1.4508454207688557,0.69351025077909,nan,0.21189674982302378,0.9967914358845841,0.7123282635107242,-7.219023704528809,2.954436779022217,1.148679256439209,-7.14,3.24,1.65
1743702861.355686,2c08d2cc-7a1c-9d34-25ea-6265acb43d72,9a544feb-2012-f286-1cda-47118f652dbe,1,-76.0,-83.0,-78.0,-61.0,-44.0,-57.0,-48.0,3.127102394098672,-1.7867902759510648,-3.0696335083036344,0.029395439480076613,2.3713728376801697,2.997229291521788,-2.427393574278474,0.3484347145100308,1.4170364575722452,0.7103000167134401,1.3336114716869134,0.20297934429046777,0.9199914840355635,0.8050126635716617,-7.2088799476623535,2.96601939201355,1.2131125926971436,-7.14,3.24,1.65
1743702862.374449,2c08d2cc-7a1c-9d34-25ea-6265acb43d72,ce7d889a-a04d-6a30-4117-5b607badd3fd,16,-74.0,-69.0,-76.0,-67.0,-45.0,-63.0,-55.0,-3.1239915556293503,-1.8432307820911686,-3.0477942557844395,0.053809968773378035,2.3713728376801697,2.7279008923155885,-2.434321094090615,0.37181547124719067,1.4993513047571772,0.6648765419498034,1.360718190526176,0.20297934429046777,0.5532667800126063,0.489116666424832,-7.21215534210205,2.9625234603881836,1.2696404457092285,-7.14,3.24,1.65
1743702863.35479,2c08d2cc-7a1c-9d34-25ea-6265acb43d72,cb71c68c-476b-2342-a5af-6a2b7a1d8ad5,3,-80.0,-81.0,-75.0,-62.0,-45.0,-58.0,-49.0,-3.1258797368422164,-1.9600716485962149,-3.0035021584308956,0.0044195158289864955,2.373791714864879,3.141592653589793,-3.120287178146864,0.3245811468108409,1.3264220020081356,0.7027435634364493,1.389525870353672,0.19043725859310148,0.628318530776737,0.6107585972370358,-7.223263263702393,2.9595885276794434,1.2821459770202637,-7.14,3.24,1.65
1743702864.355771,2c08d2cc-7a1c-9d34-25ea-6265acb43d72,410fa7b1-0ed9-a5f6-59d4-3c375d0c5353,36,-74.0,-70.0,-77.0,-74.0,nan,-62.0,nan,3.139326836134354,-1.8179777565286555,-2.974446538305913,0.14631992924335152,nan,1.0978531298140486,nan,0.32420054780155494,1.5045199678008032,0.7013945391862696,1.3622875913565597,nan,1.2361637932424743,nan,nan,nan,nan,-7.14,3.24,1.65
1743702865.365451,2c08d2cc-7a1c-9d34-25ea-6265acb43d72,eb82f57f-a99c-024d-4c02-13df344676f0,23,-73.0,-75.0,-78.0,-72.0,-46.0,-59.0,-64.0,-3.1373262695234865,-1.7724241197667412,-3.0000845238039964,0.15780987145038938,2.3806297245416226,3.0456632084267254,-2.3851170935226333,0.3220993137014824,1.5019034120298005,0.710572657830037,1.3521733050106024,0.2443691746417345,0.992730758545293,1.0214541205762424,-7.236714839935303,2.9538724422454834,1.292933702468872,-7.14,3.24,1.65
1743702866.376357,2c08d2cc-7a1c-9d34-25ea-6265acb43d72,845749d3-bd09-7f26-c56a-f557f241ef96,15,-74.0,-68.0,-76.0,-64.0,nan,nan,nan,3.074857565097934,-1.6821605356762497,-3.029924444870008,0.14646187572945277,nan,nan,nan,0.4936795589108309,1.4865458941296945,0.7148292547793379,1.321528709821224,nan,nan,nan,nan,nan,nan,-7.14,3.24,1.65
1743702867.364666,2c08d2cc-7a1c-9d34-25ea-6265acb43d72,6df82039-b80d-8323-3a20-9f2662ff0bed,16,-74.0,-70.0,-75.0,-66.0,nan,-63.0,nan,3.038350952875127,-1.3985388064308273,-3.0212958029381505,0.160754262351581,nan,2.7596880668709685,nan,0.5153613187410612,1.4803959893824292,0.6821818292921654,1.3060100706751687,nan,0.5931997762015031,nan,nan,nan,nan,-7.14,3.24,1.65
1743702868.313286,2c08d2cc-7a1c-9d34-25ea-6265acb43d72,ec531cfb-06fb-ec0f-527d-a63159ecb0d3,23,-76.0,-74.0,-78.0,-73.0,-46.0,-60.0,-60.0,-3.115634023496464,-1.4202595482815135,-2.998998486711462,0.1861839886524206,2.3533277804323736,3.02518218504223,-1.9296394281133493,0.48123720371895345,1.4869947699314279,0.6809830739064936,1.3344636832357388,0.27751847681231684,0.451115490883328,1.0265295327213035,-7.237172603607178,2.946575164794922,1.346754550933838,-7.14,3.24,1.65
1743702869.31365,2c08d2cc-7a1c-9d34-25ea-6265acb43d72,5fc3ccf3-003f-d2c2-b4b8-84ec754cacdd,22,-74.0,-74.0,-77.0,-72.0,-46.0,-62.0,-56.0,-3.096915463142624,-1.405871687334306,-2.8889569367854975,0.2205392993466608,2.3497131435046676,3.0673149975692167,-1.6512128361723837,0.489111438693018,1.5206424787240338,0.6504878820542688,1.3082756218144989,0.2898021773600504,0.3481793801284784,0.9927307584686538,-7.225516319274902,2.9415924549102783,1.3760461807250977,-7.14,3.24,1.65
1743702870.318426,2c08d2cc-7a1c-9d34-25ea-6265acb43d72,e3b119eb-a4c2-e75b-3bc8-3b00ea1b3ae4,27,-79.0,-72.0,-78.0,-75.0,-46.0,-61.0,-62.0,3.1283088060724777,-1.5892894505624613,3.0737800501208876,0.23388706273013793,2.372881832550102,2.7728234213152736,-2.0400805171511815,0.40889080152078316,1.4717323268822378,0.6682958410523834,1.3195265453137024,0.33719663970536723,0.44366936107497085,0.8931339743154171,-7.2099871635437,2.947314500808716,1.4461302757263184,-7.14,3.24,1.65
1743702871.35048,2c08d2cc-7a1c-9d34-25ea-6265acb43d72,d36d3721-6598-1e13-40d5-41d3e1afcca6,4,nan,nan,nan,nan,-44.0,-57.0,-48.0,nan,nan,nan,nan,2.363990581106925,-3.079873021480937,-2.3696713945290324,nan,nan,nan,nan,0.3621811083413312,0.5576492278598707,0.6053267814052666,nan,nan,nan,-7.14,3.24,1.65
1743702872.365864,2c08d2cc-7a1c-9d34-25ea-6265acb43d72,fcd9f883-20ef-3761-c0e9-07212bb3f376,28,-75.0,-72.0,-76.0,-79.0,-45.0,-59.0,-59.0,-3.11479219827589,-1.8948355203239065,3.0989586403309324,0.2876064840264533,2.3594621510830667,2.8155367438732584,-2.34302125386288,0.34367824222412197,1.4473168654825552,0.7035714070613004,1.257201385270905,0.3194733207224177,0.5344770481802276,0.6423639432441198,-7.202064037322998,2.945446729660034,1.5416157245635986,-7.14,3.24,1.65
1743702873.313815,2c08d2cc-7a1c-9d34-25ea-6265acb43d72,15c40e05-0e40-e61b-0fa8-8455ae8d99b4,1,nan,nan,nan,-62.0,-43.0,nan,-48.0,nan,nan,nan,0.2930180273614943,2.384803486579393,nan,-2.5139922269373516,nan,nan,nan,1.3116850006420187,0.29933885479714123,nan,0.7674079531457715,nan,nan,nan,-7.14,3.24,1.65
1743702874.31341,2c08d2cc-7a1c-9d34-25ea-6265acb43d72,f6a97f87-fa3e-8ea3-17c3-262298e35dd2,1,-75.0,-82.0,-78.0,-62.0,-43.0,-58.0,-48.0,-3.0762815573327993,-1.8877416581282622,-2.9472101235215638,0.20447564428352086,2.4094423861646956,3.0742583894963547,-2.6893606531362715,0.2872878035125117,1.3145423061755646,0.7318508488865793,1.373647438144347,0.2780964962353479,0.6795691254622188,0.8378231331232396,-7.20084285736084,2.9447181224823,1.5140236616134644,-7.14,3.24,1.65
1743702875.355956,2c08d2cc-7a1c-9d34-25ea-6265acb43d72,e5d4974c-0832-6c72-9d1e-a0195ee58abc,11,-79.0,-68.0,-75.0,-62.0,-45.0,-56.0,-52.0,-3.1242655949055194,-1.9092825034473138,-2.923605461515755,0.13884949606957026,2.4010842911598163,1.0517978999840776,-2.5765541464250927,0.24659641646605265,1.434875375818032,0.728985021237545,1.4014598946724808,0.23538571970124683,1.1659376765294005,0.5016669122436976,-7.230434894561768,2.938657283782959,1.480453372001648,-7.14,3.24,1.65
1743702876.375846,2c08d2cc-7a1c-9d34-25ea-6265acb43d72,dc948db8-802b-8359-6a99-a62d1198b5fc,18,-77.0,-75.0,-76.0,nan,-46.0,-64.0,-51.0,-3.021190075442875,-1.974496128008411,-2.8640665006053987,nan,2.3835457832150087,2.466231348642289,-2.451871393495564,0.36834766932325763,1.4938825034586996,0.7473988493836526,nan,0.23171228242386108,0.8956770158893453,0.33083654976913074,-7.25056552886963,2.9183249473571777,1.4274907112121582,-7.14,3.24,1.65
1743702877.375119,2c08d2cc-7a1c-9d34-25ea-6265acb43d72,4e404da7-badb-7df5-3935-ad81edb65fd8,29,-75.0,-72.0,-74.0,nan,-44.0,-58.0,-56.0,-3.0974464974639853,-2.000745308976668,-2.929549637068812,nan,2.3835457832150087,2.547755166496837,-2.4912927516347336,0.27028433554543957,1.4675144123477704,0.7729492168818729,nan,0.23171228242386108,0.6243288645622348,0.32580147616927574,-7.260985851287842,2.90169095993042,1.382340908050537,-7.14,3.24,1.65
1743702878.365568,2c08d2cc-7a1c-9d34-25ea-6265acb43d72,82eb0422-1f4e-ee4c-1c52-882e5c3e0cd4,33,-82.0,-72.0,-74.0,nan,-42.0,-58.0,-54.0,-3.125368942545139,-1.9704237552275166,-2.9691524403749447,nan,2.4530670994444588,1.2373373636959495,-2.475532529206987,0.265653880713362,1.4725547110268542,0.7064997524169243,nan,0.3895914077203736,0.9564935125143945,0.3810412562080409,-7.25842809677124,2.8866069316864014,1.394172191619873,-7.14,3.24,1.65
1743702879.35569,2c08d2cc-7a1c-9d34-25ea-6265acb43d72,9cb0fae1-f32e-10ae-d4b4-6b85aecc7ec1,26,-79.0,-75.0,-79.0,nan,-45.0,-61.0,nan,-3.141164150970399,-2.150976622913019,-3.046811016709982,nan,2.4039139635136944,2.064221034097285,nan,0.21454245978304762,1.4614527913906412,0.7433575024294574,nan,0.3605798816779776,0.840091320449617,nan,-7.277019023895264,2.870591640472412,1.4129207134246826,-7.14,3.24,1.65
1743702880.375798,2c08d2cc-7a1c-9d34-25ea-6265acb43d72,415135af-7401-0ce0-92ed-5b2c5d42b21d,29,-76.0,-71.0,-75.0,nan,-44.0,-58.0,-56.0,3.113888321401917,-2.060998263375275,-3.0650358269977214,nan,2.3946811886372545,2.370910299598859,-2.4837877903788907,0.2145697904737346,1.4301436043512337,0.7239021119810197,nan,0.3296843256891804,0.6389584838838757,0.3535054447658857,-7.311866283416748,2.848987579345703,1.3584080934524536,-7.14,3.24,1.65
1743702881.382754,2c08d2cc-7a1c-9d34-25ea-6265acb43d72,d8ad100d-5f6a-b575-29f5-ab3ba7176054,18,-76.0,-75.0,-77.0,nan,-44.0,-63.0,-51.0,3.1216189454141987,-1.9646510872486604,-3.0353674135059117,nan,2.388411596444874,2.5535900499806874,-2.3425517930540276,0.4225616396340007,1.4662488781977647,0.7096400188162911,nan,0.2866277682421222,0.44783239696496147,0.2485808738424719,-7.35038423538208,2.824195384979248,1.3445773124694824,-7.14,3.24,1.65
1743702882.368079,2c08d2cc-7a1c-9d34-25ea-6265acb43d72,97f24bdb-7ec9-99a3-6b72-b8fbb24e50cc,9,-78.0,-72.0,-73.0,-63.0,-45.0,-52.0,-55.0,-3.1376109614440155,-1.7727530201613662,-3.005532019813754,0.8099336002042393,2.3806297245416226,-3.084720315293312,-2.3835457832150087,0.4939311610548161,1.4692509265365565,0.7013663096787148,1.4971985384900115,0.2443691746417345,0.40084407178667636,0.23171228242386108,-7.39937973022461,2.794635057449341,1.329380989074707,-7.14,3.24,1.65
1743702883.356474,2c08d2cc-7a1c-9d34-25ea-6265acb43d72,365de5b4-2d8d-53d2-5a0b-8e5808fd9292,24,-76.0,-75.0,-81.0,-73.0,-46.0,-60.0,-64.0,-3.0792073061063596,-1.8837104311862094,-3.0396998439672522,0.13300545537350036,2.3600281990922407,2.8654444683554416,-2.288445976529354,0.46139355767309587,1.4683491801914559,0.7122573735356211,1.4701159212586143,0.25282247149890685,0.31990321630960195,0.61421182361171,-7.432896614074707,2.7777318954467773,1.306028962135315,-7.14,3.24,1.65
1743702884.364966,2c08d2cc-7a1c-9d34-25ea-6265acb43d72,0bbf4163-2dee-951b-ef95-69e869a95b3d,27,-76.0,-74.0,-80.0,-75.0,-44.0,-61.0,-62.0,-3.084689955842506,-1.8397028925951404,-3.117621274301881,0.02628886206849918,2.388411596444874,2.701126199769484,-2.323654481418131,0.4146595746265448,1.3864757519572044,0.7135862243405433,1.3555969317499537,0.2866277682421222,0.49784699310258457,0.6664784760561362,-7.43928861618042,2.7605366706848145,1.3164496421813965,-7.14,3.24,1.65
1743702885.356897,2c08d2cc-7a1c-9d34-25ea-6265acb43d72,3ac7e102-2955-f819-f3d2-14a0b7d613b8,1,-81.0,-82.0,-78.0,-61.0,nan,nan,-47.0,3.121930535261738,-1.91178800540086,-3.0599987241119453,-0.19728723986917898,nan,nan,-2.4609988529076317,0.34765434173161025,1.2928352796044922,0.7135672493177765,1.3693220650598947,nan,nan,0.7648684877302755,nan,nan,nan,-7.14,3.24,1.65
1743702886.375344,2c08d2cc-7a1c-9d34-25ea-6265acb43d72,19bad4c1-1533-b54a-b0b5-fd9949b06b5b,20,-74.0,-82.0,-76.0,-80.0,-45.0,-64.0,-50.0,-3.120188827908826,-1.8655348893786365,-3.0558673623129056,-0.22888751041573216,2.3981753287981773,2.7836429472809274,-2.3423295001839315,0.5709964516780114,1.4236225881060658,0.7349732055276156,1.321781843282836,0.24825146558645955,0.37841012448813244,0.6760062651365593,-7.43208646774292,2.74281907081604,1.2635953426361084,-7.14,3.24,1.65
1743702887.313132,2c08d2cc-7a1c-9d34-25ea-6265acb43d72,7bdc0530-0e98-2f70-2745-c37ac47fd375,8,-78.0,-75.0,-72.0,-62.0,-45.0,-53.0,-55.0,3.1412038320706417,-1.8433940338659902,-3.0301236493195454,-0.2993531549625748,2.3600281990922407,-2.9572234196977596,-2.379271175473092,0.5565222044429443,1.401353501386932,0.6760036284583179,1.359555853868411,0.25282247149890685,0.326386126714877,0.4244554517909443,-7.433249473571777,2.7369115352630615,1.287850260734558,-7.14,3.24,1.65
1743702888.376768,2c08d2cc-7a1c-9d34-25ea-6265acb43d72,0484dfdd-0a78-3f87-0f7f-a4157a07375e,4,-86.0,-80.0,-73.0,-61.0,-43.0,-55.0,-48.0,3.104951285415829,-1.9793693133290926,-2.990616986128765,-0.2892339417686007,2.3377829456934744,-2.8137138258846974,3.1221745554579745,0.5189958678387468,1.3340678043396983,0.7236155558477274,1.4250678856296515,0.32636745951226936,0.4325820581358988,0.4537113228722894,-7.444156169891357,2.7361984252929688,1.2531306743621826,-7.14,3.24,1.65
1743702889.356007,2c08d2cc-7a1c-9d34-25ea-6265acb43d72,685f3bb8-6e3f-c655-ab9a-bb7274fe5408,23,-75.0,-79.0,-78.0,-70.0,-45.0,-60.0,-58.0,3.1159235091069553,-2.0583356349174133,-3.0145343032465486,-0.11804754479496131,2.3533277804323736,-3.0855151791743176,-2.58966675017883,0.5028020507773292,1.4607836721667589,0.7584077581187949,1.356209458800672,0.27751847681231684,0.36599312371816356,0.9008748491748731,-7.450811386108398,2.7340359687805176,1.1716556549072266,-7.14,3.24,1.65
1743702890.353771,2c08d2cc-7a1c-9d34-25ea-6265acb43d72,19f0b3ff-d189-4304-da9f-00760aa8983c,22,-74.0,-78.0,-79.0,-72.0,-44.0,-63.0,-56.0,3.1087691931545667,-2.063142773843061,-3.0841290941169355,-0.013456154039843366,2.3631183711609456,3.0865435279703464,-2.0793652751048675,0.43316747893815943,1.4368622271492857,0.6974448049735731,1.3043682318631347,0.2404147567047194,0.3137140064324021,0.9823656607772768,-7.4223833084106445,2.7396152019500732,1.17568576335907,-7.14,3.24,1.65
1743702891.375456,2c08d2cc-7a1c-9d34-25ea-6265acb43d72,df9acbde-651b-8573-123c-847d8e6f865c,20,-76.0,-75.0,-78.0,-78.0,-45.0,nan,-53.0,-3.1307581153270236,-2.003155736079299,-3.087411173844349,0.01880697730203057,2.3742823008707594,nan,-2.1657583388997907,0.5437473202994568,1.4841896623552473,0.7239818070766405,1.3180191961367176,0.26957238283895607,nan,0.9226108090071972,-7.386648654937744,2.7499771118164062,1.2133339643478394,-7.14,3.24,1.65
1743702892.366346,2c08d2cc-7a1c-9d34-25ea-6265acb43d72,11640f0e-973c-ab0b-4c4e-b7ecdb56a0e6,0,-74.0,-85.0,-79.0,-61.0,-45.0,-54.0,-49.0,-3.118505710099896,-1.9551918053728081,-3.000687996107009,-0.03986991836346727,2.3631183711609456,-3.100438086597696,-2.4140748085494894,0.3808249452149287,1.380770062479764,0.7379464917266344,1.3324316913240084,0.2404147567047194,0.5581247524162499,0.9126928065916647,-7.370121479034424,2.7551257610321045,1.2425687313079834,-7.14,3.24,1.65
1743702893.356741,2c08d2cc-7a1c-9d34-25ea-6265acb43d72,fe990955-d506-7109-3bcc-2e659f303b43,1,-74.0,-87.0,-79.0,-61.0,-44.0,-55.0,-48.0,-3.1109175652059333,-1.904870044995216,-3.000510629578409,-0.047399740029557304,2.3742823008707594,-3.0107398834559707,-2.5393932685811014,0.15802989849070037,1.2735546591025912,0.6884862639616828,1.3902856702126718,0.26957238283895607,0.6416501644014759,0.8482246115699673,-7.3486738204956055,2.7593655586242676,1.186497449874878,-7.14,3.24,1.65
1743702894.37652,2c08d2cc-7a1c-9d34-25ea-6265acb43d72,e9a7e33f-65b2-83e8-04db-162609407f15,6,-77.0,-74.0,-72.0,-60.0,-44.0,-55.0,-53.0,3.1133684723571333,-1.9870061940710038,-2.923032615565279,-0.1358292050773114,2.335855239679225,-2.7843762051122867,-2.471269504994834,0.20507939954739862,1.333908280990403,0.657403711931041,1.3862127647995592,0.2728420409462208,0.5805858376491649,0.5018425067141185,-7.336362838745117,2.7621002197265625,1.1399791240692139,-7.14,3.24,1.65
1743702895.313879,2c08d2cc-7a1c-9d34-25ea-6265acb43d72,9e2c7319-57b2-9a06-5f5a-696289261777,8,nan,-74.0,nan,-62.0,-45.0,nan,-55.0,nan,-1.9975051740364231,nan,-0.11312735468103992,2.3281982579771294,nan,-2.412381552264293,nan,1.4576182388950905,nan,1.3438093812910994,0.23229496321363016,nan,0.3346473206000399,nan,nan,nan,-7.14,3.24,1.65
1743702896.377539,2c08d2cc-7a1c-9d34-25ea-6265acb43d72,72b77fc5-2844-8613-9fe7-7452cf501f95,15,-72.0,-68.0,-75.0,-64.0,-44.0,-62.0,-51.0,-3.1251321875242315,-1.8759274760585072,-2.9400411601831795,-0.10368538335227298,2.3513120885253005,0.7394599092564859,-2.355720658709458,0.3121329659540789,1.483977674732477,0.666270773359487,1.314821938090023,0.21189674982302378,1.3365223540648847,0.47438892250087866,-7.327245235443115,2.7667148113250732,1.158816933631897,-7.14,3.24,1.65
1743702897.365839,2c08d2cc-7a1c-9d34-25ea-6265acb43d72,c554e168-4ce3-7d33-2d90-e6f0ebeb6cb7,17,-74.0,-70.0,-74.0,-69.0,-46.0,-63.0,-51.0,-3.1344095754976316,-1.861628697849763,-2.9808189501622544,0.0007227819198475053,2.388411596444874,2.5915605155634895,-2.287693664962738,0.390272142997335,1.4835699447695858,0.6257308036657558,1.3488048057058155,0.2866277682421222,0.9382786417924087,0.5497112655780257,-7.320870876312256,2.776512861251831,1.2254233360290527,-7.14,3.24,1.65
1743702898.356481,2c08d2cc-7a1c-9d34-25ea-6265acb43d72,6e979368-c55f-9617-c35d-b38554a46b62,28,-77.0,-75.0,-77.0,-79.0,-44.0,-62.0,-58.0,3.135189349064807,-1.908848141873522,-3.0270676719686795,0.04751132647923162,2.402424890354446,2.566452920288732,-2.297568967110139,0.37293443166870105,1.4225878168645152,0.6374655569559993,1.3558029272602712,0.3039771854415045,0.6810051590820607,0.6026741197702999,-7.3152618408203125,2.7884480953216553,1.2173738479614258,-7.14,3.24,1.65
1743702899.377477,2c08d2cc-7a1c-9d34-25ea-6265acb43d72,79418d75-afd4-b19a-4868-81b9ab4e7077,7,-75.0,-75.0,-72.0,-61.0,-45.0,-54.0,-53.0,3.1074988653145983,-1.8672808577892925,-2.943767455180418,0.04073597834996104,2.339290467269397,-3.1200203537319857,-2.3719842617376594,0.4486625491085675,1.3855561624328003,0.6396253806000536,1.3609131339179699,0.2607324645749327,0.62820787927819,0.39306581237008714,-7.300942420959473,2.8010661602020264,1.2705732583999634,-7.14,3.24,1.65
1743702900.357809,2c08d2cc-7a1c-9d34-25ea-6265acb43d72,b5f047e4-5b4a-fb5a-3c8b-7ed927136e03,6,-80.0,-76.0,-73.0,-61.0,-45.0,-56.0,-50.0,3.0675663626655143,-1.887561095806355,-2.9200903551929596,0.01827887245786786,2.3425517930540276,-2.7955403459758124,3.141592653589793,0.47783062121057857,1.3916785034627832,0.6927348714277135,1.3907329481177504,0.2485808738424719,0.7027656857816622,0.41887902051931286,-7.292429447174072,2.8147175312042236,1.3186943531036377,-7.14,3.24,1.65
1743702901.313857,2c08d2cc-7a1c-9d34-25ea-6265acb43d72,70eea0b8-d756-1530-1737-49ec9e5f6a5d,1,-74.0,-84.0,-80.0,-61.0,-45.0,-57.0,-47.0,3.1159597280977804,-1.799445617451121,-2.8890916927366557,-0.019640014091007355,2.356765382785963,-2.870928877787774,-2.924293425938238,0.34946076389901104,1.2925729582371195,0.6553259136485612,1.3772931725186113,0.26519113514515136,0.6799332996450266,0.6343723579791867,-7.312666416168213,2.8218581676483154,1.2735928297042847,-7.14,3.24,1.65
1743702902.365807,2c08d2cc-7a1c-9d34-25ea-6265acb43d72,7d8e6efa-f494-81c5-a88a-e33322b00b1f,8,-75.0,-72.0,-72.0,-62.0,nan,-55.0,-54.0,-3.137467949693478,-1.794123822644816,-2.8951160294385234,-0.09315258124100961,nan,-2.8048719726466897,-2.6630067444021224,0.47027276977401544,1.3846594760937703,0.7175776370242998,1.3705375317814072,nan,0.5839900076511326,0.40857190247651665,-7.334922790527344,2.82657241821289,1.25426709651947,-7.14,3.24,1.65
1743702903.365851,2c08d2cc-7a1c-9d34-25ea-6265acb43d72,2a90f7c9-1d7a-c06a-f9c0-2b1f686448cd,11,-78.0,-68.0,-74.0,-62.0,-45.0,-58.0,-52.0,3.1095734678037705,-1.721515132368786,-2.922550317091866,-0.11021438908071125,2.3631183711609456,0.7930522798737234,-2.5517514544661077,0.3832173959802014,1.4459838201989161,0.7581629470355894,1.3658030971535189,0.2404147567047194,1.324599409947913,0.3087975234240763,-7.342158794403076,2.834693193435669,1.1970044374465942,-7.14,3.24,1.65
1743702904.376518,2c08d2cc-7a1c-9d34-25ea-6265acb43d72,aad4f81f-e2db-1eb7-1a23-a2a9c5c468bb,0,-73.0,-85.0,-79.0,-61.0,-44.0,-57.0,-48.0,3.1389950062625296,-1.8055664937425049,-2.9289573500423787,-0.1373496037436376,2.3742823008707594,2.9895451948591574,-2.5415617360631058,0.34549751414378244,1.3632673683216,0.8117108607577036,1.3973419818369457,0.26957238283895607,1.2179844229504004,0.5891528890803038,-7.338861465454102,2.849287509918213,1.2488632202148438,-7.14,3.24,1.65
1743702905.313771,2c08d2cc-7a1c-9d34-25ea-6265acb43d72,15d9fa8a-430d-bb4b-55a7-caaa8cb58dec,16,-74.0,-70.0,-74.0,-67.0,-45.0,-62.0,-52.0,-3.133298771006959,-1.733307609675657,-2.9368930374585966,-0.07126805498328347,2.395095080674081,2.7294150884382793,-2.4936147489409275,0.32802880857903016,1.5318007242173024,0.7282444627174213,1.3626796086690194,0.26108183817190533,0.6897975409931677,0.3858806563084542,-7.338122844696045,2.8535709381103516,1.2462971210479736,-7.14,3.24,1.65
1743702906.357977,2c08d2cc-7a1c-9d34-25ea-6265acb43d72,7eedd4a9-fb73-d823-492b-9be61a86393d,3,nan,nan,nan,nan,-45.0,nan,-47.0,nan,nan,nan,nan,2.388411596444874,nan,3.029482839757315,nan,nan,nan,nan,0.2866277682421222,nan,0.3644171420916072,nan,nan,nan,-7.14,3.24,1.65
1743702907.375744,2c08d2cc-7a1c-9d34-25ea-6265acb43d72,f32d856c-4969-7886-4ae1-f2356948f588,25,-77.0,-75.0,-81.0,-73.0,-44.0,-58.0,nan,-3.129729069881817,-1.7485628621899036,-2.9735581077662623,-0.1616807760948195,2.402424890354446,2.6328943079338534,nan,0.2843687792207031,1.4631444313150597,0.71697822604195,1.2661264370320875,0.3039771854415045,0.450864713654257,nan,-7.33312225341797,2.860346794128418,1.1075018644332886,-7.14,3.24,1.65
1743702908.356186,2c08d2cc-7a1c-9d34-25ea-6265acb43d72,1aae570d-cba7-09c3-1c98-e41af8814a32,27,-77.0,-77.0,-79.0,-76.0,nan,nan,nan,3.1340601687626126,-1.905082831566313,-3.113495771457239,-0.06660672412731777,nan,nan,nan,0.24371381090215088,1.3813168094515578,0.5979054308063355,1.313665993018874,nan,nan,nan,nan,nan,nan,-7.14,3.24,1.65
1743702909.355765,2c08d2cc-7a1c-9d34-25ea-6265acb43d72,e913b526-8184-0fcb-977e-8cfa33a9c857,31,-76.0,-71.0,-75.0,-73.0,-42.0,-58.0,-55.0,3.1054487639074555,-1.9780097695926069,-3.0608623872534584,-0.03565839541561596,2.4350975029193074,2.5017895617711687,-2.8386180723163674,0.2146906480529537,1.424439113296284,0.6351918831753441,1.3300111442092357,0.3843284504342183,0.35796229101021143,0.5207012549525525,-7.3344268798828125,2.866779327392578,1.0636711120605469,-7.14,3.24,1.65
1743702910.313032,2c08d2cc-7a1c-9d34-25ea-6265acb43d72,175eb7a7-9b61-aa26-cbe8-6208f4202fae,21,-73.0,-77.0,-76.0,-74.0,-46.0,-63.0,-54.0,-3.1250349821444434,-1.9041375425373896,-3.0679594452424106,0.03980626881341437,2.4060230205400406,2.7173120653541014,-2.2847894669096527,0.2576794443032832,1.4624111299089066,0.6622011968977369,1.3290204482837262,0.29105738656828967,0.32027880707508505,0.9520117227274008,-7.33225393295288,2.8709778785705566,1.0656354427337646,-7.14,3.24,1.65
1743702911.31422,2c08d2cc-7a1c-9d34-25ea-6265acb43d72,c0534eff-60a8-697a-ba64-a6a1d68ce3bc,31,-76.0,-71.0,-75.0,-73.0,-42.0,-57.0,-55.0,-3.1342045120936954,-2.0250897971333,-3.095571099424352,0.0998067555406816,2.4350975029193074,2.786701742744337,-2.3651502758597163,0.20090747447600543,1.4767944634822605,0.70904307125795,1.3415020185226547,0.3843284504342183,0.9293841399203155,0.7762790307903611,-7.329516887664795,2.874443531036377,1.097311019897461,-7.14,3.24,1.65
1743702912.366203,2c08d2cc-7a1c-9d34-25ea-6265acb43d72,b1285721-8af2-f612-df47-9da042f02f9c,29,-75.0,-71.0,-77.0,-78.0,-44.0,-56.0,-60.0,3.1063041712495894,-2.1220084876298455,-3.119086279217534,0.12946931007809315,2.408243396155756,2.6710690078628447,-2.3510714826918804,0.18173760818593795,1.4435274535674814,0.7676721631818809,1.3118648971736535,0.3476383315534267,0.6591989956481856,0.6977027148072533,-7.32129192352295,2.8756415843963623,1.1774705648422241,-7.14,3.24,1.65
1743702913.312787,2c08d2cc-7a1c-9d34-25ea-6265acb43d72,331c29eb-6f1c-b996-7e8b-9ba6fb1bcf27,7,-81.0,-76.0,-74.0,-61.0,-45.0,-57.0,-52.0,3.090539322860756,-2.1377931765688,-3.0410090539591352,0.13112313311503235,2.356765382785963,3.141592653589793,-1.24019387371686,0.2708984937823255,1.418827566563378,0.781278053454014,1.3508160249610435,0.26519113514515136,0.8726646260737692,0.7849258535097721,-7.319700241088867,2.8745083808898926,0.8099235892295837,-7.14,3.24,1.65
1743702914.313572,2c08d2cc-7a1c-9d34-25ea-6265acb43d72,85c4252b-4550-8154-1046-18a956f90a55,35,-75.0,-70.0,-76.0,-74.0,-43.0,-58.0,-65.0,3.0384958288384274,-2.198027488839776,-3.034828922333497,0.20236562175185108,2.4260229445196035,0.8668730969123353,-1.9099631543864874,0.2150896228737612,1.4364634187760466,0.7318173596358716,1.3050314921326192,0.3527088624858705,1.10552706546595,0.8594514486614461,-7.3209004402160645,2.867008924484253,0.831329882144928,-7.14,3.24,1.65
1743702915.314361,2c08d2cc-7a1c-9d34-25ea-6265acb43d72,a1185a49-6f7e-cfcf-0111-866bf74ec564,11,-78.0,-68.0,-74.0,-62.0,-45.0,-56.0,-51.0,3.0260870960553126,-2.082912217563046,-3.046507682661822,0.14742620636017043,2.4126856070915226,0.676331185546352,-2.243973611767496,0.1768455477110305,1.4770092474241754,0.6979104586901734,1.311881675088521,0.26509674028587316,0.6454923416511742,0.6056322190099516,-7.315752029418945,2.8581581115722656,0.8707709908485413,-7.14,3.24,1.65
1743702916.313183,2c08d2cc-7a1c-9d34-25ea-6265acb43d72,6238b3bb-d46a-4947-92c7-68cf78f4ba33,18,-80.0,-77.0,-74.0,-74.0,-45.0,-66.0,-50.0,3.040730753625222,-2.1293496243327037,-3.0272983017190804,0.053842193022567986,2.4010842911598163,1.9823155853644876,-2.1605027953559217,0.5652883653555899,1.4691599795853303,0.7080522421743859,1.3290374925147026,0.23538571970124683,1.0134084901371256,0.5532824127871907,-7.306188106536865,2.844104290008545,0.8725993633270264,-7.14,3.24,1.65
1743702917.376717,2c08d2cc-7a1c-9d34-25ea-6265acb43d72,b60a7b16-0fd0-2bae-02a3-0f0bb48cb400,13,-75.0,-68.0,-74.0,-62.0,-44.0,-60.0,-49.0,3.0363083083190365,-2.173977279983597,-3.077253877446787,0.04423856781563325,2.3888727449403135,0.9506870416915137,-2.2655662813931277,0.6251784640556735,1.4331353995198286,0.6837870496392108,1.3115734141923443,0.20629867989440479,0.7886557401491499,0.47828330660571455,-7.29930305480957,2.845815420150757,0.916422426700592,-7.14,3.24,1.65
1743702918.357765,2c08d2cc-7a1c-9d34-25ea-6265acb43d72,f3a03001-bb9f-1810-b757-e63c4144ba2d,1,-80.0,-80.0,-81.0,-61.0,-44.0,-58.0,-48.0,3.041063648761482,-1.9384851300644685,-3.006806875027575,0.019278889447192613,2.3862928180409146,2.0702180092091336,-2.3522162306592724,0.28691888912250846,1.2598455047591903,0.7289055924580334,1.3363381491689912,0.21902141434409605,1.2514058245013162,0.6301286032321801,-7.307209014892578,2.844067096710205,0.975016474723816,-7.14,3.24,1.65
1743702919.36692,2c08d2cc-7a1c-9d34-25ea-6265acb43d72,e2fae2f2-db08-200a-009d-436f884f20d6,4,-86.0,-80.0,-75.0,-61.0,-44.0,-59.0,-49.0,-3.0640997258745584,-1.783559728390744,-2.9870994829609883,-0.01179087941021682,2.3708465316846534,-3.030421493753166,-2.3491747619468515,0.3429732701940644,1.1133585953154905,0.7111012953064177,1.3706642982492947,0.2821142610957634,1.0795328803080417,0.39922474622009196,-7.313528060913086,2.8379344940185547,0.92990779876709,-7.14,3.24,1.65
1743702920.366633,2c08d2cc-7a1c-9d34-25ea-6265acb43d72,fe5f89b4-17f1-3fb6-88b8-39900088812e,10,-86.0,-71.0,-73.0,-64.0,-46.0,-54.0,-51.0,-3.0996193705973814,-1.6169011047444026,-2.995953694637175,-0.020576914162497233,2.3660379339706337,-0.7299651619137648,-2.3497131435046676,0.4064566722844508,1.2341460002399254,0.6708313701472205,1.3892038941778815,0.22797021592699002,1.0322436920187996,0.2898021773600504,-7.320323944091797,2.83196759223938,0.934499740600586,-7.14,3.24,1.65
1743702921.358351,2c08d2cc-7a1c-9d34-25ea-6265acb43d72,717b31a5-6372-edbf-22e2-70effa4039d2,2,-80.0,-81.0,-78.0,-61.0,-44.0,-58.0,-47.0,-3.1206892358776526,-1.5722598669719496,-2.9459914610067433,-0.05128955311772704,2.3775426119685887,-2.3748700659955,-2.4402558444685982,0.38349373223281075,1.0746353675383844,0.6462629101429125,1.3525858286634556,0.25698993990212693,1.2146106533586256,0.5223605313123912,-7.317627906799316,2.828620195388794,0.9066872000694275,-7.14,3.24,1.65
1743702922.376839,2c08d2cc-7a1c-9d34-25ea-6265acb43d72,6373f3df-9847-d54f-d078-73d35d24ac1b,16,-77.0,-69.0,-75.0,-66.0,-45.0,-64.0,-50.0,3.1118675147667645,-1.4208976416786965,-2.9646117507163594,0.03195979729371391,2.3862928180409146,2.897212661093985,-2.372881832550102,0.3713077062958534,1.349691638348812,0.648277990981721,1.3883829747718648,0.21902141434409605,0.7703190329685369,0.33719663970536723,-7.318584442138672,2.829493284225464,0.873856544494629,-7.14,3.24,1.65
1743702923.367398,2c08d2cc-7a1c-9d34-25ea-6265acb43d72,fad5526c-8478-b8e4-db2a-73aa69ae6074,1,-82.0,-86.0,-81.0,-61.0,-44.0,-58.0,-48.0,-3.124160133726353,-1.481292942037568,-2.873315925387353,0.00011904330072654194,2.368788815670728,3.0711875912534685,-2.3936375640954384,0.27116514278646964,1.1374305089345538,0.5826375282769112,1.4054857952923534,0.2154910312616108,0.7318049978989603,0.5673653865268347,-7.32416009902954,2.8323347568511963,1.2761160135269165,-7.14,3.24,1.65
1743702924.313855,2c08d2cc-7a1c-9d34-25ea-6265acb43d72,8fd7e14d-2ba6-ccd0-867b-7992e9b55452,30,-76.0,-72.0,-76.0,-74.0,-42.0,-57.0,-57.0,-3.1359233162612328,-1.5193488482245279,-2.9167222553623366,0.07753127723493182,2.388411596444874,2.7639743349345443,-2.3736305159348414,0.26147474846226876,1.4337298170751345,0.7082642963761836,1.421584470923828,0.2866277682421222,0.5769898830509308,0.48158118373733977,-7.332815170288086,2.8381593227386475,1.2149510383605957,-7.14,3.24,1.65
1743702925.313095,2c08d2cc-7a1c-9d34-25ea-6265acb43d72,70785939-baee-fd36-56f8-d46dc7ce36ae,4,nan,-78.0,-77.0,-61.0,-43.0,-57.0,-49.0,nan,-1.500111104616177,-2.988661959572538,0.018655443436005063,2.372881832550102,-3.0966882256329757,3.083349604524569,nan,1.3235762812253316,0.734886453055106,1.4117206548783925,0.33719663970536723,0.6801852082557265,0.4531172938713516,-7.350395679473877,2.8451650142669678,0.8101134300231934,-7.14,3.24,1.65
1743702926.367066,2c08d2cc-7a1c-9d34-25ea-6265acb43d72,725125bf-b1e9-6aff-fe0f-9f2a548af902,31,-79.0,-72.0,-76.0,-72.0,-42.0,-56.0,-54.0,3.1261122308053806,-1.4791477657795093,-3.071308902945403,0.1456378936881822,2.425527966856916,2.7348021876595374,-2.827578532608326,0.19289968197327342,1.4834800630827956,0.7445641141403452,1.3894385186699172,0.4107725766110523,0.4376770715652228,0.4682048197189086,-7.37656831741333,2.8499186038970947,0.7931907176971436,-7.14,3.24,1.65
1743702927.3775,2c08d2cc-7a1c-9d34-25ea-6265acb43d72,d85ca1a2-bc50-eb88-db99-fcb94893a9b1,7,-78.0,-75.0,-74.0,-61.0,-45.0,-55.0,-55.0,3.104781375738282,-1.4507278422067287,-3.057035691083123,0.0009331716459637651,2.3861876364720738,-3.075184022618693,-2.584654511956686,0.30555262779562936,1.4244102179984566,0.7745072326985966,1.3965230598017464,0.35519894621740616,0.6621548382959273,0.3303972586811815,-7.391454696655273,2.8497133255004883,0.806107223033905,-7.14,3.24,1.65
1743702928.364379,2c08d2cc-7a1c-9d34-25ea-6265acb43d72,de367bfd-56aa-1e43-72aa-9dfbc23d24de,32,-80.0,-74.0,-75.0,-71.0,-42.0,-57.0,-52.0,3.1043717815626275,-1.4653448681657377,-3.0792978535834226,0.08436521490818415,2.4459294586798275,2.7348021876595374,-2.4748881446370397,0.2117859548967611,1.420452627460544,0.8077723118215854,1.4042868401695998,0.46245008712454605,0.4376770715652228,0.44115693144888446,-7.390314102172852,2.83415412902832,0.8579607009887695,-7.14,3.24,1.65
1743702929.313415,2c08d2cc-7a1c-9d34-25ea-6265acb43d72,197ba458-e4b5-d1cb-51da-dd92a1e49621,3,-80.0,-81.0,-77.0,-61.0,-44.0,-59.0,-46.0,3.0561003889082876,-1.5221905742656967,-3.040191996136699,-0.023868048637617153,2.420433216056197,3.0791846889529237,-2.4304146235195567,0.10905583078274272,1.3078941239883455,0.7816290580856864,1.3685357667480493,0.42391020943315527,0.5750689196023472,0.3975777676640607,-7.371713638305664,2.820868492126465,0.9436705708503723,-7.14,3.24,1.65
1743702930.355693,2c08d2cc-7a1c-9d34-25ea-6265acb43d72,e30a9bbc-0b26-99d6-9343-a6abbfe56fcd,31,-79.0,-73.0,-76.0,-71.0,-43.0,-57.0,-53.0,3.0550926487518018,-1.5802526791935498,-3.054765346253831,0.024978853128289208,2.425527966856916,2.6970032956182477,-2.397146900360199,0.11642869239208622,1.423359467790366,0.7612044101585145,1.4151561326845945,0.4107725766110523,0.43113307223917596,0.4307826522689906,-7.3605499267578125,2.800389528274536,0.937524378299713,-7.14,3.24,1.65
1743702931.35816,2c08d2cc-7a1c-9d34-25ea-6265acb43d72,baf09e11-fe1b-aba9-c3d6-c75e6e0b853b,24,-75.0,-77.0,-79.0,-73.0,-46.0,-60.0,-63.0,3.0725352886273845,-1.6319848496844482,-3.0581241250206386,-0.011175955514517524,2.402424890354446,2.7095195001714965,-2.2267634479006766,0.15174175903810297,1.4527304061884139,0.7355154917045827,1.306251086753821,0.3039771854415045,0.3679140947754087,0.7351595216928563,-7.348715782165527,2.7787601947784424,0.895718812942505,-7.14,3.24,1.65
1743702932.314426,2c08d2cc-7a1c-9d34-25ea-6265acb43d72,859d3c74-55c5-9d42-127a-00cd9506fa74,12,-74.0,-68.0,-74.0,-62.0,-44.0,-58.0,-50.0,3.0657863057929053,-1.5945438673931875,-3.0218119235574084,-0.030301446882921572,2.3806297245416226,1.4596229255976854,-2.341244945537734,0.1777896549622204,1.4911493012319514,0.71447232461424,1.3172844299919648,0.2443691746417345,1.0084047068050792,0.575993319313222,-7.334661483764648,2.76399040222168,0.8927924633026123,-7.14,3.24,1.65
1743702933.377504,2c08d2cc-7a1c-9d34-25ea-6265acb43d72,4aa4c0f9-acf9-1c2e-fad1-aeb24453e1ca,7,-78.0,-75.0,-74.0,-61.0,-44.0,-55.0,-55.0,3.0580929660358844,-1.6446340659139975,-2.9993060818173665,-0.04181136279813503,2.3708465316846534,2.879068533106521,0.6968889717301756,0.2940275651517161,1.4335404663216293,0.7397684268073849,1.3890903103573897,0.2821142610957634,1.2283040371199558,1.4345840270214256,-7.319183826446533,2.7512121200561523,0.7865668535232544,-7.14,3.24,1.65
1743702934.357524,2c08d2cc-7a1c-9d34-25ea-6265acb43d72,76ed2bde-62c7-1480-b43b-63fb68732e18,3,-79.0,-82.0,-77.0,-62.0,-44.0,-58.0,-48.0,3.099911519368963,-1.7286615919959596,-2.9634314377212365,0.006726079649104124,2.3770414151922665,-2.964648726746986,2.419513147637919,0.30839092501689497,1.3934044981652636,0.7595539160729378,1.3649760524769947,0.32462569272385783,0.934976485721964,1.1406165458287196,-7.308326721191406,2.7411513328552246,0.8587269186973572,-7.14,3.24,1.65
1743702935.35854,2c08d2cc-7a1c-9d34-25ea-6265acb43d72,729722e2-50df-1a23-ff2f-5a4d5d2fb3b5,28,-77.0,-74.0,-79.0,-76.0,-45.0,-59.0,-65.0,3.099007109862772,-1.8284092253604416,-3.024799723984368,0.12998010437517035,2.3810143421540673,2.8488730176519272,-2.814847914235946,0.2168004375580281,1.3957044040826556,0.7814789889582604,1.3857107589340791,0.31200562032730145,0.6768146602621665,0.9341632418663649,-7.305667877197266,2.7262563705444336,1.2942001819610596,-7.14,3.24,1.65
1743702936.314856,2c08d2cc-7a1c-9d34-25ea-6265acb43d72,24532df4-bfdd-8ea8-9ace-ea4fe785ea05,17,-76.0,-72.0,-75.0,-69.0,-45.0,-64.0,-51.0,3.104045278012984,-1.72093842483473,3.1405742607889464,0.12049845194616125,2.3775426119685887,2.6934653587137394,-2.5851422153925667,0.41535845467560883,1.4202933704273577,0.6617220276386045,1.3730430337349537,0.25698993990212693,0.446876479809411,0.5364179529812901,-7.3016180992126465,2.705258846282959,1.307610273361206,-7.14,3.24,1.65
1743702937.357748,2c08d2cc-7a1c-9d34-25ea-6265acb43d72,e082daca-76fb-0ef9-8ed3-1c0aab2584f4,20,-74.0,-79.0,-78.0,-81.0,-46.0,-65.0,-53.0,-3.122545192841329,-1.7107451757624517,3.1389971367914016,0.04490702124924314,2.368788815670728,2.769853854168027,-2.165459536352939,0.7769532795808071,1.4910377147822769,0.674586893337423,1.3626784102465288,0.2154910312616108,0.3434692366317282,0.8766382632509307,-7.29766082763672,2.6844935417175293,1.297029733657837,-7.14,3.24,1.65
1743702938.35184,2c08d2cc-7a1c-9d34-25ea-6265acb43d72,d3d0a57c-c577-cd02-21c1-cbe814baab44,1,nan,nan,nan,nan,-46.0,-58.0,-48.0,nan,nan,nan,nan,2.3835457832150087,3.00211792954925,-2.2992140743955716,nan,nan,nan,nan,0.23171228242386108,0.5020184563832653,0.8365391221563045,nan,nan,nan,-7.14,3.24,1.65
1743702939.314922,2c08d2cc-7a1c-9d34-25ea-6265acb43d72,e45c8595-8f3f-34da-813b-a02b75fea270,20,-75.0,-78.0,-77.0,-78.0,-46.0,nan,-53.0,-3.136653555032132,-1.7414306504745627,-3.123229092609261,0.15017512123735022,2.3888727449403135,nan,-2.1809073046631493,0.8197116624625742,1.4781364303555515,0.7388777991598352,1.326637984372541,0.20629867989440479,nan,0.8439306862740378,-7.290231704711914,2.695913553237915,1.3154473304748535,-7.14,3.24,1.65
1743702940.378272,2c08d2cc-7a1c-9d34-25ea-6265acb43d72,27e03987-1410-aab3-8a33-b9c88842acaf,33,-81.0,-73.0,-75.0,-71.0,-43.0,-57.0,-55.0,-3.1402152666740046,-1.6808579835870918,-3.1100927842163357,0.24179372169047417,2.457521096117435,1.3036176945463887,-2.2875993622641526,0.7505251341872966,1.4825432961693603,0.7383812527745898,1.3443891514604096,0.376089424788938,1.1354784225544494,0.7351595216960121,-7.296227931976318,2.7032723426818848,1.3376822471618652,-7.14,3.24,1.65
1743702941.367095,2c08d2cc-7a1c-9d34-25ea-6265acb43d72,c83a61af-7b2c-1b33-3fe7-4dd18328b559,0,-75.0,-86.0,-81.0,-61.0,-43.0,-56.0,-48.0,-3.1004177862921867,-1.5867772907061894,-3.0237967775178443,0.20226415531431907,2.4260229445196035,2.645223182954491,-2.3732755778714885,0.5388477363944699,1.4289642234624922,0.8558641408394272,1.3420133454519498,0.3527088624858705,1.1975651133310752,0.7986953483882407,-7.290095329284668,2.711421012878418,1.3373783826828,-7.14,3.24,1.65
1743702942.379413,2c08d2cc-7a1c-9d34-25ea-6265acb43d72,f4691fb4-3e02-d55b-4753-370377558264,27,-78.0,-75.0,-82.0,-75.0,-45.0,-61.0,-64.0,-3.1093670728192895,-1.9066430444909364,-3.0910738192915352,0.24067093297489678,2.4260229445196035,0.6854116443144471,-2.245639251143364,0.47919465903140357,1.431796628439846,0.8086811821226024,1.24762612272958,0.3527088624858705,0.9689692456335662,0.8248281994303,-7.29628038406372,2.7187089920043945,1.3851670026779175,-7.14,3.24,1.65
1743702943.366565,2c08d2cc-7a1c-9d34-25ea-6265acb43d72,2fa08c56-f317-16ef-1800-e7fbc04969a7,23,-74.0,-75.0,-80.0,-70.0,-46.0,-60.0,-59.0,-3.127538886201336,-2.0348554756925665,-3.017791082943607,0.23700855384381983,2.395095080674081,2.5916719125676675,-1.9721962029207094,0.3757768567896563,1.4710980950686359,0.8084861721517812,1.2489430558886239,0.26108183817190533,1.0895295786093415,0.937670319470271,-7.3092942237854,2.7156805992126465,1.3909895420074463,-7.14,3.24,1.65
1743702944.366845,2c08d2cc-7a1c-9d34-25ea-6265acb43d72,5ebf07e9-ca8a-5bff-87d8-becd50d85d64,7,-76.0,-73.0,-74.0,-61.0,nan,-55.0,-55.0,-3.121041305773761,-1.970255310288569,-2.965843995352739,0.1982936484451199,nan,-3.0284973469562635,-1.119374702932638,0.4659576165702465,1.451382713518779,0.7008092429576974,1.3179985566382695,nan,0.9044595291610283,0.6667681137479673,-7.320519924163818,2.709280490875244,1.4850366115570068,-7.14,3.24,1.65
1743702945.379621,2c08d2cc-7a1c-9d34-25ea-6265acb43d72,0ed8c6bd-4bc4-0d6c-5fca-9d41e4c142c5,0,-75.0,-85.0,-84.0,-60.0,-44.0,-56.0,-47.0,-3.0755252195832163,-1.9344396552105836,-2.9318926861958636,0.17161330169637906,2.3835457832150087,-3.035407393382473,-1.6205967626447966,0.40199308113942356,1.3429298723411007,0.7510749437943435,1.3592892714432943,0.23171228242386108,0.8524135924477713,0.9590616391117668,-7.322178840637207,2.7030317783355713,1.5000447034835815,-7.14,3.24,1.65
1743702946.367774,2c08d2cc-7a1c-9d34-25ea-6265acb43d72,ecc930c6-85ab-59c9-17fc-3651a10c85ad,14,-71.0,-67.0,-75.0,-62.0,-46.0,-59.0,-50.0,-3.13951565425564,-1.9495428412265865,-3.032480014252047,0.1687000697799414,2.368788815670728,0.8077300518794023,-2.22715588647642,0.4285851440980282,1.4567439231092176,0.6600724656594095,1.3363699739440176,0.2154910312616108,1.154316793670745,0.680695109383984,-7.30863904953003,2.711411476135254,1.5119081735610962,-7.14,3.24,1.65
1743702947.377423,2c08d2cc-7a1c-9d34-25ea-6265acb43d72,e45e3059-1bd6-0420-7599-30a4cfe88725,10,-78.0,-70.0,-74.0,-63.0,-46.0,-53.0,-53.0,3.1100176830735955,-1.8567953267873778,-3.045767590194889,0.14748080116251702,2.353897040783973,-0.2639172742102037,-2.3501626501847315,0.45240891768252284,1.413133062362516,0.6835453011912588,1.3673096473821766,0.19959962478258686,0.7503509983349663,0.44268437068228345,-7.29668140411377,2.7277393341064453,1.525512933731079,-7.14,3.24,1.65
1743702948.377462,2c08d2cc-7a1c-9d34-25ea-6265acb43d72,ec1d4a60-a621-fe7c-da76-242b0f982714,31,-77.0,-73.0,-77.0,-72.0,nan,nan,-54.0,3.061455473228219,-1.9918471551424952,-3.0797196983000914,0.19202030618132926,nan,nan,-2.3425682521410476,0.324332274406973,1.4254433913433526,0.6989993586808796,1.3876479423110029,nan,nan,0.4988987715371881,nan,nan,nan,-7.14,3.24,1.65
1743702949.367506,2c08d2cc-7a1c-9d34-25ea-6265acb43d72,345fbe63-5aa9-6abf-6c23-fe8be4c192f8,11,-76.0,-67.0,-75.0,-62.0,-44.0,-54.0,-50.0,3.0479005159119335,-1.9624130998266127,-3.01981428642374,0.15072639558299664,2.353897040783973,0.29728212570210394,-2.389742618151856,0.30933658023046845,1.448143111210752,0.6836788587199263,1.3623894572682553,0.19959962478258686,0.48735461379917083,0.39908236509574974,-7.29071044921875,2.74286699295044,1.5160207748413086,-7.14,3.24,1.65
1743702950.366964,2c08d2cc-7a1c-9d34-25ea-6265acb43d72,6e5a17ac-a503-8bac-52be-30e6ae01dc22,22,-72.0,-74.0,-78.0,-72.0,nan,nan,nan,3.051373277973397,-1.9850684780618622,-3.052307248567687,0.2016002292545623,nan,nan,nan,0.31418786105118407,1.4508484834041089,0.6488863901327496,1.3283100500629472,nan,nan,nan,nan,nan,nan,-7.14,3.24,1.65
1743702951.360501,2c08d2cc-7a1c-9d34-25ea-6265acb43d72,5844541c-a26f-8703-d497-c3afbcc04f65,30,-76.0,-72.0,-78.0,-74.0,-42.0,-58.0,-55.0,3.03676903518762,-2.0376703038067254,-3.0535850332587073,0.22270657984176728,2.395095080674081,1.6776919156648824,-2.385230112751072,0.22214160686126377,1.3919389606173929,0.6536383350448054,1.3198565109727634,0.26108183817190533,1.1142088951355407,0.5013739588138157,-7.309297561645508,2.742694616317749,1.5269074440002441,-7.14,3.24,1.65
1743702952.373936,2c08d2cc-7a1c-9d34-25ea-6265acb43d72,f021b35f-3b0c-25f0-70de-4606b194d9fe,20,-76.0,-77.0,-77.0,-83.0,-46.0,-65.0,-53.0,3.044052780768987,-2.0394154732690546,-3.1191776256429233,0.20862618084240936,2.3862928180409146,2.570859056141463,-2.0321370739551337,0.4414460483447253,1.4699322963014534,0.6160244470197713,1.3179134686414415,0.21902141434409605,0.804605548477788,0.8337871823958268,-7.320149898529053,2.7475063800811768,1.532254934310913,-7.14,3.24,1.65
1743702953.376147,2c08d2cc-7a1c-9d34-25ea-6265acb43d72,36f260b0-325c-19d6-3bbc-58a680e47d36,33,-81.0,-74.0,-76.0,-73.0,-43.0,-57.0,-54.0,3.0111105433491425,-2.0403008411734516,-3.13709697135363,0.1966094653717538,2.4395807436846955,1.0957816722504858,-2.183684523800206,0.31400347043520965,1.4538748996668753,0.6573431250162418,1.3057247129643668,0.3710272071606146,0.9530995439007967,0.7440610811735504,-7.329407691955566,2.76831865310669,1.5628631114959717,-7.14,3.24,1.65
1743702954.368148,2c08d2cc-7a1c-9d34-25ea-6265acb43d72,904e6ac9-cc36-8c1e-e547-7fc549249133,24,-76.0,-74.0,-79.0,-72.0,-46.0,-60.0,-62.0,3.040595997674064,-2.1415181399854935,3.1374913855110713,0.32717919361226766,2.4094423861646956,2.3153041093660067,-2.0147098996739685,0.2825684823238095,1.4388545379607738,0.677803792197157,1.268495851453931,0.2780964962353479,0.9054646307782221,0.8414204711719352,-7.3372578620910645,2.791456460952759,1.5850536823272705,-7.14,3.24,1.65
1743702955.358176,2c08d2cc-7a1c-9d34-25ea-6265acb43d72,938bfc74-72aa-73b2-8772-ab802bfcd4e8,12,-76.0,-66.0,-75.0,-61.0,-44.0,-55.0,-50.0,3.0596296099848606,-2.177757637150965,-3.125434988940173,0.2709233776937609,2.4010842911598163,1.0291474587269438,-2.3329693963528872,0.29943644532566704,1.4753188059222477,0.6981335650104948,1.2967445337686196,0.23538571970124683,0.8819822052032352,0.5880971270222586,-7.33983325958252,2.8128411769866943,1.6031423807144165,-7.14,3.24,1.65
1743702956.377262,2c08d2cc-7a1c-9d34-25ea-6265acb43d72,cd8317f5-98fc-6389-0294-f7ca2507051d,13,-74.0,-67.0,-76.0,-61.0,-44.0,-57.0,-50.0,2.9406203977202714,-2.1784857453929924,-3.1313506686695662,0.24807052606368193,2.3713728376801697,0.8026986045286139,-2.3737161000823166,0.2596462719920908,1.4674809896760903,0.7036634192769626,1.32630002923021,0.20297934429046777,0.5433209627071369,0.43704495408964417,-7.33797550201416,2.8317439556121826,1.6141774654388428,-7.14,3.24,1.65
1743702957.313728,2c08d2cc-7a1c-9d34-25ea-6265acb43d72,7762905b-eccc-4e4b-ca8a-733e8bff0892,29,-77.0,-73.0,-79.0,-77.0,-44.0,-59.0,-62.0,2.9829939538245225,-2.4362461830829276,3.121401631469248,0.32446995983533006,2.3713728376801697,1.7905983645654178,-2.3785425399203275,0.2391683941326309,1.4042801822668747,0.6868603375371621,1.342706433125643,0.20297934429046777,0.9425627452539965,0.5140284874076165,-7.337189197540283,2.847600221633911,1.60765266418457,-7.14,3.24,1.65
1743702958.366965,2c08d2cc-7a1c-9d34-25ea-6265acb43d72,4f93e8d9-d72c-b3ae-ded9-fdae9e1c4805,13,-74.0,-66.0,-77.0,-61.0,-45.0,-57.0,-51.0,3.005219631017887,-2.5319948137545465,3.126452582792693,0.25280349595297075,2.373791714864879,0.9787157273209264,-2.3737161000823166,0.4005770450983148,1.4748608753728085,0.6656774876476447,1.2892344194945962,0.19043725859310148,0.7099151805557865,0.43704495408964417,-7.333425521850586,2.854130744934082,1.599959135055542,-7.14,3.24,1.65
1743702959.313588,2c08d2cc-7a1c-9d34-25ea-6265acb43d72,9225e110-803c-dfab-7a94-88306108679c,0,-76.0,-90.0,-81.0,-61.0,-44.0,-55.0,-48.0,3.067740533400806,-2.5295492329255267,-3.1003280377634517,0.13256656642585532,2.3631183711609456,1.8328649643715602,-2.407242223346747,0.2519764845659603,1.4776682466359157,0.7530745117198023,1.375124160968796,0.2404147567047194,1.2451290844249379,0.6219111350223233,-7.3378424644470215,2.856135368347168,1.5758929252624512,-7.14,3.24,1.65
1743702960.314288,2c08d2cc-7a1c-9d34-25ea-6265acb43d72,23fd31fb-2c9d-fe05-f8ab-ab3774432ca4,19,-77.0,-75.0,-77.0,-87.0,-45.0,-65.0,-52.0,3.0860875827825796,-2.6419231793341833,-2.983600089288624,0.17925843823766954,2.3862928180409146,2.603244526167753,-2.4038545179195894,0.5584667115128656,1.4783036768720086,0.7163233547298996,1.328887290229222,0.21902141434409605,0.7968588539450577,0.4629519932486218,-7.336852550506592,2.8574507236480713,1.5337780714035034,-7.14,3.24,1.65
1743702961.313668,2c08d2cc-7a1c-9d34-25ea-6265acb43d72,4f2c48e5-8219-f27e-6a96-d675027d987d,13,-74.0,-66.0,-77.0,-61.0,-46.0,-56.0,-53.0,3.0586825899012284,-2.678374664122425,-3.051245712557182,0.12853427421936633,2.3713728376801697,1.1266592261603108,-2.3946672625923857,0.4945893613182292,1.5053733777721188,0.711291378429222,1.2935428815061265,0.20297934429046777,0.923344129522689,0.3863045141030479,-7.32796049118042,2.8561978340148926,1.5518710613250732,-7.14,3.24,1.65
1743702962.31936,2c08d2cc-7a1c-9d34-25ea-6265acb43d72,e099fe5d-16d3-0c91-8d13-0291b1c09fa4,15,nan,-67.0,-76.0,-63.0,-45.0,-61.0,-50.0,nan,-2.452331942383115,-3.0330994655216,0.07680343530901317,2.3563172120550138,0.771921258891115,-2.3708465316846534,nan,1.4815134517758268,0.6870980246644518,1.2647848696329602,0.18727154426891499,0.6053267813237165,0.2821142610957634,-7.3268890380859375,2.8517284393310547,1.540786623954773,-7.14,3.24,1.65
1743702963.358695,2c08d2cc-7a1c-9d34-25ea-6265acb43d72,f79547b3-e1d8-b2b7-fbc2-393dd414808f,1,-80.0,-85.0,-81.0,-61.0,-44.0,-55.0,-47.0,3.079852057406268,-2.47268941207179,-3.0211040553396655,0.045330996494783754,2.3742823008707594,1.495345153855619,-2.4643830550423065,0.2957277937706499,1.4497577857796673,0.7237960515906073,1.3132968788917891,0.26957238283895607,1.3432447590929588,0.562962621763673,-7.33733081817627,2.8339784145355225,1.5037083625793457,-7.14,3.24,1.65
1743702964.358917,2c08d2cc-7a1c-9d34-25ea-6265acb43d72,55830000-ff48-c016-fc00-be86577a4e71,30,-76.0,-73.0,-77.0,-75.0,-42.0,-58.0,-57.0,3.079529814914369,-2.3138670067749523,-3.076930303374342,0.08605658851649348,2.384803486579393,2.4764000612487647,-2.396606868289403,0.26360587654557743,1.3829814182909115,0.8079192517347306,1.3744876654682672,0.29933885479714123,0.91859833508584,0.6009208751654301,-7.3461713790893555,2.8141770362854,1.4675153493881226,-7.14,3.24,1.65
1743702965.35799,2c08d2cc-7a1c-9d34-25ea-6265acb43d72,b3142a00-d702-d211-1818-32fcabe8dbd4,3,-84.0,-80.0,-77.0,-61.0,-43.0,-57.0,nan,3.070238045871082,-2.1591229663714624,-3.0718452635889446,-0.009376191249841974,2.399389790067566,3.0894516854601295,nan,0.22497259703428846,1.2619533967619878,0.7951027889887243,1.372361397653948,0.3734694681227302,0.8370817398314098,nan,-7.355527877807617,2.79785418510437,1.4348361492156982,-7.14,3.24,1.65
1743702966.378433,2c08d2cc-7a1c-9d34-25ea-6265acb43d72,e0a90f53-1490-b341-455a-e6e7b9f711d0,10,-81.0,-70.0,-74.0,-63.0,-46.0,-53.0,-53.0,3.08838003184892,-1.9849141478766918,-3.079693333005299,-0.047498010673781225,2.3810143421540673,2.6388569961326005,-2.4304146235195567,0.32370586562907266,1.38829562308811,0.7814430362835444,1.3343547599471546,0.31200562032730145,0.5009624613439587,0.3975777676640607,-7.363330841064453,2.784296989440918,1.44003164768219,-7.14,3.24,1.65
1743702967.37794,2c08d2cc-7a1c-9d34-25ea-6265acb43d72,c4c5c0e5-d6ee-1fd4-ec41-b46b8c023d3f,14,-74.0,-68.0,-75.0,-62.0,-45.0,-59.0,-51.0,3.046674396546061,-2.0114472218171517,-3.0536659933558457,-0.028862540945951757,2.3806297245416226,1.3596818945336024,-2.3905297063619924,0.4435741803718077,1.4553482935399615,0.7383109453218116,1.299042042841031,0.2443691746417345,0.980020310307737,0.34246692602267753,-7.3626909255981445,2.7745182514190674,1.4090021848678589,-7.14,3.24,1.65
1743702968.368036,2c08d2cc-7a1c-9d34-25ea-6265acb43d72,35090e5f-3bae-4cd3-e1a5-d363877d5c36,3,-84.0,-81.0,-77.0,-62.0,-43.0,-57.0,-47.0,3.1138734076998125,-1.976682583263366,-3.013335880756013,-0.06387139137169738,2.3905297063619924,2.7826737015171115,-3.036451412505016,0.504408902310542,1.338517946521221,0.7676985284766726,1.4013002381651305,0.34246692602267753,1.1634126285834276,0.590847452370225,-7.378878593444824,2.7638792991638184,1.4032200574874878,-7.14,3.24,1.65
1743702969.367985,2c08d2cc-7a1c-9d34-25ea-6265acb43d72,0276fade-3508-9843-35df-67822ab2fe0b,3,nan,-80.0,-77.0,-62.0,-43.0,-57.0,-47.0,nan,-1.9616146841318067,-3.099311509175368,-0.0688357899597141,2.3769184149494693,-3.0284973469562635,2.856592343295635,nan,1.3306859892294614,0.7835871472771672,1.3955667186542988,0.3805010342064631,0.9044595291610283,0.6433537564911327,-7.389270782470703,2.75680422782898,1.4407156705856323,-7.14,3.24,1.65
1743702970.359338,2c08d2cc-7a1c-9d34-25ea-6265acb43d72,eb3c2345-defb-dadd-9b8f-4374939446c1,21,-74.0,-75.0,-79.0,-76.0,-47.0,-64.0,-53.0,3.1396591986383955,-1.9534226674606685,-3.0145201884927713,-0.06481654724256651,2.3708465316846534,3.058406900618775,-2.5590712679021945,0.5973117456203296,1.4705654628506197,0.7901701485967066,1.3737973741137186,0.2821142610957634,0.5743775400285678,1.0809754640040115,-7.40361738204956,2.751173973083496,1.49539840221405,-7.14,3.24,1.65
1743702971.367787,2c08d2cc-7a1c-9d34-25ea-6265acb43d72,efaf2260-1187-c748-1c39-b88146279eba,0,-77.0,-87.0,-81.0,-61.0,-44.0,-56.0,nan,-3.139129762213688,-1.8945621468380096,3.102706240616892,-0.1295779670505684,2.3672329296392554,-3.0966882256329757,nan,0.4267539878220034,1.4652053185246172,0.7041271422017726,1.3925148692031228,0.2946132825515736,0.6801852082557265,nan,-7.414841651916504,2.7477619647979736,1.5283453464508057,-7.14,3.24,1.65
1743702972.359401,2c08d2cc-7a1c-9d34-25ea-6265acb43d72,4747e291-7e74-84c2-85c6-50522536afa5,20,-75.0,-77.0,-78.0,-85.0,-47.0,-67.0,nan,-3.101835653256545,-1.770171884432861,-3.1232658442323036,-0.1215828911420415,2.3806297245416226,2.985148908876029,nan,0.5704476407563732,1.4778346942040457,0.6965077717440288,1.3593736936498495,0.2443691746417345,0.4662864596520481,nan,-7.411246299743652,2.753452777862549,1.5251415967941284,-7.14,3.24,1.65
1743702973.374602,2c08d2cc-7a1c-9d34-25ea-6265acb43d72,efcb981e-1c29-1012-95e4-61fc517310f4,33,-80.0,-74.0,-75.0,-71.0,-43.0,-59.0,-55.0,-3.1374407854503596,-1.7439055260755731,3.130287534762407,-0.04382551153056196,2.4350975029193074,1.3684550692224848,-2.48238535139751,0.41481433757539204,1.4906496922114523,0.6839162129520795,1.3991296287186614,0.3843284504342183,1.0889169444927294,0.809307585107349,-7.397592544555664,2.7674598693847656,1.5582636594772339,-7.14,3.24,1.65
1743702974.35962,2c08d2cc-7a1c-9d34-25ea-6265acb43d72,16676bf8-1d5a-2abe-8d01-9f577e16b118,2,-76.0,-86.0,-75.0,-61.0,-43.0,-56.0,-47.0,3.1186734892485712,-1.7460281986224209,-3.1292947083080254,-0.1199088280808177,2.417205047704498,2.8680533313641425,-2.631652038585073,0.2788600637953878,1.461391405527515,0.7022878299949095,1.4291438536780179,0.3789537379557923,1.1734849022723834,0.840652986426274,-7.38599443435669,2.78473424911499,1.5756900310516357,-7.14,3.24,1.65
1743702975.367464,2c08d2cc-7a1c-9d34-25ea-6265acb43d72,6de96c10-98f4-e20e-9bd9-1f461114ec9b,5,-89.0,-76.0,-73.0,-61.0,-43.0,-56.0,-49.0,-3.0554657576205217,-1.6784603396576934,-3.1143756798814013,-0.06548553330839442,2.3737161000823166,-2.811742744773108,2.9112877376124704,0.28991427955857507,1.3798862924720212,0.754729266863123,1.4061585097837073,0.43704495408964417,1.0049683580244873,0.5810703791740358,-7.375646114349365,2.8026955127716064,1.4117213487625122,-7.14,3.24,1.65
1743702976.314184,2c08d2cc-7a1c-9d34-25ea-6265acb43d72,1f4a4fd7-8db3-fb26-c4ae-dbb1ff184699,21,-74.0,-75.0,-79.0,-75.0,-47.0,-63.0,-53.0,-3.0547594872994326,-1.6251418572634897,-3.09100803921261,0.026276877843593827,2.3810143421540673,3.1197400235225863,-2.592950721249052,0.48031438511172736,1.4858681196322696,0.8226477975643867,1.410667108351157,0.31200562032730145,0.6456570583285858,1.0514995483038485,-7.357086181640625,2.8246536254882812,1.416513204574585,-7.14,3.24,1.65
1743702977.378846,2c08d2cc-7a1c-9d34-25ea-6265acb43d72,a7733b47-4afe-4e64-28b2-358495ce32bd,3,-81.0,-84.0,-75.0,-62.0,-43.0,-58.0,-48.0,-3.1172084843329184,-1.669387615614066,-3.101708354156439,-0.015020761180264918,2.3769184149494693,-2.943242718748445,2.9121758355590126,0.23878536498885022,1.2266450738716628,0.7891056165299749,1.3993883548185626,0.3805010342064631,0.6536419220288567,0.912218260712838,-7.352867603302002,2.846322774887085,1.4329060316085815,-7.14,3.24,1.65
1743702978.378392,2c08d2cc-7a1c-9d34-25ea-6265acb43d72,31a7bb3d-c60b-153d-4a8f-71cbf6180b35,31,-80.0,-72.0,-77.0,-72.0,-43.0,-57.0,-55.0,3.0973298510082405,-1.508125621600661,-3.0746458437912723,0.10247684084959505,2.412499296729842,2.835558816864329,-2.7784115843189703,0.16734695091958576,1.4761134931915274,0.7754820828156198,1.3698203424998487,0.3919975356735431,0.5373516787548388,0.8216808095445772,-7.342808723449707,2.867414712905884,1.4376028776168823,-7.14,3.24,1.65
1743702979.312388,2c08d2cc-7a1c-9d34-25ea-6265acb43d72,c773381b-626d-925e-d402-14ef65fce61c,20,-76.0,-78.0,-78.0,-81.0,-48.0,-65.0,-52.0,3.128015858352569,-1.5840314384642633,-3.033127162396937,0.03825897222007834,2.388411596444874,2.8396110315420966,-2.0407924155730326,0.40482382164109604,1.4804356704826716,0.7538088783903916,1.3203800884430728,0.2866277682421222,0.3850385529270196,1.0365373814952696,-7.314307689666748,2.8960061073303223,1.4178497791290283,-7.14,3.24,1.65
1743702980.313912,2c08d2cc-7a1c-9d34-25ea-6265acb43d72,0132392e-17c7-83db-38c0-2c3d297c1cd7,1,-78.0,-82.0,-79.0,-61.0,-43.0,-57.0,-48.0,-3.0930701248446586,-1.4907551533906194,-3.013510584123522,0.009531187225284584,2.3946811886372545,3.03765033855719,-2.325324266928894,0.3084937563244856,1.4086577533086924,0.7636314820179582,1.3995032702195995,0.3296843256891804,0.5734894384743191,0.9520117227298517,-7.294442653656006,2.9267404079437256,1.4323750734329224,-7.14,3.24,1.65
1743702981.359741,2c08d2cc-7a1c-9d34-25ea-6265acb43d72,fd455eac-b181-7a9e-3ad1-58bb08b688c9,31,-78.0,-73.0,-75.0,-71.0,-43.0,-57.0,-56.0,-3.09911763104801,-1.6120032851836381,-3.0187564788387604,0.09436937954306682,2.4350975029193074,2.6849650841113695,-2.313384655017617,0.21508963951851803,1.4083976956282458,0.7533070722619934,1.4530648992213278,0.3843284504342183,0.3963793887175866,0.8248281994340766,-7.294584274291992,2.952803134918213,1.4134021997451782,-7.14,3.24,1.65
1743702982.378198,2c08d2cc-7a1c-9d34-25ea-6265acb43d72,1bf7d4ad-77fe-00a2-45ab-8ef17f1f02c6,30,-75.0,-71.0,-75.0,-74.0,-43.0,-60.0,-58.0,-3.087244193644001,-1.6627467571198444,-3.0295095243721732,0.11212653874338814,2.412381552264293,2.5624879333885606,-2.3295254979773734,0.2158722094048378,1.468365025999942,0.7731614042417249,1.4106159756582275,0.3346473206000399,0.41870132062206944,0.7219926216666467,-7.311209201812744,2.964294195175171,1.4325566291809082,-7.14,3.24,1.65
1743702983.37759,2c08d2cc-7a1c-9d34-25ea-6265acb43d72,d0b5ede5-ca3b-a72f-3785-f81f5267b0b3,33,-82.0,-74.0,-75.0,-70.0,-43.0,-59.0,-55.0,3.134821300202158,-1.6460130507264406,-3.025525435381415,0.2137005679834463,2.4616720776652454,1.4170494988267421,-2.3898488592135423,0.18556105862869426,1.4554493605033303,0.7261326425520156,1.3865520515224352,0.4219892663489362,0.9693109854820987,0.647618877592213,-7.315271377563477,2.9677884578704834,1.4210903644561768,-7.14,3.24,1.65
1743702984.35985,2c08d2cc-7a1c-9d34-25ea-6265acb43d72,3a0e73f4-1443-b4ce-aef5-6e6c4ebb4426,13,-72.0,-67.0,-74.0,-62.0,-44.0,-57.0,-49.0,-3.086166412350846,-1.6463583295617692,-3.0397357966419682,0.23995294474501142,2.402424890354446,0.8723022940698557,-2.3798501157004566,0.284003859572335,1.4583723129577464,0.7253368234392729,1.3704734827571907,0.3039771854415045,0.6369164018316316,0.46898868761915735,-7.31133508682251,2.9625821113586426,1.26128876209259,-7.14,3.24,1.65
1743702985.359984,2c08d2cc-7a1c-9d34-25ea-6265acb43d72,76b93b3c-550b-0b12-f02c-311a72587ce4,36,-76.0,-70.0,-80.0,-73.0,-43.0,-61.0,-58.0,3.1202612658904765,-1.677446873704864,-3.0573443514534637,0.21612644142039952,2.4591350295939476,0.7083843354199706,-2.323654481418131,0.16038290118232623,1.4687871370327195,0.702623787766423,1.3396230252155494,0.30382702245076876,0.4430685049255056,0.6664784760561362,-7.301416873931885,2.9521517753601074,1.4452049732208252,-7.14,3.24,1.65
1743702986.368057,2c08d2cc-7a1c-9d34-25ea-6265acb43d72,e9d259a3-ff50-0d60-137b-b46bb3714e6f,6,-75.0,-75.0,-73.0,-61.0,nan,-55.0,-50.0,-3.12562380706146,-1.753285312592887,-3.0550178139251702,0.15785514518892071,nan,1.1912359332562006,3.059322582294931,0.34429150164413996,1.4126411765091784,0.7018500063117005,1.3415378380393161,nan,1.4768239356404917,0.5569839329741101,-7.307374477386475,2.937066078186035,1.4379615783691406,-7.14,3.24,1.65
1743702987.376312,2c08d2cc-7a1c-9d34-25ea-6265acb43d72,ed584349-4729-8756-d064-01ed79fbcfe0,26,-79.0,-76.0,-81.0,-75.0,-44.0,-61.0,nan,-3.0808986797146694,-1.8061163033495515,-3.0836001903244457,-0.014858308353770087,2.4200971532662794,0.5099406148583508,nan,0.3531264386919369,1.3599504011839063,0.687996708374299,1.3003331433375014,0.3085265800588295,0.8406529862962169,nan,-7.307297706604004,2.927204132080078,1.4268150329589844,-7.14,3.24,1.65
1743702988.368022,2c08d2cc-7a1c-9d34-25ea-6265acb43d72,11133b47-ad64-2897-cf91-e9750a626b58,22,-71.0,-75.0,-78.0,-72.0,-45.0,-60.0,-54.0,-3.081700024886674,-1.803511998119563,-3.136052213257992,0.0420286767430855,2.3981753287981773,2.4626934401498954,-2.5782534916923554,0.39633519540355017,1.4529443911820017,0.7184594762402523,1.2761424527338212,0.24825146558645955,1.1753015915399379,1.0284315018780448,-7.302204132080078,2.9210028648376465,1.4162588119506836,-7.14,3.24,1.65
1743702989.378141,2c08d2cc-7a1c-9d34-25ea-6265acb43d72,dc196f00-f49d-ac25-52cf-d7ae45ed6025,16,-73.0,-69.0,-74.0,-66.0,-46.0,-60.0,-51.0,-3.0421566100728508,-1.851883392472836,-3.1059164149948737,0.12725036425783912,2.3862928180409146,2.5739872942523307,-2.4372465111853563,0.5076892842727608,1.4792843859434301,0.7475073731980734,1.3178962912524104,0.21902141434409605,0.6663239428945864,0.6511591895822006,-7.312971115112305,2.900128126144409,1.2812490463256836,-7.14,3.24,1.65
1743702990.358259,2c08d2cc-7a1c-9d34-25ea-6265acb43d72,bc0c22b7-d2f6-ea35-8ba8-8678170b9cc2,0,-74.0,-84.0,-80.0,-61.0,-46.0,-56.0,-48.0,-3.0521296157229796,-1.9208443510037836,-3.110242720185707,0.05612585365731094,2.3835457832150087,2.9174214181769904,-2.4609988529076317,0.4157720435928981,1.448348840404961,0.7574120687662417,1.3474178314101022,0.23171228242386108,0.7901850882815165,0.7648684877302755,-7.31684970855713,2.8723607063293457,1.2967880964279175,-7.14,3.24,1.65
1743702991.378152,2c08d2cc-7a1c-9d34-25ea-6265acb43d72,9c145bdb-9117-01f3-420a-1cf4920d66d0,24,-74.0,-75.0,-79.0,-72.0,-46.0,-60.0,-61.0,-3.056708388585153,-1.9650054208316956,-3.106951585710587,0.07768281110095733,2.3862928180409146,2.724367853631522,-2.1845577873273005,0.2742829221193822,1.4873588240524416,0.7337499490599148,1.2340085811276775,0.21902141434409605,0.4856578175972918,0.9590646229076044,-7.2930498123168945,2.849029302597046,1.2752255201339722,-7.14,3.24,1.65
1743702992.36789,2c08d2cc-7a1c-9d34-25ea-6265acb43d72,4416951f-313f-6a56-cdbf-5b5ecb4c6d73,34,-79.0,-71.0,-75.0,-72.0,-42.0,-58.0,-58.0,-3.0904514385447834,-1.9748916074302878,-3.117381589803774,0.0032780849857785344,2.457521096117435,1.343187089554607,-2.379324985607392,0.2571373911529112,1.4668852405402397,0.6873184678236831,1.3261978970024058,0.376089424788938,1.0137595409339475,0.7290267872381455,-7.2727813720703125,2.8290703296661377,1.2950730323791504,-7.14,3.24,1.65
1743702993.378574,2c08d2cc-7a1c-9d34-25ea-6265acb43d72,6aac5a93-8c77-e3f6-269c-ed5dbb665bb1,3,-79.0,-80.0,-75.0,-62.0,-44.0,-59.0,-48.0,-3.102908374543629,-2.03872944297225,-3.030545227720105,-0.07663618879255618,2.412499296729842,2.8788189259896133,-2.4178571361905195,0.2518586563324811,1.3535817177530904,0.6767203516866854,1.350202698961998,0.3919975356735431,1.1566550996797498,0.6430768757713164,-7.27434492111206,2.81170654296875,1.3108667135238647,-7.14,3.24,1.65
1743702994.378811,2c08d2cc-7a1c-9d34-25ea-6265acb43d72,9610ddd8-8c0d-e2b5-8f6a-f584a27804a1,15,-73.0,-68.0,-75.0,-64.0,-45.0,-61.0,-51.0,-3.0987312063738397,-1.8331901321493518,-3.0621207308685205,-0.016683638964910395,2.388411596444874,0.6929328426614783,-2.3737161000823166,0.27621993904873776,1.4575239629925019,0.6986348385066751,1.316524363816856,0.2866277682421222,1.005799188979584,0.43704495408964417,-7.277442932128906,2.8016388416290283,1.475926160812378,-7.14,3.24,1.65
1743702995.368655,2c08d2cc-7a1c-9d34-25ea-6265acb43d72,455dbab9-14e3-f7d3-1552-409d05a976d4,15,-71.0,-68.0,-75.0,-64.0,-45.0,-61.0,-51.0,3.129816155249463,-1.7504646255243292,-3.0199796687274336,0.009981261449507978,2.3835457832150087,0.6067534711864155,-2.3192426297504296,0.2627690946863177,1.3701793366147916,0.6814290202310274,1.3182851127715622,0.23171228242386108,0.6035243991007943,0.3743599157625504,-7.2830634117126465,2.799838066101074,1.4646793603897095,-7.14,3.24,1.65
1743702996.382636,2c08d2cc-7a1c-9d34-25ea-6265acb43d72,08adac54-514f-35ec-9761-46c95aab6bee,10,-75.0,-71.0,-74.0,-63.0,-46.0,-53.0,-53.0,3.0927481486688677,-1.7227877238956808,-3.0242364654138165,-0.03178056655235158,2.368788815670728,-0.11741862617233931,-2.3497131435046676,0.3581892410822321,1.3434233560910922,0.6687104286550815,1.3233144924901767,0.2154910312616108,0.46844964269080247,0.2898021773600504,-7.283918857574463,2.8009426593780518,1.4576231241226196,-7.14,3.24,1.65
1743702997.379221,2c08d2cc-7a1c-9d34-25ea-6265acb43d72,348983e4-9987-6524-50e4-2ee1b74262bd,24,-75.0,-75.0,-81.0,-73.0,-46.0,-61.0,-60.0,3.133720349407519,-1.6304709757627927,-3.0439414606354216,0.13796506027155495,2.3713728376801697,2.0641877298284736,-2.2332334232685627,0.3175331242754598,1.4681334641431594,0.6913586163553878,1.3298365739997804,0.20297934429046777,1.3524164488563022,0.7024763146084056,-7.27361822128296,2.803844928741455,1.4777860641479492,-7.14,3.24,1.65
1743702998.316212,2c08d2cc-7a1c-9d34-25ea-6265acb43d72,06df0375-b32a-49cf-d1af-ffde00adf339,4,-81.0,-79.0,-75.0,-62.0,-44.0,-57.0,-48.0,3.062036042345856,-1.844813365568948,-2.995488440394738,0.01739124086654445,2.3594621510830667,-2.951216106785287,-2.9857898794511724,0.26332656088149853,1.3486914882014327,0.7475174266311885,1.376625518033328,0.3194733207224177,1.0921429814655288,0.8316943698087973,-7.280885696411133,2.8026809692382812,1.3424235582351685,-7.14,3.24,1.65
