1743698861.277918,2c08d2cc-7a1c-9d34-25ea-6265acb43d72,378d1bfb-126e-1fd2-3e0b-261981278b19,25,-71.0,-81.0,-49.0,-79.0,nan,nan,nan,2.1343963145984035,-1.0000356314523844,-1.4001319093949127,0.13385580270956268,nan,nan,nan,1.3485799017517583,1.3736969729406225,1.2145667062217722,0.7754849457137918,nan,nan,nan,nan,nan,nan,-1.14,6.84,1.65
1743698862.278257,2c08d2cc-7a1c-9d34-25ea-6265acb43d72,cb145e1e-07fd-4787-db07-d3025618f682,25,-72.0,-84.0,-49.0,-80.0,-61.0,-54.0,-62.0,2.115177878907956,-0.9645968136686455,-1.3786143667353996,0.1604946041452983,-0.5834536510562538,-2.134401804156639,-0.042604591355115067,1.3253155917332617,1.2802909919218923,1.2519043578627371,0.8202538154814871,0.4332882468658025,0.3339442794607621,0.6104387542943515,-1.0389094352722168,4.716089248657227,0.9696472883224487,-1.14,6.84,1.65
1743698863.279787,2c08d2cc-7a1c-9d34-25ea-6265acb43d72,382f697f-b63a-8262-8b6f-ce2594d1f5f9,16,-72.0,-79.0,-51.0,-74.0,-58.0,-50.0,-57.0,2.096097394961974,-0.9705199502490909,-1.3911730354878862,0.1824531662813286,-0.40679046584288797,-2.0976261220913197,-0.47320870158888817,1.4218728912698837,1.268537396766936,1.245639271398326,0.8096755398946106,0.4376770714873729,0.5092778562127073,0.5407041055743448,-1.0691982507705688,4.82978105545044,0.8873174786567688,-1.14,6.84,1.65
1743698864.289972,2c08d2cc-7a1c-9d34-25ea-6265acb43d72,69369081-a66d-e630-26fa-cadb25b0f465,36,-71.0,-81.0,-50.0,-81.0,-60.0,-60.0,-61.0,2.1225298014132283,-1.0823904260536676,-1.3988796910503574,0.04130509587491097,-0.20722761913146848,-2.0012978463398943,-0.7437120575793186,1.4573868101963625,1.3699047647064044,1.179765449202998,0.6783175825504605,0.566123939630687,0.5213838535507958,0.47583237058646466,-1.0746288299560547,4.958784580230713,0.8052831888198853,-1.14,6.84,1.65
1743698865.287144,2c08d2cc-7a1c-9d34-25ea-6265acb43d72,d9b9075b-750a-cf43-160c-35109cf66147,27,-71.0,-80.0,-49.0,-78.0,-64.0,-54.0,-72.0,2.090420600782361,-0.9820787351703072,-1.402271892488846,0.06851914010610367,-0.678899213113921,-2.094324317017733,-0.9546646081965844,1.4198615388566012,1.2690452615868144,1.2056812024027772,0.6653672959596777,1.1753015913963007,0.3972015093538234,0.2632187499652457,-1.0784167051315308,5.040960788726807,0.8443833589553833,-1.14,6.84,1.65
1743698866.277277,2c08d2cc-7a1c-9d34-25ea-6265acb43d72,c7e8cb6b-e49f-a233-ceff-c36c8fc30e5f,10,-66.0,-75.0,-54.0,-72.0,-59.0,-53.0,-62.0,2.224272675066398,-0.9793216976518027,-1.3861696215898998,0.06920224092570901,-0.4766043942606147,-1.934092380600176,-0.8602753162657625,1.474136495556307,1.3079124997998668,1.206150451386849,0.6964468519340933,0.8317477101329241,0.5891528890541902,0.3208447350690553,-1.0911576747894287,5.194021224975586,0.819428563117981,-1.14,6.84,1.65
1743698867.278316,2c08d2cc-7a1c-9d34-25ea-6265acb43d72,93526c4d-4421-c0a3-1420-d1032ed3e5f6,25,-71.0,-87.0,-50.0,-80.0,-61.0,-54.0,-62.0,2.1362520052459706,-0.9083982557135755,-1.3881327707874518,0.12266706402181275,-0.6029058749826565,-2.0848020460525993,-0.06468919166691497,1.394695332345625,1.1779168159323197,1.2256320073929967,0.6541089156094222,0.4911851341043162,0.3789070293136169,0.627323189105638,-1.102720022201538,5.339841842651367,0.7748467922210693,-1.14,6.84,1.65
1743698868.280444,2c08d2cc-7a1c-9d34-25ea-6265acb43d72,0d21156f-3125-8f73-d3c7-fc09b1683d4b,23,-70.0,-87.0,-49.0,-81.0,-59.0,-53.0,-58.0,2.1266667558505574,-0.8343851474366929,-1.3749096433429904,0.12439092819542105,-0.671868393828081,-2.1286491870037616,-0.5121608769018582,1.3586726164928862,1.156699012053495,1.2115943521291344,0.6090717323619016,0.33530463649335407,0.37956269583362995,0.38607543237939235,-1.1049588918685913,5.474157333374023,0.7690720558166504,-1.14,6.84,1.65
1743698869.280132,2c08d2cc-7a1c-9d34-25ea-6265acb43d72,79f0b6b8-767c-2721-24ad-5f15a41eb7cf,15,-69.0,-79.0,-52.0,-73.0,-59.0,-51.0,-58.0,2.063351698830578,-0.8513766478236164,-1.383770512921902,0.11807204587699004,-0.5008410735274443,-2.0769686065575086,-0.6750976312854342,1.288203642994681,1.1912898793461524,1.2155454179223761,0.5996244347109544,0.4203105117143642,0.5553986997433504,0.40839059275460543,-1.1057319641113281,5.55791187286377,0.706399381160736,-1.14,6.84,1.65
1743698870.287427,2c08d2cc-7a1c-9d34-25ea-6265acb43d72,2c8f9be5-b415-e8c5-a204-9b52e6e1cd00,18,-72.0,-81.0,-52.0,-81.0,-56.0,-51.0,-58.0,2.024168609712242,-0.8401607448927477,-1.397487923064682,0.034378213879614865,-0.444589357876864,-2.0621952070892298,-0.7569807098282513,1.351538141090618,1.1718959413398684,1.2107409421578188,0.5885509443193777,0.4311330721637209,0.5433209627674495,0.4118002848741117,-1.1029467582702637,5.61661672592163,0.725831925868988,-1.14,6.84,1.65
1743698871.289164,2c08d2cc-7a1c-9d34-25ea-6265acb43d72,962d5317-8bab-7c89-e957-aa06b86a0af4,36,-71.0,-85.0,-50.0,-83.0,-61.0,nan,-61.0,1.9839649972641877,-0.8612425943979238,-1.4079695924830158,0.09246175725424306,-0.22079188015035034,nan,-0.8694395170925473,1.4183390096614032,1.3856858583778868,1.1501162104710367,0.7066439625899521,0.513023313085367,nan,0.34349190367294263,-1.0914294719696045,5.666621208190918,0.807582139968872,-1.14,6.84,1.65
1743698872.290126,2c08d2cc-7a1c-9d34-25ea-6265acb43d72,c9796b50-9d78-d7af-90bf-489134cd3b7f,35,-72.0,-81.0,-50.0,-86.0,-61.0,nan,-63.0,1.9545466545987364,-0.9042172259602056,-1.3983073777320996,0.039210785993672656,-0.1791480397352732,nan,-0.8647643179243077,1.489115711423567,1.4887934689316675,1.1666849340349101,0.6098272711631568,0.49933382566287493,nan,0.332198746544033,-1.0715755224227905,5.707512378692627,0.922401249408722,-1.14,6.84,1.65
1743698873.279264,2c08d2cc-7a1c-9d34-25ea-6265acb43d72,3504818a-cdce-9ae4-9f0f-b826ea600e98,26,-71.0,-82.0,-50.0,-76.0,-61.0,-55.0,-65.0,1.9386955197905849,-0.7788348028909481,-1.414697270028774,0.21808519640215276,-0.5206814979109962,-2.1401036424475866,-0.022147173582854028,1.4455967297344727,1.057154311564077,1.227353208405515,0.7350592256308249,0.3371066595916221,0.36091337933875817,0.6631061276416462,-1.0450962781906128,5.667938709259033,0.9936642050743103,-1.14,6.84,1.65
1743698874.288975,2c08d2cc-7a1c-9d34-25ea-6265acb43d72,0fdd4fa1-b10e-4528-fe7f-3fa17176e38a,0,-66.0,-73.0,-53.0,-79.0,-57.0,nan,-57.0,1.9572396430930246,-1.034034078560554,-1.4406191484990603,0.22236622785445515,-0.4015485966735433,nan,0.42571860640612325,1.4285407808491695,1.2771479292033805,1.180549350669863,0.7261608054805433,0.5051943008993133,nan,0.4344732635817761,-1.0502387285232544,5.655674934387207,1.0247567892074585,-1.14,6.84,1.65
1743698875.289069,2c08d2cc-7a1c-9d34-25ea-6265acb43d72,3809ea18-89c5-20e8-8de7-211c7b3acd33,2,-67.0,-75.0,-53.0,-73.0,-56.0,nan,-57.0,1.9207809677698398,-1.0265432722044336,-1.4432827090633031,0.23033227530710015,-0.33672068086389845,nan,0.6256652203729616,1.4977711181243791,1.343053576173735,1.2385527328956798,0.6767760117534681,0.5839900075470537,nan,0.30165459348322604,-1.0491909980773926,5.66182041168213,0.9123448133468628,-1.14,6.84,1.65
1743698876.289502,2c08d2cc-7a1c-9d34-25ea-6265acb43d72,d8db1278-edbf-5afe-8669-41591b57bc58,5,-66.0,-74.0,-54.0,-72.0,-56.0,nan,-61.0,2.0332846101235833,-1.0210679461612853,-1.4858341643283712,0.12233496783387987,-0.38568839897059887,nan,0.7053395057319415,1.4860361650970537,1.225197778977259,1.271137307781126,0.6394528077614164,0.5248099119285263,nan,0.242521718698813,-1.050110936164856,5.631401538848877,0.802112579345703,-1.14,6.84,1.65
1743698877.288601,2c08d2cc-7a1c-9d34-25ea-6265acb43d72,18f24e29-ee41-b0ae-d54a-edfb9b3f8f64,29,-71.0,nan,-50.0,-75.0,nan,-55.0,-64.0,2.0478845918516155,nan,-1.463029649072077,0.1925766405330468,nan,-2.1238215364013175,0.7510629470829031,1.462721255017846,nan,1.3006687016348515,0.5767359633012956,nan,0.3524379355841162,0.3424669259735843,-1.0487496852874756,5.594505786895752,0.794587790966034,-1.14,6.84,1.65
1743698878.279155,2c08d2cc-7a1c-9d34-25ea-6265acb43d72,1df0b4c1-0ee2-96b2-0588-999baccb2f04,16,-74.0,nan,-52.0,-75.0,-57.0,-50.0,-58.0,2.041286876567053,nan,-1.4520985712197925,0.16033667869265655,-0.37843162553304865,-2.089093833580159,-0.020809774303499992,1.5226789980096174,nan,1.286898427744433,0.6217013077784115,0.49241947144535525,0.5179890972170204,0.5758597483579044,-1.047872543334961,5.567896842956543,0.8010711669921875,-1.14,6.84,1.65
1743698879.281705,2c08d2cc-7a1c-9d34-25ea-6265acb43d72,db5e74c6-4b35-59ae-8f57-46c416aecdb8,6,-67.0,nan,-55.0,-71.0,-57.0,nan,-61.0,1.975328898481279,nan,-1.4614882114331396,0.05377934242084212,-0.40945612915375723,nan,-0.4534873777296924,1.482601619397233,nan,1.2627090687212978,0.41088487667649376,0.5372708708961398,nan,0.3807021208198334,-1.040769100189209,5.552058696746826,0.861674427986145,-1.14,6.84,1.65
1743698880.289273,2c08d2cc-7a1c-9d34-25ea-6265acb43d72,d36e6989-8665-8259-0515-c0798512927e,7,-67.0,nan,-56.0,-72.0,-58.0,-59.0,-62.0,2.0961767571624583,nan,-1.4672518246642883,-0.0033728935205853553,-0.3936551816451187,-2.189263079668957,-0.67289330739282,1.496484145527598,nan,1.2347617230839516,0.38888992910207015,0.5571004119112986,0.3475821416366512,0.26303285845254676,-1.035002589225769,5.508617877960205,0.8922958374023438,-1.14,6.84,1.65
1743698881.288695,2c08d2cc-7a1c-9d34-25ea-6265acb43d72,b72522d9-f3a5-80ff-a551-451d4517b75e,32,-71.0,nan,-50.0,-79.0,-63.0,nan,-64.0,2.045502660572649,nan,-1.4629930306070886,-0.004481301166276334,-0.30642350873970836,nan,-0.8057374137607588,1.4591480917832866,nan,1.227158797645939,0.3380416950664829,0.41834282641628806,nan,0.27284204090889497,-1.039204716682434,5.504129886627197,0.901156187057495,-1.14,6.84,1.65
1743698882.278745,2c08d2cc-7a1c-9d34-25ea-6265acb43d72,3a5acba7-acd1-e8c8-7604-8161f40c8b8b,3,-67.0,-72.0,-53.0,-74.0,-56.0,nan,-62.0,2.0691584552713866,-3.0472986415055754,-1.4870437720954852,-0.023322899562477937,-0.3228242387149019,nan,0.018458740919605556,1.492350653199686,1.2638718048532265,1.2485760722904107,0.26140568936625164,0.5179342406144124,nan,0.33156011555654397,-1.0376256704330444,5.495814323425293,0.9428558945655823,-1.14,6.84,1.65
1743698883.289206,2c08d2cc-7a1c-9d34-25ea-6265acb43d72,a3fd1276-8668-d433-e399-475f329634ee,13,-68.0,-76.0,-53.0,-70.0,-58.0,-50.0,-58.0,2.5424831410756052,-2.910776481912625,-1.4732829524269366,-0.019443739118668518,-0.3750535092387359,-2.087064853927943,-0.40606069505532527,1.4911667449370916,1.2319912366019425,1.2382998657501767,0.2483736437300034,0.47619013511682334,0.5967902242075025,0.3226865120819752,-1.0466922521591187,5.544891834259033,-1.9396944046020508,-1.14,6.84,1.65
1743698884.280159,2c08d2cc-7a1c-9d34-25ea-6265acb43d72,4fee5a1a-f527-2dc7-c59b-f52b67178331,25,-72.0,-91.0,-50.0,-80.0,-62.0,-54.0,-62.0,2.3711018007101723,-1.7723470212531836,-1.4700771722647539,0.048592303565694786,-0.575002506012062,-2.162028297786557,0.20500014420922336,1.475109880934731,0.9159736840133331,1.2338041835140139,0.312737936285204,0.32689131790490145,0.3596124464612647,0.5490400412447797,-1.0397725105285645,5.49568748474121,-3.6988205909729,-1.14,6.84,1.65
1743698885.277466,2c08d2cc-7a1c-9d34-25ea-6265acb43d72,f8077b1c-1eab-30ea-1779-b8c1849ea384,27,-70.0,-79.0,-49.0,-76.0,-64.0,-56.0,nan,2.5047791716266996,-1.9420504369738123,-1.4731750944027886,0.1758418688752069,-1.011980938755111,-2.166117457865369,nan,1.443282842221358,0.9262274534213835,1.297872515648323,0.322436603053541,0.8956770157870306,0.2669786576536397,nan,-1.035225749015808,5.403934955596924,-5.0628886222839355,-1.14,6.84,1.65
1743698886.28923,2c08d2cc-7a1c-9d34-25ea-6265acb43d72,0e606525-5133-44f6-2083-15e2f89b14ac,3,-67.0,-72.0,-53.0,-73.0,-56.0,nan,-59.0,2.755043876112498,-2.3302209463969112,-1.4581617900735757,0.06886668262835902,-0.6157254010916388,nan,0.527100291416515,1.495419147407675,1.189303826963226,1.2091647502666554,0.33146282164663293,0.7894388005503103,nan,0.36733247292274596,-1.023123860359192,5.29002285003662,-6.31950855255127,-1.14,6.84,1.65
1743698887.290713,2c08d2cc-7a1c-9d34-25ea-6265acb43d72,fe5493d1-46a0-ac24-4f40-c4aac489d35d,20,-71.0,-87.0,-51.0,-82.0,-57.0,-53.0,-59.0,2.6193265238009698,-1.65105321624747,-1.449869505387396,0.05321528490196333,-0.5669612469493842,-2.162028297786557,-0.15932595360103435,1.455467603156797,1.1953067252183192,1.2170599576343042,0.43821513459975475,0.6159493629094034,0.3596124464612647,0.5007590007937975,-1.0144062042236328,5.175981521606445,-6.485206127166748,-1.14,6.84,1.65
1743698888.288478,2c08d2cc-7a1c-9d34-25ea-6265acb43d72,518cfb31-f165-0b88-6aaf-52b8e6b0b915,1,-67.0,-75.0,-53.0,-79.0,-56.0,nan,-58.0,2.6363142957623675,-3.028355310355733,-1.4384679801285485,0.04200630618992883,-0.41195543752601144,nan,0.3555837920794301,1.46882322286549,1.2723309365816997,1.1797906160752993,0.3811295109750929,0.621332775153519,nan,0.3620557875810395,-1.0083041191101074,5.075377941131592,-6.571239948272705,-1.14,6.84,1.65
1743698889.279092,2c08d2cc-7a1c-9d34-25ea-6265acb43d72,cd9c9570-41f6-0067-d62b-ac3cec2e52d3,4,nan,nan,-53.0,-73.0,nan,nan,-60.0,nan,nan,-1.439865740226677,-0.08814930050107775,nan,nan,0.6018301379236058,nan,nan,1.1772791220093002,0.24344787762254966,nan,nan,0.27655629911441737,nan,nan,nan,-1.14,6.84,1.65
1743698890.288754,2c08d2cc-7a1c-9d34-25ea-6265acb43d72,15c60830-b76f-c9c4-ea7b-1d33666a187e,14,-69.0,-76.0,-52.0,-73.0,-62.0,-50.0,-58.0,2.4639683584501078,-1.702913351628747,-1.4583805687571259,-0.05263764526152515,-0.30924277283147633,-2.072193948859589,-0.11545395672974795,1.4736491370768228,1.339323286434861,1.1941109658888733,0.24732648878938426,0.5539856231096542,0.5844590001725288,0.4337793476516665,-1.0136439800262451,4.98838472366333,-6.668521881103516,-1.14,6.84,1.65
1743698891.286248,2c08d2cc-7a1c-9d34-25ea-6265acb43d72,548bf30e-1967-69c9-6231-0dba44e0776f,15,-70.0,-79.0,-51.0,-74.0,-58.0,-50.0,-57.0,2.132065516012366,-1.6527332714211465,-1.4320901087919726,0.01472701451202918,-0.28031848686605937,-2.00866153600631,-0.4898182865230477,1.444084853183635,1.365538645257274,1.2268452104275824,0.21575707762196233,0.5065322558879313,0.6529873724573713,0.4549158616222582,-1.0132725238800049,4.914302825927734,-6.782957553863525,-1.14,6.84,1.65
1743698892.2782,2c08d2cc-7a1c-9d34-25ea-6265acb43d72,523ae6b4-7721-94ad-6ad9-a91c845b7690,25,-71.0,-90.0,-50.0,-78.0,-61.0,-54.0,-62.0,2.324718589268698,-1.0698722373497502,-1.3904831436075011,0.031866054023343124,-0.5238070927293309,-2.126030792714784,0.19577850518736226,1.3585397247544913,1.2841782750070263,1.1995584618986304,0.47839497833508,0.35223357451245974,0.4164531985578593,0.63652639654346,-1.0019575357437134,4.798174858093262,-6.767207622528076,-1.14,6.84,1.65
1743698893.281062,2c08d2cc-7a1c-9d34-25ea-6265acb43d72,43c4836b-f8c5-d305-75a6-d5174fb73cf7,2,-66.0,-74.0,-53.0,-75.0,-55.0,nan,-57.0,2.3122422121938953,-1.3864355382247442,-1.4049660794056245,0.03746002389305456,-0.42914616512484616,nan,0.5157248548464775,1.4081079437016453,1.2232245097675651,1.2808766210456004,0.40063513529959216,0.45035643035774525,nan,0.40127410222414933,-1.0045030117034912,4.68475580215454,-6.792850494384766,-1.14,6.84,1.65
1743698894.287904,2c08d2cc-7a1c-9d34-25ea-6265acb43d72,a5c348dd-f93b-1318-142f-2db7de38b2c2,34,-71.0,-80.0,-50.0,-84.0,-62.0,nan,-62.0,2.356601421206909,-3.039717687146556,-1.4085598821386323,0.04539784183814474,-0.318514123576736,nan,-0.18271572884841605,1.4453184294005597,1.2983453598998662,1.2327751380688072,0.3764005691169528,0.3663800234524172,nan,0.5336707781534618,-0.997869074344635,4.582014083862305,-3.853736400604248,-1.14,6.84,1.65
1743698895.282338,2c08d2cc-7a1c-9d34-25ea-6265acb43d72,48cda385-5ad2-8744-8edd-c72c78cd4e9d,36,-71.0,-81.0,-50.0,-82.0,-62.0,-60.0,-62.0,2.394312314874649,-3.0887430207054978,-1.3916127233838582,0.055704275256751395,-0.2147927799127378,-1.996557163154556,-0.575740415923124,1.4958372636988175,1.2637929752849602,1.1535639388182535,0.4887746153941502,0.4618995656559526,0.5013739587987083,0.5310487521084476,-0.986747920513153,4.529019355773926,-2.0333309173583984,-1.14,6.84,1.65
1743698896.279835,2c08d2cc-7a1c-9d34-25ea-6265acb43d72,b73e9b3f-51d8-ff80-b5bc-bfa57b2ac890,22,-70.0,-86.0,-49.0,-79.0,-59.0,-53.0,-57.0,2.0827251304964682,-3.040893739083935,-1.3896233420495694,0.05141685221783283,-0.4084340199817494,-2.0591428546251587,-0.7155697089303732,1.366562763854464,1.3335607384681474,1.211410860330028,0.5548828290549188,0.33871245477336964,0.494911904534325,0.35270886243372823,-0.9797769784927368,4.49776268005371,-0.5744112133979797,-1.14,6.84,1.65
1743698897.277069,2c08d2cc-7a1c-9d34-25ea-6265acb43d72,5abe8e15-9c4e-894f-bc91-fae6e4858007,18,-70.0,-80.0,-52.0,-83.0,-55.0,-51.0,-58.0,2.0252583752303024,-3.076898878073479,-1.3605225813441095,0.023885625500811677,-0.4267340837485611,-2.056641091700737,-0.7977647435209255,1.470334034151892,1.3809973632788022,1.2581944780413956,0.5910149009599189,0.33617586022351104,0.5230674580614486,0.4114460850292195,-0.982768416404724,4.479063034057617,0.788883864879608,-1.14,6.84,1.65
1743698898.289524,2c08d2cc-7a1c-9d34-25ea-6265acb43d72,a282060e-601b-8349-d7ec-004ecfa483d4,1,-67.0,-81.0,-53.0,nan,-57.0,nan,-58.0,2.1001773577519756,-3.1218397214685663,-1.3902913960090153,nan,-0.3943481154574634,nan,0.03791835683539564,1.521111594550051,1.3872683086976119,1.2613255565350014,nan,0.4730146869420574,nan,0.4011671635169331,-0.9789241552352905,4.43943691253662,0.9403663277626038,-1.14,6.84,1.65
1743698899.288716,2c08d2cc-7a1c-9d34-25ea-6265acb43d72,829370dd-2bd5-69c2-89ac-841d51bc1255,32,-70.0,-82.0,-50.0,nan,-62.0,-61.0,-65.0,1.865392010786154,-3.104499879611061,-1.4179794829142423,nan,-0.2999348444264581,-2.144863901406079,-0.4581740225802682,1.492543332904553,1.3543668176424462,1.207172972087385,nan,0.36836968977676543,0.3884285151849785,0.29952349819791896,-0.9762576818466187,4.406875133514404,0.94511479139328,-1.14,6.84,1.65
1743698900.289091,2c08d2cc-7a1c-9d34-25ea-6265acb43d72,04ed07dc-f97a-7fa4-079a-44f6277b773d,9,-68.0,-74.0,-53.0,nan,-58.0,-54.0,-62.0,2.213320158767338,3.140206744558516,-1.4134180205991547,nan,-0.3604472005485986,-1.9555128324912994,-0.6660601242496793,1.497089215727264,1.3596860824457158,1.2582421486249082,nan,0.3947495923785388,0.576397995326922,0.38104125614956075,-0.9732844829559326,4.392518520355225,0.950258731842041,-1.14,6.84,1.65
1743698901.290573,2c08d2cc-7a1c-9d34-25ea-6265acb43d72,887558d2-9e73-070e-33a3-d353f8889bc6,36,-71.0,-82.0,-50.0,nan,-59.0,-61.0,-62.0,2.1876398290079218,3.032288532969671,-1.4217695606195884,nan,-0.15644374467887878,-1.9432102282747612,-0.8048579277118322,1.5251450851790307,1.1697013634435887,1.1306889829511269,nan,0.4662864595632318,0.5623531901965576,0.3807021208274771,-0.9741406440734863,4.43783140182495,0.981487214565277,-1.14,6.84,1.65
1743698902.289622,2c08d2cc-7a1c-9d34-25ea-6265acb43d72,4a3be841-1b1b-1410-5683-b382345ccb1d,13,-67.0,-78.0,-53.0,nan,-59.0,-50.0,-58.0,2.293722589973484,3.108172645070389,-1.406918842274925,nan,-0.2664346610736714,-1.90908794710151,-0.8305477512696139,1.5200158369195382,1.1476268206420852,1.210279416340908,nan,0.40569215413431103,0.6635760416186837,0.29172653373200597,-0.9801455736160278,4.52278232574463,0.973029375076294,-1.14,6.84,1.65
1743698903.281834,2c08d2cc-7a1c-9d34-25ea-6265acb43d72,adfba7cf-7766-71d0-67ea-aedc727d3be7,30,-71.0,-80.0,-50.0,-77.0,-65.0,-55.0,-63.0,2.4487840791789117,-3.1403574794762146,-1.440865624057947,0.014776549308304654,-0.5679686197801701,-2.065436152945935,-0.04161420535287941,1.4691774232904704,0.9859296661065619,1.2667880994049179,0.43664706534991615,1.1043274534358445,0.5148495139281163,0.5755631023373488,-0.9802521467208862,4.598028182983398,0.965631604194641,-1.14,6.84,1.65
1743698904.289011,2c08d2cc-7a1c-9d34-25ea-6265acb43d72,8cecb09b-9e53-789b-a7c8-2cf40913afae,32,-70.0,-87.0,-50.0,-78.0,-61.0,-60.0,-64.0,2.4520134283167416,-3.116889437634327,-1.4097740172795987,0.08702225072775621,-0.2968638765377288,-2.1507687563262214,-0.5370388093539151,1.4676873846605711,1.0154454138888827,1.2110426783093247,0.5061738790334785,0.6935151357952847,0.37890702931570075,0.54162266269239,-0.9814618229866028,4.654428005218506,0.9253878593444824,-1.14,6.84,1.65
1743698905.289776,2c08d2cc-7a1c-9d34-25ea-6265acb43d72,da00b300-4a89-cc33-b629-9ada79522932,31,-72.0,-82.0,-50.0,-77.0,-64.0,-56.0,-64.0,2.3403582690862974,-3.028327613480396,-1.4442069591196152,0.030274282639802762,-0.2557486025169582,-2.155955874282514,-0.7996494135329556,1.4534089796341658,0.9506997067313124,1.297902209894477,0.49538404858750884,0.4751131154588586,0.3323347081890431,0.31422912078120585,-0.998106300830841,4.69853687286377,0.9461308121681213,-1.14,6.84,1.65
1743698906.288331,2c08d2cc-7a1c-9d34-25ea-6265acb43d72,b0f6ac09-3be8-7b1c-5656-b142deda9d15,24,-72.0,-87.0,-50.0,-81.0,-62.0,-55.0,-60.0,2.4412734322726704,-3.0267978937502544,-1.4032134530922433,0.027709658510056457,-0.4995941516477507,-2.173698545804805,0.019587771811137463,1.438781966821069,0.9834664418353201,1.240446506746835,0.5657074803321412,0.32499936181273387,0.24729301260292552,0.4711612963332934,-1.0080090761184692,4.737048625946045,0.9786661863327026,-1.14,6.84,1.65
1743698907.288451,2c08d2cc-7a1c-9d34-25ea-6265acb43d72,60b2c89f-3fc7-a7f6-25c3-0f54431d9a35,35,-71.0,-81.0,-50.0,-85.0,-59.0,nan,-63.0,2.6382184559417743,-3.0427587507953175,-1.3650976257807568,0.16542438163914394,-0.34968000145403294,nan,-0.45572958826091214,1.4739400874259139,1.1712685005870458,1.1652806491921117,0.5628224113442313,0.44645488953908735,nan,0.4782795097101667,-0.9962674379348755,4.756144046783447,0.9651920199394226,-1.14,6.84,1.65
1743698908.282379,2c08d2cc-7a1c-9d34-25ea-6265acb43d72,695844a6-d9d5-b7aa-7e85-70b408057999,27,-71.0,-81.0,-50.0,-75.0,-64.0,-55.0,-69.0,2.505767204391119,-3.0192118793851637,-1.387588287502585,0.1961966754027915,-0.675784781300394,-2.1602646731836397,-0.7567891668666914,1.445951329633617,1.0484127516020008,1.2368941161687783,0.6355966836610362,0.9922753151818878,0.23173449058173093,0.2993388547542619,-1.0018259286880493,4.817632675170898,0.966838538646698,-1.14,6.84,1.65
1743698909.288348,2c08d2cc-7a1c-9d34-25ea-6265acb43d72,5fca9c0a-32db-46e6-61ff-126271b48feb,2,-67.0,-75.0,-53.0,-76.0,-55.0,nan,-57.0,2.5319343599978015,-3.063624884252197,-1.4514386399016703,0.23983656460537495,-0.46802622425664164,nan,0.03691614906554936,1.4703320367810746,1.2330458483936138,1.2244694044191229,0.6123960231925929,0.816205026101977,nan,0.3314028103404519,-1.0116370916366577,4.886918544769287,1.0236098766326904,-1.14,6.84,1.65
1743698910.283858,2c08d2cc-7a1c-9d34-25ea-6265acb43d72,876abb97-eebd-e14d-6b01-8eeaa20768b6,29,-71.0,-78.0,-50.0,-77.0,nan,-55.0,-63.0,2.4223500748310034,-2.978553931655142,-1.4224406772142886,0.1440242843837032,nan,-2.145309285695071,0.436514353136588,1.4118909640301032,1.0339898700864587,1.2377504556172931,0.5587062295634049,nan,0.27012190214033843,0.4820447900088445,-1.0142059326171875,4.945382595062256,1.0803366899490356,-1.14,6.84,1.65
1743698911.281517,2c08d2cc-7a1c-9d34-25ea-6265acb43d72,d28aafe9-8e15-2150-feb9-3d699d34fd46,0,-67.0,-79.0,-54.0,-82.0,-57.0,-62.0,-57.0,2.4639539773802213,-3.001159375619953,-1.449700927290394,0.054706921428516714,-0.3793187405702653,-2.252539827571558,0.62893240923879,1.4736503354993131,1.19343146033674,1.1765898959191876,0.5794212286284225,0.7311800092951257,0.23733228317726843,0.3157851998780997,-1.0179471969604492,4.98581838607788,1.110922932624817,-1.14,6.84,1.65
1743698912.288142,2c08d2cc-7a1c-9d34-25ea-6265acb43d72,5eb987b4-53b1-8749-e8a6-eb568c6b89d2,26,-71.0,-82.0,-50.0,-77.0,nan,-55.0,nan,2.538870829373022,-2.9707388854363046,-1.446123636156145,0.290992693352489,nan,-2.2040879398638413,nan,1.4048225350228696,1.1468402560141304,1.2781532725148854,0.6216627585216326,nan,0.21215659092316455,nan,nan,nan,nan,-1.14,6.84,1.65
1743698913.283081,2c08d2cc-7a1c-9d34-25ea-6265acb43d72,c0945eb8-9f16-44d9-2a0c-db9a7d91ff7d,21,-69.0,-86.0,-51.0,-79.0,-58.0,-54.0,-58.0,2.221383145283662,-2.9479792444443786,-1.4255939931029968,0.27738580439494714,-0.4070638839562542,-2.1775653372994532,-0.09703435768234857,1.2750988930606737,1.2287315274276855,1.2906299159057977,0.620383242775904,0.6053224754579837,0.33008555168494247,0.4519304739297905,-1.023992896080017,4.992107391357422,1.0954328775405884,-1.14,6.84,1.65
1743698914.289843,2c08d2cc-7a1c-9d34-25ea-6265acb43d72,34baff13-8680-b8ef-5e46-60acafcce735,7,-67.0,-72.0,-55.0,-72.0,nan,nan,nan,2.220554902184647,-2.8892655971558376,-1.4272088008299664,0.12543888208436724,nan,nan,nan,1.4704681243127775,1.1945662332772224,1.2441249980025069,0.5260016459813365,nan,nan,nan,nan,nan,nan,-1.14,6.84,1.65
1743698915.288546,2c08d2cc-7a1c-9d34-25ea-6265acb43d72,2461a210-6c3f-6405-1b96-7ba212325b97,8,-68.0,-74.0,-54.0,-70.0,-58.0,-57.0,-62.0,-3.056076953090695,-2.825197131863474,-1.4408768093345257,0.004999552314405754,-0.4292432197050814,-2.0150432276386527,-0.5177196748493481,1.5000228208260407,1.1489477485427646,1.2576328173674982,0.4468939771181595,0.5334004470460216,0.5341747059333437,0.32195331844675495,-1.026711106300354,4.965228080749512,1.0593476295471191,-1.14,6.84,1.65
1743698916.290833,2c08d2cc-7a1c-9d34-25ea-6265acb43d72,120dfef0-fc1c-0239-805a-a633dac1ce5a,17,-71.0,-82.0,-52.0,-78.0,-57.0,-51.0,-58.0,2.5773961177021083,-2.931427431953427,-1.4304655805270243,0.09091818908643313,-0.40363776231149523,-2.0232613996506066,-0.6750976312854342,1.4357988269260167,1.2434308450643776,1.2429420218462937,0.4712624004350889,0.42163709810566313,0.5750748287440847,0.40839059275460543,-1.0311601161956787,4.956072807312012,1.06464684009552,-1.14,6.84,1.65
1743698917.286528,2c08d2cc-7a1c-9d34-25ea-6265acb43d72,9d1d49c5-d7f5-9d56-d75e-4e39b1c4c6fb,12,-67.0,-78.0,-53.0,-71.0,-60.0,-50.0,-58.0,2.446014391645229,-2.9548395474124227,-1.4251774747085082,0.08833385756462023,-0.4084340199817494,-1.9202086645441492,-0.7531810570023083,1.491735862462041,1.314232447382734,1.3058096678031403,0.48218552209361704,0.33871245477336964,0.6787014800595071,0.28662776820087243,-1.0296616554260254,4.953421115875244,1.05364191532135,-1.14,6.84,1.65
1743698918.288282,2c08d2cc-7a1c-9d34-25ea-6265acb43d72,d4d1fbc9-8279-0296-ac6a-8d7123c39117,0,-66.0,-79.0,-53.0,-82.0,-56.0,nan,-57.0,2.6126616968569376,-2.806669520159793,-1.441817570989596,0.1122461146763327,-0.34957067653400015,nan,0.055049125607877336,1.44524452668031,1.3638744358920836,1.2599565585766466,0.5575911307254748,0.5478357141298608,nan,0.3137140063707769,-1.0199781656265259,4.928363800048828,1.0202090740203857,-1.14,6.84,1.65
1743698919.279099,2c08d2cc-7a1c-9d34-25ea-6265acb43d72,229e7587-3cee-b116-96ca-7566b83c14c9,8,-68.0,-73.0,-55.0,-71.0,-57.0,-58.0,-61.0,2.67310107253185,-2.64645534687728,-1.457024087655894,0.13033297321960585,-0.4292432197050814,-1.8982276913627867,-0.4581740225802682,1.4767378713090964,1.4219615745341834,1.2524576295792014,0.39916753380187675,0.5334004470460216,0.6483919990177546,0.29952349819791896,-1.0295777320861816,4.8984174728393555,1.0010743141174316,-1.14,6.84,1.65
1743698920.287093,2c08d2cc-7a1c-9d34-25ea-6265acb43d72,b9b11510-65ee-46c7-cc4f-0793e6527cc8,33,-71.0,-82.0,-50.0,-81.0,-62.0,nan,-61.0,2.902554238363115,-2.840822963243405,-1.452464889027733,0.11940043062872156,-0.32294758181376976,nan,-0.6673718234383383,1.4747843094914688,1.3775685433753253,1.187268506100133,0.29744283622314727,0.39950697202799884,nan,0.2356740187847093,-1.0289229154586792,4.82636022567749,0.9986870884895325,-1.14,6.84,1.65
1743698921.281549,2c08d2cc-7a1c-9d34-25ea-6265acb43d72,bf6eaa4e-d430-5ceb-b026-3e6b5fabd942,2,-66.0,-76.0,-53.0,-76.0,-55.0,nan,-56.0,2.8577454877580957,-2.8938299889481245,-1.4346480750189936,0.08937249038975113,-0.35893280671149325,nan,0.07261691165037427,1.4660535353318076,1.318154617878148,1.1726136632536448,0.2959291287490599,0.4955644320382162,nan,0.2785542528242802,-1.0190863609313965,4.745330333709717,0.9951401352882385,-1.14,6.84,1.65
1743698922.284026,2c08d2cc-7a1c-9d34-25ea-6265acb43d72,a850e68a-b38b-8144-041d-5a9fcafb234b,5,-66.0,-71.0,-54.0,-71.0,-55.0,nan,-60.0,2.95570187897339,-2.9308876092004676,-1.4141910031055498,0.03809785097412854,-0.38568839897059887,nan,0.4874046691000955,1.498203748643462,1.3267960429832373,1.2357729253498548,0.22508742921154132,0.5248099119285263,nan,0.2481331162549293,-1.0116180181503296,4.6871538162231445,0.991286873817444,-1.14,6.84,1.65
1743698923.258218,2c08d2cc-7a1c-9d34-25ea-6265acb43d72,354578c6-a5cd-605a-7de0-af25f6631e54,18,-70.0,-78.0,-52.0,-81.0,-55.0,-52.0,-58.0,1.9333399028384355,-2.8958135113280155,-1.4003971602394847,-0.024933046757539844,-0.42245498786519264,-1.9917490607161044,-0.15644374467887878,1.4875094258120856,1.3761348306024812,1.2035866262054298,0.2748301684338799,0.4185659834286686,0.5972278432092261,0.4662864595632318,-1.0023919343948364,4.630868911743164,0.9887380599975586,-1.14,6.84,1.65
1743698924.290743,2c08d2cc-7a1c-9d34-25ea-6265acb43d72,e79cf209-5ea5-1c74-2017-4376c97b8422,34,-71.0,-79.0,-50.0,-82.0,-61.0,nan,-63.0,2.0537185125355433,-2.8603902730366535,-1.411058593031399,0.009459015559743439,-0.3164750423705593,nan,-0.5358078113009681,1.4911660791468186,1.266756141471837,1.23827483203593,0.34632435908322473,0.3497989871088976,nan,0.3188088658993134,-0.9851604104042053,4.552052974700928,1.014564871788025,-1.14,6.84,1.65
1743698925.288118,2c08d2cc-7a1c-9d34-25ea-6265acb43d72,03dd8d93-dcfa-3c9d-53a8-2d90378a7654,7,-67.0,-72.0,-55.0,-72.0,-57.0,-60.0,-64.0,2.5700356730813474,-2.7706457390426182,-1.4330736141825389,-0.048366733821365075,-0.40679046584288797,-2.0740224813127885,-0.7405083622912182,1.5051133200916729,1.2892498658289189,1.2216041094023065,0.3000546648832153,0.4376770714873729,0.5064980671690236,0.23538571966681796,-0.9854767322540283,4.54005479812622,1.032995343208313,-1.14,6.84,1.65
1743698926.282476,2c08d2cc-7a1c-9d34-25ea-6265acb43d72,6cea6b28-5652-5971-84e0-6f98b3426355,25,-72.0,-93.0,-49.0,-79.0,-61.0,-54.0,-60.0,2.3554333587528,-2.7523495560376645,-1.4492897352180856,-0.05722627181973168,-0.571869187498759,-2.1230012015457023,0.019587771811137463,1.4696025969585018,1.283844714080494,1.2346719745552162,0.35285772573794794,0.31222969307436127,0.31674877801209744,0.4711612963332934,-0.982469379901886,4.525059700012207,1.075583577156067,-1.14,6.84,1.65
1743698927.288766,2c08d2cc-7a1c-9d34-25ea-6265acb43d72,812e3439-f5c8-af08-5450-8dfc95aa524f,21,-69.0,-85.0,-51.0,-82.0,-58.0,-53.0,-58.0,2.142171679716999,-2.7745225026414464,-1.4266814949341304,-0.027045466134190694,-0.575002506012062,-2.1286491870037616,-0.41010236278199935,1.4241054192116969,1.3272864640979753,1.2462729705797102,0.3890339062485026,0.32689131790490145,0.37956269583362995,0.45369472463055427,-0.9756702184677124,4.502281665802002,1.1168725490570068,-1.14,6.84,1.65
1743698928.289721,2c08d2cc-7a1c-9d34-25ea-6265acb43d72,de05e611-b68b-dca5-cca3-928e1d6eeacd,23,-71.0,-87.0,-49.0,-81.0,-60.0,-54.0,-56.0,2.0984985010007895,-2.8093957981677073,-1.4423059947335164,0.010122941619500192,-0.6523581397216711,-2.1455636409648857,-0.6144014854947664,1.3604376265053364,1.3658772661898775,1.2516861118114053,0.4816879104439357,0.2526802551222123,0.35146490194627544,0.33386250713244126,-0.9802682995796204,4.50348711013794,1.1485071182250977,-1.14,6.84,1.65
1743698929.288962,2c08d2cc-7a1c-9d34-25ea-6265acb43d72,ca101e76-ad1d-ce77-2928-e90f695a5f20,7,-67.0,-73.0,-55.0,-72.0,-57.0,-61.0,-61.0,2.2726612468087017,-2.707750928842653,-1.4151452137241254,-0.010763964493882264,-0.5489142808189905,-2.155955874282514,-0.7258374826500794,1.468944796169252,1.3941736190880785,1.2786174614928862,0.3076096867111202,0.37861106828548663,0.3323347081890431,0.2520602923070089,-0.9855617880821228,4.5286078453063965,1.188793659210205,-1.14,6.84,1.65
1743698930.297732,2c08d2cc-7a1c-9d34-25ea-6265acb43d72,05e1f3ed-d7b9-4d97-4d81-dd6c1736755d,24,-72.0,-88.0,-49.0,-79.0,-61.0,-55.0,-58.0,2.2169708199896183,-2.7440122639290627,-1.4402955744266157,0.008033159112115015,-0.6403868526601474,-2.1602646731836397,0.05730464787010728,1.4252646932342086,1.419069914222575,1.241481144830331,0.44122976637469724,0.2839675506499688,0.23173449058173093,0.4182689328193516,-0.9876393675804138,4.577509880065918,1.2383568286895752,-1.14,6.84,1.65
1743698931.282398,2c08d2cc-7a1c-9d34-25ea-6265acb43d72,f5a23cfd-389c-58b4-2996-b2e2bf1185b0,36,-71.0,-83.0,-50.0,-83.0,-61.0,nan,-62.0,2.5348276182060636,-2.9096723353246787,-1.430125494855821,0.07479328131822136,-0.3950876133608541,nan,-0.5122731445632105,1.487324868748543,1.2984395026444004,1.1890822519605313,0.5768123294455536,0.37339536550416563,nan,0.29157344888196357,-0.988098680973053,4.602258205413818,1.2795252799987793,-1.14,6.84,1.65
1743698932.289845,2c08d2cc-7a1c-9d34-25ea-6265acb43d72,f33cbc7e-ed1c-90d1-5d46-faa18ff19194,3,-66.0,-74.0,-54.0,-73.0,-56.0,nan,-60.0,2.6843481344474727,-2.9505025895772286,-1.4819467480851825,0.05728379609927739,-0.4135786355632386,nan,0.16697977129030844,1.4592907040596603,1.2869385083188387,1.1595434012557535,0.5112320541813796,0.46968876030128437,nan,0.34458840618920816,-0.9961442947387695,4.634247303009033,1.285889983177185,-1.14,6.84,1.65
1743698933.284221,2c08d2cc-7a1c-9d34-25ea-6265acb43d72,5648fe2c-0a37-7e94-8cda-5e1ae2c19453,6,-67.0,-72.0,-56.0,-71.0,-57.0,-63.0,nan,2.4693846954751106,-2.9853085071279106,-1.4892870858397134,0.04982508083429247,-0.436514353136588,-2.1898619515480315,nan,1.5069642170492779,1.2602672163178041,1.2019217510499667,0.4405459997648194,0.4820447900088445,0.19720758423948845,nan,-1.004364013671875,4.626831531524658,1.2852815389633179,-1.14,6.84,1.65
1743698934.279644,2c08d2cc-7a1c-9d34-25ea-6265acb43d72,cf83ae4d-6289-b846-9010-9fe736e22257,6,-67.0,-72.0,-55.0,-72.0,-58.0,nan,-62.0,2.570026618333641,-3.0404479259174555,-1.467367938487816,0.016344352242034302,-0.436514353136588,nan,0.48954712061429717,1.506211474567167,1.2118075381743953,1.1978521745882167,0.33931362080310473,0.4820447900088445,nan,0.26354532580090806,-1.01476776599884,4.659808158874512,1.275918960571289,-1.14,6.84,1.65
1743698935.280551,2c08d2cc-7a1c-9d34-25ea-6265acb43d72,c2273c59-c4b1-c4d1-7971-45775c6351d4,26,-71.0,-82.0,-50.0,-78.0,nan,nan,nan,2.335229020826805,-2.99568924274093,-1.406389272692163,0.050724696650521234,nan,nan,nan,1.4729157025126147,1.1554049820798251,1.2991483029685253,0.49510867773079464,nan,nan,nan,nan,nan,nan,-1.14,6.84,1.65
1743698936.283612,2c08d2cc-7a1c-9d34-25ea-6265acb43d72,c2a19246-135d-0169-bf50-ab5674e85976,30,-71.0,-79.0,-50.0,-78.0,nan,-55.0,-62.0,2.149841051024209,-2.9495851305816965,-1.3964446297076436,0.05390717415316593,nan,-2.1869280452241626,0.6018301379236058,1.4612288195429655,0.9980783412092308,1.3076244789279747,0.4163004813321971,nan,0.2632187499953176,0.27655629911441737,-1.0107574462890625,4.64966869354248,1.2692503929138184,-1.14,6.84,1.65
1743698937.290369,2c08d2cc-7a1c-9d34-25ea-6265acb43d72,dc06ca1a-ccee-a3af-fab5-888a40df37fd,28,-70.0,-79.0,-50.0,-77.0,-68.0,-56.0,-65.0,2.1779794784697684,-2.8831065045028117,-1.3923235210788005,0.07048455299058215,-0.8162683864096795,-2.156762837348675,0.6757468284197454,1.4243618816246715,0.9298901654475966,1.272388061387082,0.48971228112445353,0.9520117226182626,0.24141187862727326,0.34894369884056164,-1.0109435319900513,4.649412155151367,1.2427294254302979,-1.14,6.84,1.65
1743698938.288737,2c08d2cc-7a1c-9d34-25ea-6265acb43d72,722f7aed-3e72-e180-f7d4-b62e01e73d74,6,-66.0,-72.0,-56.0,-71.0,-58.0,-63.0,-62.0,2.289589363961681,-2.9858283561726933,-1.3878257083137653,0.004863997414920721,-0.54321459164744,-2.1869439856912267,0.7464975727751336,1.5323804943866126,0.923781939171391,1.3028073531482394,0.3606487702174611,0.7601523746484512,0.20731471582197022,0.2610818381340087,-1.0061594247817993,4.642828464508057,1.22952675819397,-1.14,6.84,1.65
1743698939.286212,2c08d2cc-7a1c-9d34-25ea-6265acb43d72,db28ae85-e7d2-77ff-1eba-08aeb913583f,6,-66.0,-71.0,-55.0,-71.0,-57.0,-63.0,-64.0,2.2959085125962213,-3.0570993406331763,-1.4137782131365877,-0.021322066635501406,-0.47376908901772097,-2.2070391095912263,0.7728038377761298,1.509181564972878,0.9318438604232788,1.1941406601350277,0.29276772350854047,0.6075180590375135,0.20180678005514302,0.2154910312309926,-0.9959641695022583,4.609980583190918,1.243549108505249,-1.14,6.84,1.65
1743698940.289916,2c08d2cc-7a1c-9d34-25ea-6265acb43d72,63f53ae7-d52c-18e0-63b5-d463179bef5c,32,-70.0,-82.0,-50.0,-79.0,nan,-61.0,-62.0,2.3154422665597343,-2.9371111503518743,-1.4523359920309726,0.10144113750166321,nan,-2.2070391095912263,-0.05446586102771707,1.5003531859592651,0.9973346534748261,1.2724093666758025,0.2997796935006646,nan,0.20180678005514302,0.27885972783443747,-0.98737770318985,4.552188873291016,1.2402127981185913,-1.14,6.84,1.65
1743698941.25859,2c08d2cc-7a1c-9d34-25ea-6265acb43d72,99429bf3-76be-a1dd-3606-142d475d512b,4,nan,nan,-54.0,nan,-56.0,nan,nan,nan,nan,-1.4456210976584472,nan,-0.44355390733729805,nan,nan,nan,nan,1.2441071548232034,nan,0.648539115039726,nan,nan,nan,nan,nan,-1.14,6.84,1.65
1743698942.297054,2c08d2cc-7a1c-9d34-25ea-6265acb43d72,92f6c9bf-4cac-e262-35de-0de80f7c8885,18,-69.0,-81.0,-52.0,-78.0,-56.0,-51.0,-57.0,1.9971029035537666,-2.927794081278232,-1.3892952406032715,0.11470581025912989,-0.4023891876198575,-2.1564897091172033,-0.4412197757782726,1.4442423791621133,1.05528916669464,1.2544099929743384,0.4066963900720716,0.5892791255054792,0.3693006787185838,0.41536374009087884,-0.98059219121933,4.497708320617676,1.2265604734420776,-1.14,6.84,1.65
1743698943.291277,2c08d2cc-7a1c-9d34-25ea-6265acb43d72,bb38349d-29d5-6e29-a514-ec52e4bed817,35,-71.0,-82.0,-50.0,-84.0,-62.0,nan,-62.0,2.0473461006792015,-2.999294097592461,-1.4137085714740822,0.17702111660589398,-0.31401412091224146,nan,-0.6936120520324123,1.4868913061230782,1.1900857310592732,1.1639950081758759,0.5519040500861515,0.468204819633065,nan,0.2728899315175513,-0.979471981525421,4.46297550201416,1.1978152990341187,-1.14,6.84,1.65
1743698944.290041,2c08d2cc-7a1c-9d34-25ea-6265acb43d72,7b5f468b-e805-5b9e-8e4b-383d32a05fb0,4,-66.0,-72.0,-53.0,-72.0,-57.0,nan,-61.0,2.2743582130553,-3.0281963196386554,-1.4500043944966086,0.14287885879886011,-0.3460078942605103,nan,0.055049125607877336,1.4904187961449424,1.218486746188314,1.2511685264535486,0.5001737105185028,0.5314273025931772,nan,0.3137140063707769,-0.978174090385437,4.432824611663818,1.1863479614257812,-1.14,6.84,1.65
1743698945.288697,2c08d2cc-7a1c-9d34-25ea-6265acb43d72,9947a91f-2b7b-342b-fb1b-40f18b3def47,16,-73.0,-80.0,-52.0,-74.0,-58.0,-50.0,-57.0,2.2959825484745253,-3.0215504011383625,-1.4246172787732105,0.07815126113670227,-0.3197437617250626,-2.104363021440542,-0.4006393847981951,1.4803078387503477,1.3490647302282073,1.2123608098908594,0.4887412925910106,0.5013739587332307,0.529381130050886,0.4055760424962061,-0.969721794128418,4.4029059410095215,1.176326870918274,-1.14,6.84,1.65
1743698946.284069,2c08d2cc-7a1c-9d34-25ea-6265acb43d72,b29e5ce3-fe26-cf47-920f-9e95555681fc,36,-70.0,-83.0,-50.0,-82.0,-61.0,nan,-62.0,2.509963813636866,-3.1378064374680275,-1.4209546333260243,0.09783468475347791,-0.2859451795500353,nan,-0.6759078211289122,1.5057906951149345,1.2757356548773116,1.18135548953183,0.6118630580794407,0.5400494413671039,nan,0.2766654509650277,-0.9650912880897522,4.358184337615967,1.164353609085083,-1.14,6.84,1.65
1743698947.289739,2c08d2cc-7a1c-9d34-25ea-6265acb43d72,0300a59c-9751-ffc3-0068-dfbdd43f940a,34,-70.0,-81.0,-50.0,-85.0,-61.0,nan,-61.0,2.504514453414346,-3.0558013159178716,-1.4108683101715127,0.18192586038549294,-0.2457371593264392,nan,-0.7552998354084223,1.478087694507603,1.302351020495454,1.1659605542184086,0.506485901644695,0.3905712582010831,nan,0.219021414312458,-0.964119553565979,4.349541664123535,1.14798378944397,-1.14,6.84,1.65
1743698948.289932,2c08d2cc-7a1c-9d34-25ea-6265acb43d72,3e143230-271e-4efa-9c6f-8bbee0b8ef54,21,-70.0,-90.0,-51.0,-81.0,-60.0,-54.0,-57.0,2.5589505313600016,-3.0928466856292003,-1.3866609748110195,0.16426164550721534,-0.38476974830142796,-2.1219390210442874,-0.8038097077442928,1.4403058275968126,1.3942356707414771,1.193422538747088,0.5578348099652172,0.42457563510071206,0.4823967906553766,0.32636745946777157,-0.9635990858078003,4.356229782104492,1.116307258605957,-1.14,6.84,1.65
1743698949.280277,2c08d2cc-7a1c-9d34-25ea-6265acb43d72,f55a7cd6-b84a-94f1-b7b2-be87dba46e64,30,-72.0,-79.0,-50.0,-77.0,nan,-55.0,-62.0,2.7241714474918632,-3.0936235297191765,-1.3953150499312865,0.1664552912971136,nan,-2.1550183508721505,-0.05776126306906948,1.423377976759942,1.13934678649692,1.2572633037662493,0.5674356055634936,nan,0.4068730229764182,0.4356933496644565,-0.9737497568130493,4.383469581604004,1.0676809549331665,-1.14,6.84,1.65
1743698950.288549,2c08d2cc-7a1c-9d34-25ea-6265acb43d72,fea920da-b0f4-9d68-92c7-d08ffb604ffc,1,-67.0,-75.0,-53.0,-79.0,-57.0,nan,-57.0,3.03305126230587,-3.1095042256154284,-1.4352427588904082,0.12264069872702099,-0.34957067653400015,nan,0.38781205333777774,1.4199797832090006,1.240917886259779,1.2295605694750271,0.53679949920009,0.5478357141298608,nan,0.3249942229738026,-0.9886053800582886,4.432833671569824,1.0160212516784668,-1.14,6.84,1.65
1743698951.283861,2c08d2cc-7a1c-9d34-25ea-6265acb43d72,05014ee4-25d6-350b-610a-6b4134f43345,20,-70.0,-87.0,-51.0,-83.0,-57.0,-53.0,-58.0,2.2032203866493214,-3.074792583967336,-1.4048088197432553,0.1794017163043158,-0.3936551816451187,-2.1353251779885056,-0.21669272377448773,1.3873848219953029,1.3220170004070901,1.2795454399747241,0.6039945489017199,0.5571004119112986,0.4353266578304612,0.47894827754752056,-0.9984785318374634,4.4884352684021,0.989549160003662,-1.14,6.84,1.65
1743698952.280981,2c08d2cc-7a1c-9d34-25ea-6265acb43d72,fad3f132-078e-045a-dc46-05f3f3c41209,28,-71.0,-77.0,-50.0,-77.0,-67.0,-55.0,nan,2.1519481440786796,-3.0803719064510515,-1.4006893090110666,0.1252897450633228,-0.7373816865325575,-2.148995005720092,nan,1.3723811050460142,1.1863264128645172,1.2893502670020145,0.7575373704955298,1.0086465274977239,0.30564412715170125,nan,-1.0062814950942993,4.54219388961792,0.9636465311050415,-1.14,6.84,1.65
1743698953.284809,2c08d2cc-7a1c-9d34-25ea-6265acb43d72,8ffd11ca-13f9-f67c-13fe-1407c489fb7d,13,-67.0,-76.0,-53.0,-70.0,-59.0,-50.0,-57.0,2.1474995997938113,-3.102405037097604,-1.4082317806923346,0.17119997909519874,-0.38088889147295213,-2.057564682139896,-0.5177196748493481,1.5094050041883356,1.2743336337214393,1.2000699219859803,0.7997832946045386,0.8006700807295591,0.5720276657672124,0.32195331844675495,-1.005763053894043,4.56633710861206,0.9777978658676147,-1.14,6.84,1.65
1743698954.280802,2c08d2cc-7a1c-9d34-25ea-6265acb43d72,1e516218-24a4-d384-b70f-701feee7f030,3,-66.0,-73.0,-53.0,-72.0,nan,nan,-61.0,2.0611945383476136,-3.084785829641749,-1.425207435270772,-0.024018517239206633,nan,nan,0.1467116147100123,1.5296379710960486,1.3128175098955748,1.1729372373260896,0.6018112894400729,nan,nan,0.3109987866681971,nan,nan,nan,-1.14,6.84,1.65
1743698955.287133,2c08d2cc-7a1c-9d34-25ea-6265acb43d72,0203704c-e5dd-eb1e-70c5-182639a5a561,8,-67.0,-74.0,-54.0,-70.0,-58.0,-58.0,-62.0,2.272483347647884,-3.070034047731582,-1.449018625419116,-0.003953196322113621,-0.37973291398569786,-1.9917490607161044,-0.36367178598438044,1.518079718807051,1.3292059374536498,1.2022659646208596,0.3368097500357259,0.6620066420796156,0.5972278432092261,0.27831880110018153,-0.995883822441101,4.5426836013793945,1.0002225637435913,-1.14,6.84,1.65
1743698956.284213,2c08d2cc-7a1c-9d34-25ea-6265acb43d72,6a378113-6073-a70d-cc5d-4a5f74260889,3,nan,nan,-53.0,-73.0,-56.0,nan,-62.0,nan,nan,-1.45193678418357,0.04218234113798307,-0.4382229705250209,nan,0.27184678426236647,nan,nan,1.2421523945830857,0.3271585874033332,0.5650756812945251,nan,0.2694955625590304,nan,nan,nan,-1.14,6.84,1.65
1743698957.279926,2c08d2cc-7a1c-9d34-25ea-6265acb43d72,9c51730c-aee2-78bc-a23e-dff4c523d77f,26,-70.0,-81.0,-50.0,-78.0,-63.0,-55.0,-64.0,2.2702414986422554,-3.0658582111423374,-1.426144468500316,0.06232382846225235,0.07700314208985921,-2.112549334229642,0.5363134071188603,1.4906933680533299,1.2315118676057282,1.2649486540400001,0.4125247514072236,0.4351967113667874,0.37060703658197097,0.4767593153299637,-0.9971736073493958,4.53263282775879,1.0172582864761353,-1.14,6.84,1.65
1743698958.29012,2c08d2cc-7a1c-9d34-25ea-6265acb43d72,3ece2cd7-28ba-49b8-8573-d0f795d07152,10,-67.0,-74.0,-53.0,-70.0,-58.0,-54.0,-62.0,2.590596341961195,3.1094179391961103,-1.4453049804370548,0.018054900610192194,-0.17166692176068946,-1.965930733209736,-0.10280106920053204,1.45168045492865,0.9249721724415747,1.3005794857383337,0.35821673822048716,0.41340416180047107,0.5697634249748628,0.5561293057045941,-0.9997364282608032,4.525348663330078,1.0271555185317993,-1.14,6.84,1.65
1743698959.288885,2c08d2cc-7a1c-9d34-25ea-6265acb43d72,182ba2dc-3980-32f5-3d5d-3b7eaffe2b84,14,-68.0,-78.0,-52.0,-72.0,-60.0,-51.0,-57.0,2.3918504887629797,-3.1287231939380944,-1.4803798772578343,0.0007044061083259585,-0.20527669924012948,-1.9218537851387383,-0.485894480201428,1.473944614799767,0.793078320507073,1.2060334054569402,0.36954226351972624,0.35947594222609486,0.6576784892897277,0.43949856027582634,-1.0022326707839966,4.503137111663818,1.0417262315750122,-1.14,6.84,1.65
1743698960.285404,2c08d2cc-7a1c-9d34-25ea-6265acb43d72,4dd542bf-6b46-72eb-a90a-ac53551f69e9,14,-69.0,-78.0,-52.0,-72.0,-60.0,-50.0,-57.0,2.5060724026520425,-3.089099617975459,-1.4592606103393424,-0.0070467242443496645,-0.20810970365598555,-1.903967453592976,-0.6437951140885109,1.445352251546404,0.5613278453404787,1.1988974653160727,0.41848573816466167,0.3936397175071791,0.705637805563833,0.3719428831301747,-1.0026428699493408,4.47066068649292,1.0652930736541748,-1.14,6.84,1.65
1743698961.284398,2c08d2cc-7a1c-9d34-25ea-6265acb43d72,a0d65de0-fde3-c3e4-f5fd-a685760a1135,16,-71.0,-79.0,-51.0,-74.0,-58.0,-51.0,-57.0,2.23537486101872,-3.0823141498340463,-1.402602923412343,0.13523984752807686,-0.23222431051042317,-1.9333210782328756,-0.7518500352896896,1.4141786194064812,0.5506826911207275,1.1498024900946258,0.3926914584001038,0.4431548378370002,0.6726187699538381,0.3990823650389849,-1.005424976348877,4.494338035583496,1.0573439598083496,-1.14,6.84,1.65
1743698962.289663,2c08d2cc-7a1c-9d34-25ea-6265acb43d72,61767efa-3527-4def-f873-4c4aaa1b6df9,21,-69.0,-91.0,-51.0,-81.0,-60.0,-53.0,-58.0,2.0119447003087783,-3.078700240234809,-1.398308842470699,0.4509836937356533,-0.32605590964209086,-2.0431686251046344,-0.7924178914883764,1.3755944752173042,0.7369708426612838,1.242009382832548,0.4822664489012419,0.534477048083717,0.5595004717315656,0.3992247461655081,-1.0048038959503174,4.523132801055908,1.0135427713394165,-1.14,6.84,1.65
1743698963.285787,2c08d2cc-7a1c-9d34-25ea-6265acb43d72,f3fdb4df-2044-1a16-270a-ca5ad2f60d44,22,-69.0,-89.0,-50.0,-79.0,-61.0,-54.0,-57.0,1.9976094367930997,-2.8832524457305477,-1.4211088303531396,0.32170240283051976,-0.4481272947799622,-2.105943462364013,-0.8099934805852852,1.3235722864836963,0.9813119445134462,1.24473353031159,0.5768231152479685,0.44687647973151495,0.5004395108615248,0.39276884061499673,-1.0060977935791016,4.570409297943115,0.965021312236786,-1.14,6.84,1.65
1743698964.2892,2c08d2cc-7a1c-9d34-25ea-6265acb43d72,0d45e86f-1a3c-cba5-3485-a0c4723bf912,22,-69.0,-89.0,-50.0,-79.0,nan,-54.0,nan,2.048464095704817,-2.947790426323092,-1.4505121261584324,0.304200108146519,nan,-2.1283685018025844,nan,1.3234120973441281,1.3055046027002717,1.2420774265983996,0.6240342368933209,nan,0.444613360335415,nan,nan,nan,nan,-1.14,6.84,1.65
1743698965.288194,2c08d2cc-7a1c-9d34-25ea-6265acb43d72,51cfc096-6072-0f05-0450-6591eb172925,14,-68.0,-77.0,-52.0,-72.0,-62.0,-50.0,-57.0,2.056698057163124,-2.9461898665079542,-1.4432736543155966,0.22606669018912026,-0.34968000145403294,-2.029759188680425,-0.8038097077442928,1.4620272352377717,1.1332525418164374,1.257341334386189,0.6553281773354878,0.44645488953908735,0.6167259971810296,0.32636745946777157,-1.0106500387191772,4.63420867919922,0.9259397387504578,-1.14,6.84,1.65
1743698966.285141,2c08d2cc-7a1c-9d34-25ea-6265acb43d72,22a1a34b-593e-7ff8-1b46-bacf2cada14f,22,-70.0,-88.0,-50.0,-79.0,-62.0,-54.0,-57.0,2.0730589210039168,-2.9967768777301185,-1.4339013246493355,0.15591636391534305,-0.4842592305615244,-2.0976261220913197,-0.8174243209236063,1.391499805353639,1.3318210284860532,1.3074566997792998,0.6753970935200524,0.34340387798122907,0.5092778562127073,0.36245127203134014,-1.02199125289917,4.720937252044678,0.88761043548584,-1.14,6.84,1.65
1743698967.295542,2c08d2cc-7a1c-9d34-25ea-6265acb43d72,82fba55c-9afd-2ff2-d427-b79cf04a94f5,3,-67.0,-73.0,-53.0,-72.0,-55.0,nan,-59.0,2.1574800622949923,-2.921407288352004,-1.4674181390743644,0.0628095890450828,-0.4481272947799622,nan,0.01882367037632881,1.4548886319358139,1.43669737747781,1.2106900757809982,0.6813368748573106,0.44687647973151495,nan,0.3839109010150444,-1.0375901460647583,4.842921257019043,0.865317165851593,-1.14,6.84,1.65
1743698968.291767,2c08d2cc-7a1c-9d34-25ea-6265acb43d72,7709676f-79d5-f553-506a-673f1967b96e,25,-71.0,nan,-49.0,-80.0,-62.0,-55.0,-60.0,2.214637358242491,nan,-1.482563269877536,0.09461918405331624,-0.5930233723187729,-2.1442993425296453,0.40945612915375723,1.4250551024564193,nan,1.2776007997467485,0.6749575387821346,0.3232863839433089,0.31514848939668305,0.5372708708961398,-1.0498130321502686,4.9018988609313965,0.8518500328063965,-1.14,6.84,1.65
1743698969.288611,2c08d2cc-7a1c-9d34-25ea-6265acb43d72,056b7f8b-864e-54cc-dc31-685812322335,3,-66.0,nan,-53.0,-72.0,-56.0,nan,-59.0,2.2287196214546117,nan,-1.5141708641170868,0.07614190609423747,-0.5233909968526198,nan,0.6179808254144848,1.4898913570910524,nan,1.1698334562336565,0.6257637602842456,0.43157535173876543,nan,0.3481060317577347,-1.059162974357605,4.980828285217285,0.8252896666526794,-1.14,6.84,1.65
1743698970.288424,2c08d2cc-7a1c-9d34-25ea-6265acb43d72,6bc2340d-cecc-eb6e-f72d-618f114b069f,35,-71.0,nan,-50.0,-87.0,-59.0,nan,-63.0,2.286160810374313,nan,-1.4370651600243498,-0.060342170295124384,-0.36585268650242697,nan,-0.18436923385332485,1.4943926319655039,nan,1.0884425262099002,0.6059499749321107,0.4273801957619801,nan,0.3263861266518394,-1.0632704496383667,5.0893816947937,0.809926152229309,-1.14,6.84,1.65
1743698971.285587,2c08d2cc-7a1c-9d34-25ea-6265acb43d72,e6caec0e-cb4d-acb5-5a77-3fec1d7ff736,29,-71.0,nan,-50.0,-76.0,-76.0,-55.0,-63.0,2.2449068471923317,nan,-1.4824389002546292,0.016092150886803797,-0.6658185008598523,-2.1578859606826457,0.26846197864245447,1.4662894914043887,nan,1.2533388695839085,0.6459202278896465,1.0156559596651307,0.2864357960651945,0.4225249921675201,-1.0712463855743408,5.137194633483887,0.793440043926239,-1.14,6.84,1.65
1743698972.288667,2c08d2cc-7a1c-9d34-25ea-6265acb43d72,b30a1480-6503-2055-fd0f-606c73b99fa0,30,-71.0,nan,-50.0,-77.0,-67.0,-55.0,-63.0,2.2679229505972325,nan,-1.4942964918501525,0.022363362621722387,-1.3087276886144619,-2.1535234906383875,0.46340104677935007,1.4354128017260097,nan,1.2355091392438826,0.5960273030265844,1.2451290843758456,0.2960723534603663,0.4276581049375352,-1.0745773315429688,5.116840362548828,0.8115171194076538,-1.14,6.84,1.65
1743698973.286063,2c08d2cc-7a1c-9d34-25ea-6265acb43d72,66ee3df9-18a3-9373-ccd1-fd7ec9df906b,29,-71.0,-78.0,-50.0,-76.0,-74.0,-55.0,-63.0,2.2713104915038134,-2.9722414409233275,-1.4749853781537698,0.13160916001397183,-1.7304981280417329,-2.1535234906383875,0.6075180183023444,1.385943252897243,0.9120068389906328,1.2026961982949618,0.5766633255825637,1.2524462177608098,0.2960723534603663,0.3809039847553076,-1.077197790145874,5.086063385009766,0.848213791847229,-1.14,6.84,1.65
1743698974.289243,2c08d2cc-7a1c-9d34-25ea-6265acb43d72,02cff0e2-79c0-2435-457f-b6b8ea792fe3,4,-65.0,-71.0,-54.0,-71.0,-56.0,nan,-58.0,2.134448512555769,-3.0364049810666063,-1.4776406829186335,0.10113966766626627,-0.6594827425173344,nan,0.7112785080731993,1.4709713286007475,1.100677620889942,1.1663026372604295,0.5385279906160924,0.9785688501352687,nan,0.2690332359210541,-1.0758578777313232,5.049714088439941,0.900657832622528,-1.14,6.84,1.65
1743698975.291447,2c08d2cc-7a1c-9d34-25ea-6265acb43d72,deb0c415-162b-1915-f4e0-4fc36bc3ccd9,18,-69.0,-81.0,-52.0,-79.0,-56.0,-51.0,-57.0,1.9582031747754154,-3.001951666044251,-1.460958641850377,0.10427261037263548,-0.47536334618578774,-2.110111797070661,-0.058750935950667285,1.3490785786658757,1.1724140593299432,1.2331031063570506,0.4987412627471764,0.726775054260618,0.40687302297491434,0.47054073519561934,-1.0729252099990845,4.993278980255127,0.9390544891357422,-1.14,6.84,1.65
1743698976.28985,2c08d2cc-7a1c-9d34-25ea-6265acb43d72,ceccec7a-7fcd-70b4-8781-7d47ec250723,30,-72.0,-80.0,-50.0,-77.0,-66.0,-55.0,-63.0,1.975269243672861,-2.9224632317242203,-1.4810838838919969,0.13193406566696148,-0.9013884384890094,-2.1507687563262214,-0.48143199527326835,1.3410965522466902,0.9419658699363974,1.3001180930794778,0.48589713641534693,1.1887359196335965,0.37890702931570075,0.3279457931522917,-1.0720195770263672,4.9253387451171875,0.9641321301460266,-1.14,6.84,1.65
1743698977.287212,2c08d2cc-7a1c-9d34-25ea-6265acb43d72,af6c5153-76bc-b97c-775a-dce04ec9846e,8,-67.0,-73.0,-55.0,-69.0,-58.0,-58.0,-61.0,1.8904166702851923,-2.9614226153109895,-1.4843152304006442,0.10815416766142595,-0.5654463562682817,-2.0673618045589,-0.6523581397216711,1.4993619574015378,0.8854760953161274,1.2217303432379762,0.4313243384372292,0.87845119388117,0.4866599042287296,0.2526802551222123,-1.0632580518722534,4.829561233520508,0.9975975155830383,-1.14,6.84,1.65
1743698978.290691,2c08d2cc-7a1c-9d34-25ea-6265acb43d72,729994ff-3630-0967-b78c-4294834b8bb8,33,-71.0,-80.0,-50.0,-82.0,-64.0,nan,-63.0,1.9441699137273518,-2.8559395982229128,-1.4658796309126259,0.04751532122086674,-0.357216448393868,nan,-0.7728038377761298,1.4631292512968457,1.2511625343410957,1.211747483891814,0.3283358044736891,0.580585837546387,nan,0.2154910312309926,-1.0614725351333618,4.835361003875732,1.0246418714523315,-1.14,6.84,1.65
1743698979.291396,2c08d2cc-7a1c-9d34-25ea-6265acb43d72,8f471624-c2e0-9e4c-5ab4-dbf5d2860ad8,33,-71.0,-80.0,-50.0,-83.0,-61.0,nan,-63.0,1.8633360504246128,-2.801761314270777,-1.4709055485218232,0.10427314300485349,-0.28746049113072625,nan,-0.8225749941446844,1.4231544043864295,1.3556683044671678,1.2294280772107957,0.3065874656162069,0.4205010374807627,nan,0.19266350627260936,-1.0613892078399658,4.75873613357544,1.0861190557479858,-1.14,6.84,1.65
1743698980.288914,2c08d2cc-7a1c-9d34-25ea-6265acb43d72,eaf2bdc5-524e-8c14-e4c9-c0dc16607233,8,-68.0,-72.0,-54.0,-69.0,-58.0,-58.0,-62.0,2.1009139881094914,-2.816849986058839,-1.4409457852067584,0.05909900669827539,-0.3750535092387359,-1.9959974421278206,-0.8201610770664861,1.502925400098118,1.3334630004561419,1.2624624600043566,0.294017511718601,0.47619013511682334,0.5488778613982149,0.18077379807027916,-1.0664021968841553,4.623952388763428,1.1269513368606567,-1.14,6.84,1.65
1743698981.285663,2c08d2cc-7a1c-9d34-25ea-6265acb43d72,e02b7169-ffe2-a744-a1d4-265a1057fc70,11,-66.0,-75.0,-53.0,-69.0,-60.0,-51.0,-58.0,2.2013630981051002,-2.8069068078129193,-1.4102916026374563,0.0618449920982561,-0.41094595835940334,-1.8961101910866738,-0.8201610770664861,1.4938453523614932,1.4314525480270075,1.1886986236055053,0.2951073438156887,0.35472146586225667,0.6692616649620114,0.18077379807027916,-1.064542293548584,4.521756649017334,1.1502289772033691,-1.14,6.84,1.65
1743698982.292102,2c08d2cc-7a1c-9d34-25ea-6265acb43d72,4800e33f-1a0d-2013-a665-76ebe7bcea03,2,-67.0,-74.0,-53.0,-74.0,-56.0,nan,-57.0,2.315627089939386,-2.82734310706986,-1.423707942419003,0.06157894230535718,-0.41010236278199935,nan,nan,1.485531362912429,1.3490056080520074,1.1646227152448074,0.22640700888691875,0.45369472463055427,nan,0.2617993877732675,-1.042433500289917,4.39260196685791,1.1297273635864258,-1.14,6.84,1.65
1743698983.29068,2c08d2cc-7a1c-9d34-25ea-6265acb43d72,8c17c012-aa80-0de4-88ce-701528f92a19,25,-71.0,-84.0,-50.0,-79.0,-61.0,-54.0,-61.0,2.2294626433987443,-2.87502674007162,-1.4217964585465985,0.34260502159433365,-0.575002506012062,-2.0812844910732684,0.3943481154574634,1.4389778423192445,1.3972118864176954,1.1676423404467937,0.28474262045872295,0.32689131790490145,0.4144568782606185,0.4730146869420574,-1.0210148096084595,4.267803192138672,1.0849071741104126,-1.14,6.84,1.65
1743698984.280965,2c08d2cc-7a1c-9d34-25ea-6265acb43d72,9adc846a-05a1-c3e9-eb07-662dc2a4d63d,10,-67.0,-74.0,-53.0,-70.0,-59.0,-54.0,-62.0,2.6040820570891383,-2.8945168181932557,-1.3847921015160563,0.00436758418772995,-0.48724408971344146,-1.9432102282747612,-0.20287885457974927,1.5077176253216613,1.418628628429949,1.245600389246411,0.3543285563184852,0.35883835071695724,0.5623531901965576,0.5319484178181423,-1.002612829208374,4.1380815505981445,1.0485100746154785,-1.14,6.84,1.65
1743698985.28127,2c08d2cc-7a1c-9d34-25ea-6265acb43d72,ce6374ac-906f-9d91-b628-c2f12b15ce82,16,-72.0,-79.0,-52.0,-74.0,-58.0,-51.0,-57.0,2.668779294714869,-2.8728882217162868,-1.3791588500202663,-0.05951951983439891,-0.39779076406617486,-1.969646550485915,-0.5370388093539151,1.4669579448379984,1.4309848969395895,1.2520534948837816,0.4082294720430894,0.3894950876589209,0.6111408173817348,0.54162266269239,-0.989917814731598,4.038156032562256,1.0241193771362305,-1.14,6.84,1.65
1743698986.286258,2c08d2cc-7a1c-9d34-25ea-6265acb43d72,20f34e90-9a0d-ba97-9506-9b7aadf8a47d,28,-71.0,-78.0,-49.0,-76.0,-70.0,-56.0,-65.0,2.645784496598689,-2.8532985413698815,-1.3905581115921868,0.14181971963333562,-0.7692943279505429,-2.110111797070661,0.14878458831554847,1.3907238933700443,1.3145653425189936,1.2699169142115974,0.5122547746189974,0.9743630456220983,0.40687302297491434,0.6056554761274857,-0.9807363748550415,3.948556661605835,1.021864891052246,-1.14,6.84,1.65
1743698987.291948,2c08d2cc-7a1c-9d34-25ea-6265acb43d72,2089fdbd-96d3-63f5-0e45-3eddd1b4914a,6,-67.0,-72.0,-55.0,-70.0,-56.0,nan,-61.0,2.476989618283941,-2.858998771367087,-1.4372389312854776,-0.08233082615147262,-0.5519839265329247,nan,0.4937024357988,1.5056126627960627,1.3334819088998808,1.1899252756035958,0.3540843111570112,0.7750538384125576,nan,0.38963065372063743,-0.9755482077598572,3.8619353771209717,1.05167281627655,-1.14,6.84,1.65
1743698988.286921,2c08d2cc-7a1c-9d34-25ea-6265acb43d72,f56d1b5f-f57c-f9d9-dbfd-4023b147c27f,31,-72.0,-83.0,-50.0,-78.0,-63.0,-57.0,-62.0,2.412190647904569,-2.8188950274599107,-1.473455258949465,-0.00017310547085515047,-0.36588644878748683,-2.155955874282514,-0.1854863347270115,1.4843037788079572,1.2292247448615685,1.1916769698105956,0.3888913605511561,0.5282042826254162,0.3323347081890431,0.34354184976264457,-0.9664078950881958,3.73681378364563,1.0568625926971436,-1.14,6.84,1.65
1743698989.283464,2c08d2cc-7a1c-9d34-25ea-6265acb43d72,8aac5c43-6918-600d-faad-c709e7abbca1,21,-69.0,-87.0,-51.0,-82.0,-60.0,-53.0,-58.0,2.322029861832154,-2.84657166277245,-1.4662534055716179,0.027390611811464963,-0.4250506511138683,-2.144863901406079,-0.5008410735274443,1.4013540340191504,1.39323086006219,1.2095650233784943,0.4480365398048307,0.5175152041807655,0.3884285151849785,0.4203105117143642,-0.9573612809181213,3.665938138961792,1.0225096940994263,-1.14,6.84,1.65
1743698990.292492,2c08d2cc-7a1c-9d34-25ea-6265acb43d72,828ec77e-0db6-05c6-1502-7418048f0eef,28,-71.0,-79.0,-50.0,-76.0,-71.0,-56.0,-64.0,2.164968338648077,-2.881217524341618,-1.452475275355984,0.047824514223424944,-0.8477242713335438,-2.1578859606826457,0.14084070620223121,1.4145675740836874,1.2828208617994128,1.226932562111337,0.45181636433998024,1.0226217722470126,0.2864357960651945,0.5193006139904947,-0.9501129984855652,3.631577253341675,1.01426887512207,-1.14,6.84,1.65
1743698991.287057,2c08d2cc-7a1c-9d34-25ea-6265acb43d72,8dea7317-994b-d59d-586d-970183bf627e,25,-71.0,-85.0,-49.0,-80.0,-62.0,-55.0,-62.0,2.2328975885727282,-2.8488015275531735,-1.4500267650497654,0.09020978823647205,-0.699154841276842,-2.1636100668551204,0.47942845874563556,1.3309187495087347,1.2985702638539234,1.255835183631694,0.5338078371895495,0.6034116483211126,0.22200743323907848,0.6230265086385377,-0.9465246200561523,3.6854684352874756,1.0152634382247925,-1.14,6.84,1.65
1743698992.289864,2c08d2cc-7a1c-9d34-25ea-6265acb43d72,ffd7acaf-dfd5-53ec-4413-de165018f352,4,-67.0,-72.0,-54.0,-71.0,-56.0,nan,-60.0,2.1579551702334623,-2.7991554111441346,-1.4457064519713843,0.09638832196545588,-0.5739792861818215,nan,0.6523556912363337,1.5144040238705234,1.365203885908251,1.2248768680659048,0.46495447036664084,0.580639079731068,nan,0.3997733401571357,-0.9642091393470764,3.8061084747314453,1.039312720298767,-1.14,6.84,1.65
1743698993.292018,2c08d2cc-7a1c-9d34-25ea-6265acb43d72,9bcc5543-986e-83f8-b51b-e4abbd8488fa,26,-70.0,-81.0,-50.0,-78.0,-60.0,-55.0,-67.0,2.0783452957677238,-2.7853639651230497,-1.4540579919918182,0.08905264474283262,-1.5707963266324696,-2.155602382668276,0.7846320307427989,1.473388679922213,1.3291617289795545,1.2359126081490295,0.5094644142973532,0.9075712110370516,0.18784091094864644,0.5514842793030725,-0.9802731275558472,3.922294855117798,1.0948026180267334,-1.14,6.84,1.65
1743698994.281305,2c08d2cc-7a1c-9d34-25ea-6265acb43d72,242f1506-1fd8-96dc-6ded-9a1b73673632,4,-66.0,-71.0,-54.0,-71.0,-56.0,nan,-58.0,2.170734615040317,-2.924318656055678,-1.4524198816053107,0.04780214367026828,-0.8680761247598962,nan,0.7951864145957602,1.512009043102215,1.3367231091045622,1.167364839061208,0.4282272485370352,0.8823646546039738,nan,0.3563814688609685,-0.9933871030807495,4.034531593322754,1.13168740272522,-1.14,6.84,1.65
1743698995.291711,2c08d2cc-7a1c-9d34-25ea-6265acb43d72,969ab81c-3bce-2d51-ba46-e22ae366e891,1,-67.0,-76.0,-53.0,-77.0,-56.0,nan,-56.0,2.105236831190908,-2.924035562031803,-1.4492874715311592,0.054478155890878906,-0.5742683343927695,nan,0.7882648730099512,1.4848866116125208,1.353853892816497,1.2168764658351976,0.4637822800128425,0.7680219736681604,nan,0.2775184767736829,-1.0055654048919678,4.170557498931885,1.1635472774505615,-1.14,6.84,1.65
1743698996.289172,2c08d2cc-7a1c-9d34-25ea-6265acb43d72,eb58ab8b-9a50-5729-8021-b3ef6841a637,24,-70.0,-92.0,-49.0,-81.0,nan,-55.0,nan,2.134613628543354,-2.911474496434335,-1.4552039502088794,0.05827316044424183,nan,-2.1497682423462345,nan,1.41594123257395,1.3469939893226164,1.2240452960155275,0.5570147227970408,nan,0.2070271169505604,nan,nan,nan,nan,-1.14,6.84,1.65
1743698997.290318,2c08d2cc-7a1c-9d34-25ea-6265acb43d72,6a619d0a-3b1f-dcdf-0052-1d6b97e9fde2,24,-70.0,-93.0,-49.0,-81.0,-62.0,-55.0,-59.0,2.110309087803073,-2.9371289935311777,-1.4493196957803491,0.3046435244680172,-0.6350204741364257,-2.143326788260994,0.8081570901983913,1.3272716835539256,1.3257012174591054,1.2655713011028604,0.6279865676880804,0.4660902493401423,0.22603398817010956,0.3384523429873006,-1.0094794034957886,4.240227699279785,1.15020489692688,-1.14,6.84,1.65
1743698998.290911,2c08d2cc-7a1c-9d34-25ea-6265acb43d72,d58deff2-5e12-7b76-80d6-6055cc38e491,0,-66.0,-78.0,-53.0,-79.0,-57.0,nan,-57.0,2.1445424257193872,-2.9749354946820517,-1.442167377198778,0.21843620103382522,-0.4978575375747706,nan,0.8023021861715741,1.3722135922134486,1.400493966145109,1.2521718723942359,0.6718353152991531,0.5515266759666568,nan,0.2607324645390974,-1.01982319355011,4.3254132270813,1.0883851051330566,-1.14,6.84,1.65
1743698999.2887,2c08d2cc-7a1c-9d34-25ea-6265acb43d72,4f51ff6d-5339-2fbc-970f-43f32193f652,22,-69.0,-92.0,-49.0,-80.0,-60.0,-54.0,-57.0,2.1582113663303284,-3.1089939639505695,-1.436008950336024,0.25670129852441076,-0.5233909968526198,-2.155955874282514,0.019257152433122333,1.324668310430318,1.4173215489669382,1.2738990058315383,0.6986672624929468,0.43157535173876543,0.3323347081890431,0.43626129321730833,-1.0234124660491943,4.357501983642578,1.0472086668014526,-1.14,6.84,1.65
1743699000.289779,2c08d2cc-7a1c-9d34-25ea-6265acb43d72,6c5d49db-43b6-5f34-93f2-ba31ba0344c6,20,-69.0,-86.0,-51.0,-83.0,-58.0,-53.0,-59.0,2.124159123368139,-3.141538058787446,-1.4055406564108088,0.23915639326296873,-0.5027356573473276,-2.144863901406079,-0.42104672422151096,1.359331615704626,1.4058140298967057,1.207858869226135,0.7318355357103113,0.5009624612597897,0.3884285151849785,0.5016004666424818,-1.02768874168396,4.398457050323486,1.0302733182907104,-1.14,6.84,1.65
1743699001.290353,2c08d2cc-7a1c-9d34-25ea-6265acb43d72,cfc6cb78-d847-b730-753d-0da5cac6266b,13,-68.0,-77.0,-53.0,-71.0,-60.0,-50.0,-57.0,2.149299364058487,3.1181557707326597,-1.400638309476191,0.2146603712403109,-0.37843162553304865,-2.040731317714664,-0.6323754626868935,1.436712557496023,1.455255881850136,1.1495866408882747,0.615744282473095,0.49241947144535525,0.608907864571581,0.32988135852945927,-1.0271320343017578,4.454962730407715,0.5752479434013367,-1.14,6.84,1.65
1743699002.290497,2c08d2cc-7a1c-9d34-25ea-6265acb43d72,f58bf1fc-3757-60bc-ddfb-2a6fcd119ad6,30,-72.0,-80.0,-50.0,-77.0,-65.0,-54.0,-62.0,2.1151826725979177,-3.1319019430152126,-1.3938903919061485,0.3046509813190694,-0.3206704947237595,-2.1138570411716913,0.03883338345540451,1.3990027290927192,1.3861288752252214,1.2033184458836588,0.5597291497381041,0.3829495949576423,0.46286982989077957,0.45348851348004704,-1.026375412940979,4.455658435821533,0.4824572801589966,-1.14,6.84,1.65
1743699003.289607,2c08d2cc-7a1c-9d34-25ea-6265acb43d72,7d2066fa-8030-4299-622a-4c7c5729b4de,31,-72.0,-83.0,-50.0,-78.0,nan,nan,nan,2.1382589634434543,-3.090133989742846,-1.3866496563763864,0.27778048486849694,nan,nan,nan,1.3190369231472912,1.3739046995056492,1.1882032756427503,0.5427365840867445,nan,nan,nan,nan,nan,nan,-1.14,6.84,1.65
1743699004.290473,2c08d2cc-7a1c-9d34-25ea-6265acb43d72,cb1fd10a-a3f0-e39e-e59f-2d0c1bbf883d,29,-71.0,-79.0,-50.0,-77.0,-73.0,-54.0,-63.0,2.1822964625967867,3.042131576358604,-1.3846348418536871,0.2524911071571045,-0.5772344969171321,-2.1286491870037616,0.35261460011900764,1.2670233896872263,1.1478422703742728,1.2509494814538893,0.5852383048184553,1.0053825440110642,0.37956269583362995,0.46284322610773637,-1.023158311843872,4.441571235656738,0.43289509415626526,-1.14,6.84,1.65
1743699005.295313,2c08d2cc-7a1c-9d34-25ea-6265acb43d72,f0e21df5-784a-f0c8-be6b-23eb8dc130a4,33,-71.0,-82.0,-50.0,-83.0,-62.0,nan,-62.0,2.1957656661259715,-3.1393619898607428,-1.4080640015436592,0.21658051038625803,-0.3320224668971218,nan,-0.2609755888086072,1.3322029257863706,1.271972208782866,1.1534225249643704,0.5174742041709027,0.6533839189458366,nan,0.3551413412035351,-1.0122199058532715,4.393537998199463,0.36780765652656555,-1.14,6.84,1.65
1743699006.287435,2c08d2cc-7a1c-9d34-25ea-6265acb43d72,6ff1eded-5241-0869-4cde-818ed1993bb6,12,-67.0,-75.0,-53.0,-70.0,-60.0,-50.0,-59.0,2.2613406816469928,-3.0990268172548388,-1.37210986208899,0.1618730563255233,-0.3362813739453228,-2.005019454999482,-0.5455959718264359,1.4980534131999272,1.250863195034571,1.129268319667624,0.49984544262463687,0.4820829579177554,0.6108413592391582,0.27091852043334386,-0.9987067580223083,4.354425430297852,0.2952280342578888,-1.14,6.84,1.65
1743699007.291943,2c08d2cc-7a1c-9d34-25ea-6265acb43d72,5cbffda8-7473-eab2-08e6-f2de8603a2b0,2,-67.0,-74.0,-53.0,-74.0,-56.0,nan,-57.0,2.2974584723506473,-3.1014079495854787,-1.4489706885194942,0.16952058971179484,-0.34260949995156476,nan,0.12769616150159457,1.4969577887274685,1.2237691262104864,1.2374714894931076,0.47624730536349924,0.5149982896131469,nan,0.2944278940178629,-0.9926908016204834,4.30985927581787,0.2024606168270111,-1.14,6.84,1.65
1743699008.290976,2c08d2cc-7a1c-9d34-25ea-6265acb43d72,23bfa085-c8f3-8494-a8a3-3e13ef3070de,16,-72.0,-80.0,-51.0,-75.0,-57.0,-50.0,-59.0,2.108159384171161,-3.034335438583506,-1.437633611759027,0.15697150833923243,-0.31401412091224146,-2.00866153600631,-0.35261460011900764,1.3540436430441647,1.2287552295613873,1.1911821544800585,0.47389030793023823,0.468204819633065,0.6529873724573713,0.46284322610773637,-0.985989212989807,4.2983784675598145,0.14102736115455627,-1.14,6.84,1.65
1743699009.289444,2c08d2cc-7a1c-9d34-25ea-6265acb43d72,52ad84bb-97f9-65b5-0285-252efc649c04,21,-70.0,-89.0,-51.0,-82.0,-59.0,-54.0,-58.0,2.126607633674358,-3.1160729124441087,-1.4163136756523977,0.16975255104274073,-0.4172247998666302,-2.0769686065575086,-0.597722795753883,1.2994854591625289,1.3137880989548543,1.2566036387642368,0.487412108890952,0.4856578175119423,0.5553986997433504,0.47678324361400476,-0.980408012866974,4.27804183959961,0.12603759765625,-1.14,6.84,1.65
1743699010.290653,2c08d2cc-7a1c-9d34-25ea-6265acb43d72,2ef4b8e6-38bd-c817-34a2-ee0d60c5cd66,12,-67.0,-75.0,-53.0,-70.0,-60.0,-50.0,-59.0,2.2828041621363773,-3.129051295384392,-1.4296798148473966,0.12627884309217824,-0.3630801481885806,-1.9450639876566262,-0.6859986729999404,1.432075994038195,1.4580639189035156,1.1929875113830235,0.456289875760068,0.41107327038054514,0.6874934254559516,0.3173518618595028,-0.9792364239692688,4.313459873199463,0.15020763874053955,-1.14,6.84,1.65
1743699011.292406,2c08d2cc-7a1c-9d34-25ea-6265acb43d72,abdd3b73-d3b6-bec8-4143-62318b77a5aa,26,-70.0,-81.0,-50.0,-78.0,-62.0,-55.0,-66.0,2.256105972208333,-3.1366956329773554,-1.453854260168427,0.14849120448009315,-1.5707963266205522,-2.1138570411716913,nan,1.418565511512114,1.3756237699892948,1.2307576603850179,0.5287398749246424,0.9599310885968813,0.46286982989077957,0.6457718231777206,-0.973896086215973,4.3470139503479,0.16649910807609558,-1.14,6.84,1.65
1743699012.281856,2c08d2cc-7a1c-9d34-25ea-6265acb43d72,3498291f-1724-e2f5-4a4c-fb151d4f56fa,24,-72.0,-90.0,-49.0,-81.0,-62.0,-55.0,-59.0,2.2959047841706948,3.1329171400227507,-1.4518243987855688,0.2521749899357121,-0.9316745439246398,-2.134401804156639,0.4326933029412103,1.3635677728925608,1.3123945999144704,1.2874811273909426,0.5756205648577432,0.6695795333460122,0.3339442794607621,0.6169284377287559,-0.9742025136947632,4.3675150871276855,0.5832934975624084,-1.14,6.84,1.65
1743699013.289344,2c08d2cc-7a1c-9d34-25ea-6265acb43d72,1c82816f-caa7-913e-ec2d-56d37bfaa234,9,-68.0,-73.0,-54.0,-70.0,-57.0,-55.0,-61.0,2.356063995298931,3.095029945090848,-1.4071023340740314,0.17484238451810016,-0.6604968976927253,-1.9959974421278206,-0.2605248612028631,1.524760791033732,1.0969951348926352,1.2502453416616726,0.5669216820521357,0.61809553350672,0.5488778613982149,0.5088634709844095,-0.9739466905593872,4.397917747497559,0.6741408109664917,-1.14,6.84,1.65
1743699014.283253,2c08d2cc-7a1c-9d34-25ea-6265acb43d72,442b7801-a2b4-2e9d-8e36-29a6f786696e,10,nan,nan,-53.0,-70.0,-58.0,nan,nan,nan,nan,-1.3995904887452995,0.11715804899087486,-0.542527587803744,nan,nan,nan,nan,1.2341927387170566,0.5036107196423317,0.5565946050593384,nan,nan,nan,nan,nan,-1.14,6.84,1.65
1743699015.281998,2c08d2cc-7a1c-9d34-25ea-6265acb43d72,ff066350-1ed5-132b-3a34-bf0b2dae21ef,28,-70.0,-78.0,-50.0,-76.0,-69.0,-55.0,-65.0,2.1934987834060964,3.0958491334421563,-1.4039339713251644,0.13944844099872905,-0.9371183095305378,-2.096835230943218,0.2728486062747692,1.462687166555893,0.9626027052234215,1.2787226563559444,0.6136176817636395,0.9956202432435295,0.42460175925737587,0.4561611594920647,-0.975954830646515,4.433489799499512,0.7288911938667297,-1.14,6.84,1.65
1743699016.282597,2c08d2cc-7a1c-9d34-25ea-6265acb43d72,2d65744f-b2c6-b94b-bc05-09112540577a,33,-71.0,-81.0,-50.0,-82.0,-63.0,nan,-61.0,2.2504238517065396,3.107262909242018,-1.454817525534709,0.12240154686113186,-0.45543037694845845,nan,-0.3164750423705593,1.4579323587456656,1.1915528665037975,1.2199669311221801,0.5439700271456147,0.6799795121503024,nan,0.3497989871088976,-0.984462022781372,4.46922731399536,0.775729477405548,-1.14,6.84,1.65
1743699017.295301,2c08d2cc-7a1c-9d34-25ea-6265acb43d72,7a829850-4201-78bf-4982-a6b411c5d2f6,19,-70.0,-84.0,-51.0,-81.0,-56.0,-52.0,-58.0,2.1152737527071985,3.094608100374179,-1.4257003863885453,0.15028004978429935,-0.44804799963870917,-2.1054893324771506,-0.56002206867696,1.4456759587769026,1.3144204665556931,1.2436621406050512,0.5802992728398216,0.596611667446701,0.44360184977180694,0.48690287331083826,-0.9985645413398743,4.506070137023926,0.8274391293525696,-1.14,6.84,1.65
1743699018.292286,2c08d2cc-7a1c-9d34-25ea-6265acb43d72,9e1f317e-1c49-87d9-9c89-3dca43a7e564,35,-71.0,-83.0,-50.0,-87.0,-61.0,nan,-62.0,2.1175923007522215,3.0978390474086632,-1.4516237295974312,0.29609903842660695,-0.3362813739453228,nan,-0.7252609053126876,1.466009992647985,1.2905529505502944,1.1994376875431954,0.6007588747563009,0.4820829579177554,nan,0.32160928139075057,-1.0034847259521484,4.527108192443848,0.8495261669158936,-1.14,6.84,1.65
1743699019.281213,2c08d2cc-7a1c-9d34-25ea-6265acb43d72,a77c5c9c-c262-f6d8-e85d-fe9bfb3994ab,3,nan,nan,-53.0,nan,nan,nan,-59.0,nan,nan,-1.4412319418658877,nan,nan,nan,-0.8133943954633283,nan,nan,1.3413225214651838,nan,nan,nan,0.23229496318199747,nan,nan,nan,-1.14,6.84,1.65
1743699020.283571,2c08d2cc-7a1c-9d34-25ea-6265acb43d72,97ad0280-53ad-b001-d86c-12c46ed8f339,36,-70.0,-82.0,-50.0,-84.0,-61.0,nan,-62.0,2.068545928220668,-3.112766864266884,-1.4373131003218362,0.12548602003566164,-0.29728212570210394,nan,-0.8772574524695436,1.4947584171412267,1.335549986644382,1.1588130293267995,0.6540269568268751,0.48735461379917083,nan,0.19300921438360766,-1.0128841400146484,4.621217250823975,0.9176999926567078,-1.14,6.84,1.65
1743699021.282484,2c08d2cc-7a1c-9d34-25ea-6265acb43d72,683f8c88-7f95-619f-349d-edd029939a5c,0,-67.0,-76.0,-54.0,nan,nan,-62.0,-58.0,2.1646168013841867,-3.099035073054218,-1.4333567082064147,nan,nan,-2.2378755720470997,-0.018156498785003396,1.5159671662723453,1.3476226284979291,1.1970658762763708,nan,nan,0.3303783657192991,0.27920900785384245,-1.0035508871078491,4.546393871307373,0.9589373469352722,-1.14,6.84,1.65
1743699022.2821,2c08d2cc-7a1c-9d34-25ea-6265acb43d72,b0a13601-23da-606a-1da6-ae9297e4e864,35,-71.0,-84.0,-49.0,nan,-61.0,nan,-63.0,2.0033139278480494,-3.0808624607238437,-1.436998447839043,nan,-0.26846197864245447,nan,-0.4716298104174879,1.5154674240937918,1.2530741513715549,1.2571976568453789,nan,0.4225249921675201,nan,0.26590435534372076,-0.9947726130485535,4.473925590515137,0.953934073448181,-1.14,6.84,1.65
1743699023.282136,2c08d2cc-7a1c-9d34-25ea-6265acb43d72,dcfbfb55-94f4-dc36-9d16-ff65b58603bd,30,-72.0,-81.0,-50.0,nan,-67.0,-55.0,-62.0,1.8766342790118142,-3.0132985965007517,-1.4456682356097417,nan,-0.25935341512607574,-2.1992058731851465,-0.6295498532390622,1.487900111544,1.1254580019379932,1.1839223773485028,nan,0.338275358682895,0.3272010157020287,0.22775277624736093,-0.9891234636306763,4.418636322021484,0.961658537387848,-1.14,6.84,1.65
1743699024.291053,2c08d2cc-7a1c-9d34-25ea-6265acb43d72,a1285735-c2d3-9829-d58c-ab96839e8d96,18,-69.0,-82.0,-51.0,nan,-55.0,-51.0,-58.0,1.8719668228853414,-3.026435437525895,-1.4550556121361617,nan,-0.29212309142715304,-2.158276477223186,-0.7599409699918951,1.344789557730303,1.2276048771285275,1.2566192182566134,nan,0.4539525045631759,0.4353266578312729,0.3678778512299021,-0.98760586977005,4.39037561416626,0.9566403031349182,-1.14,6.84,1.65
1743699025.29146,2c08d2cc-7a1c-9d34-25ea-6265acb43d72,24d550f2-a951-3e94-f825-516371127957,15,-71.0,-79.0,-52.0,nan,-57.0,-50.0,-58.0,1.8869199397739183,-3.040180544544012,-1.4381654450287156,nan,-0.24068153807480994,-2.072193948859589,-0.8099934805852852,1.4951203407333686,1.296709779516394,1.2492784810279194,nan,0.5110275760302591,0.5844590001725288,0.39276884061499673,-0.982211410999298,4.373955726623535,0.9317070245742798,-1.14,6.84,1.65
1743699026.289027,2c08d2cc-7a1c-9d34-25ea-6265acb43d72,c3f5876c-2de9-632d-7f78-6e12f969db68,27,-70.0,-78.0,-50.0,-78.0,-62.0,-54.0,-71.0,2.1027302639729255,-2.967566794261911,-1.4145931404301524,0.3569613240826238,-0.4670439581926154,-2.1486484326217834,-0.04555428954010017,1.4371238827263861,1.2353249816545038,1.2607283426605516,0.7357756159640562,0.44325659795526884,0.41645319855863117,0.6976206534612492,-0.976713001728058,4.34239101409912,0.9153816103935242,-1.14,6.84,1.65
1743699027.291815,2c08d2cc-7a1c-9d34-25ea-6265acb43d72,abaa3083-5702-a970-98ba-3f8f7a997f8b,28,-70.0,-78.0,-50.0,-76.0,nan,-55.0,-64.0,2.0931103934833413,-2.997024019079278,-1.412036772099785,0.3125520476411165,nan,-2.1455636409648857,-0.46340104677935007,1.3932921127672626,1.105382827324867,1.3201308165650414,0.8586200465144683,nan,0.35146490194627544,0.4276581049375352,-0.975692868232727,4.349664688110352,0.8985818028450012,-1.14,6.84,1.65
1743699028.290214,2c08d2cc-7a1c-9d34-25ea-6265acb43d72,9b1720f3-d30d-0615-7d90-80fcea456215,8,-68.0,-73.0,-55.0,-69.0,-57.0,-58.0,-63.0,2.205251313296616,-3.0227946299996473,-1.4061660997928143,0.15933772696776788,-0.42104672422151096,-2.0673618045589,-0.6613263657295162,1.531569694992738,1.0367985729301108,1.2248166806252692,0.8116018708900923,0.5016004666424818,0.4866599042287296,0.29414926652526613,-0.9740795493125916,4.355538368225098,0.8847156763076782,-1.14,6.84,1.65
1743699029.290877,2c08d2cc-7a1c-9d34-25ea-6265acb43d72,51c1927c-cf47-1049-88a5-90395039e3ad,21,-69.0,-92.0,-51.0,-82.0,-58.0,-54.0,-58.0,2.2901390404106734,-3.0238034354205694,-1.405085921654678,0.16992166177196072,-0.43363149027694603,-2.090827919787068,-0.7531810570023083,1.4796593590249134,1.0953322571079895,1.2855677793057751,0.7637591140132003,0.5492545264559959,0.4611705938165529,0.28662776820087243,-0.9735466837882996,4.337743282318115,0.9258800745010376,-1.14,6.84,1.65
1743699030.292057,2c08d2cc-7a1c-9d34-25ea-6265acb43d72,3e3620dc-0cdb-d77b-3ac6-026a1395a8f2,9,-68.0,-74.0,-54.0,-70.0,-57.0,-56.0,-63.0,2.325227253036904,-3.054665744029062,-1.4281024245337424,0.12841123617700467,-0.3895796342979528,-1.944899440341083,-0.7687108208923518,1.5277906694059156,0.9535642693788289,1.2350927540074488,0.7061289072351308,0.5409683638711968,0.5828624443078145,0.3371966396578048,-0.9737080335617065,4.273348808288574,0.9087266325950623,-1.14,6.84,1.65
1743699031.290018,2c08d2cc-7a1c-9d34-25ea-6265acb43d72,6099cd82-7918-6d16-1fd8-af171486e5f3,9,-68.0,-74.0,-53.0,-69.0,-57.0,-56.0,-64.0,2.308373704394446,3.1380336051090114,-1.4310625280853657,0.03845364929576313,-0.36961674738601563,-1.8753495656334649,-0.764674238491198,1.4942809123577756,0.8819855566543876,1.2120799795539108,0.5270889147858749,0.5444906956506488,0.6384883776224828,0.38050103415286407,-0.9877593517303467,4.398724555969238,0.9052929878234863,-1.14,6.84,1.65
1743699032.292128,2c08d2cc-7a1c-9d34-25ea-6265acb43d72,283434a7-2832-fea2-13eb-e08f1a12588e,5,nan,nan,nan,-70.0,nan,nan,nan,nan,nan,nan,0.07929295829601925,nan,nan,nan,nan,nan,nan,0.5362546497305734,nan,nan,nan,nan,nan,nan,-1.14,6.84,1.65
1743699033.290657,2c08d2cc-7a1c-9d34-25ea-6265acb43d72,d9057a1b-77be-fb06-8c46-0eb5a6b15cbe,25,-71.0,-83.0,nan,-81.0,-60.0,-55.0,-61.0,2.477486031511132,3.133787993699207,nan,-0.0004186489233604562,-0.5999099790496315,-2.0812844910732684,-0.021572299852475236,1.4697558618792357,0.8832296523576181,nan,0.6458964591769176,0.3521665891282344,0.4144568782606185,0.628207879160678,-1.00475013256073,4.5284905433654785,0.9626381397247314,-1.14,6.84,1.65
1743699034.291809,2c08d2cc-7a1c-9d34-25ea-6265acb43d72,f9889cdc-7ffa-d387-79f9-e6eed5f99415,0,-66.0,-77.0,nan,-79.0,-57.0,-63.0,-62.0,2.3334681387140446,-3.136577388624956,nan,0.027014573465545776,-0.45980545836959524,-2.2084356844494004,0.42245498786519264,1.4542322958851637,1.2163286535989688,nan,0.7128545208310442,0.4939359452345272,0.3065491892108318,0.4185659834286686,-1.021366834640503,4.6653056144714355,0.990941286087036,-1.14,6.84,1.65
1743699035.292752,2c08d2cc-7a1c-9d34-25ea-6265acb43d72,d783b651-e5d6-7a2f-fb04-47c45f182724,10,-67.0,-74.0,nan,-70.0,-58.0,-54.0,-63.0,2.550232407215518,-3.1042663203834606,nan,-0.03768053363131312,-0.3978631140036888,-2.0289975084764857,-0.15510998064207135,1.4514775220535858,1.1539655435106377,nan,0.5141024757832943,0.48911666634580253,0.5468815071270404,0.4490444893499991,-1.0359159708023071,4.763712406158447,1.0889939069747925,-1.14,6.84,1.65
1743699036.290179,2c08d2cc-7a1c-9d34-25ea-6265acb43d72,a722df99-ec04-607f-dd51-213ac8a9bb1e,30,-72.0,-80.0,nan,-78.0,nan,-55.0,-64.0,2.5488486287131127,-3.015256552534178,nan,0.03115738685727304,nan,-2.1125286251775215,-0.4995941516477507,1.4632847799045063,0.9119336020606557,nan,0.4190146086676378,nan,0.4346550316949318,0.32499936181273387,nan,nan,nan,-1.14,6.84,1.65
1743699037.290627,2c08d2cc-7a1c-9d34-25ea-6265acb43d72,645cb0fc-dbea-148a-c3ea-a17c69c3f4fa,19,-69.0,-84.0,-51.0,-82.0,-55.0,-52.0,-58.0,1.8115498177635856,-2.916633039465819,-1.58156268813376,0.031603466339861316,-0.3735249527155765,-2.0982561684289873,-0.6799205757867095,1.2677831895462255,0.9837842901114211,1.3060649317936244,0.47317205338424384,0.5607530286996191,0.45244150025885405,0.42198926628523703,-1.0550674200057983,4.8257246017456055,1.1129862070083618,-1.14,6.84,1.65
1743699038.290407,2c08d2cc-7a1c-9d34-25ea-6265acb43d72,d0b87cb8-a87d-c89d-f3a1-572c03beab9e,9,-68.0,-73.0,-54.0,-70.0,-57.0,-56.0,nan,2.4675875943715253,-2.9176620849110253,-1.560476444412785,-0.05549814658837926,-0.36588644878748683,-1.968041576998008,nan,1.3898991123804467,1.0064788833937222,1.2981056754017593,0.43945839806514464,0.5282042826254162,0.5903723670271426,nan,-1.071000576019287,4.871138095855713,1.1675143241882324,-1.14,6.84,1.65
1743699039.292367,2c08d2cc-7a1c-9d34-25ea-6265acb43d72,e3804fad-aab4-6f02-8797-104bc543f28f,10,-67.0,-74.0,-53.0,-70.0,-57.0,-54.0,-63.0,2.585674287634511,-2.9616622998090967,-1.5624178888474525,-0.056176187401913436,-0.3393692693775611,-1.8629010815858953,-0.6980374593419439,1.4586189216746877,0.7956901491671412,1.252376669482063,0.3890452579726491,0.4985498150953905,0.6436185274788592,0.41644133155681906,-1.085901141166687,4.920462608337402,1.1829800605773926,-1.14,6.84,1.65
1743699040.292234,2c08d2cc-7a1c-9d34-25ea-6265acb43d72,c7ce322a-485e-8fc1-33df-c156b4644ad1,5,-66.0,-71.0,-54.0,-70.0,-56.0,nan,-62.0,2.64964448228265,-2.975212729751529,-1.5319165717247207,-0.06430894873879742,-0.38197455918611134,nan,0.07527598994261575,1.4635263286153768,0.8309414138311114,1.2734948711361187,0.2663161090079238,0.5086264939593533,nan,0.38298844326012,-1.0992767810821533,4.98557949066162,1.2343698740005493,-1.14,6.84,1.65
1743699041.290721,2c08d2cc-7a1c-9d34-25ea-6265acb43d72,1d7c6836-e18c-636e-7890-975e16cadccd,1,-67.0,-75.0,-53.0,-77.0,-57.0,nan,-58.0,2.685028838422097,-3.051284062076879,-1.5222736648917075,-0.07210162440447826,-0.36588644878748683,nan,0.4581740225802682,1.472263893835818,1.18385193673767,1.1865258836301642,0.24215461330769356,0.5282042826254162,nan,0.29952349819791896,-1.1079986095428467,5.06742525100708,1.27295458316803,-1.14,6.84,1.65
