1743701685.350976,2c08d2cc-7a1c-9d34-25ea-6265acb43d72,33eb91bb-aac8-35dd-d86c-ce14daefc799,29,-69.0,-70.0,-79.0,-69.0,-53.0,-52.0,-55.0,-2.944460409696057,-0.8370869243625783,-2.8973197952405645,0.034608310997797716,0.2828425304079756,2.7191647746954337,-1.1470143723695878,0.7957858898083295,1.0291437824298688,0.9322086469135924,0.8590615986232036,0.730302553433106,0.65324640829701,0.402566037495086,-4.88882064819336,4.37883472442627,1.6329984664916992,-4.74,4.44,1.65
1743701686.330221,2c08d2cc-7a1c-9d34-25ea-6265acb43d72,9f9d72ca-6c5a-6d48-5492-0deffaef974d,16,-67.0,-80.0,-95.0,-69.0,-50.0,-54.0,-57.0,-2.8954172329578114,-0.8423852833512909,-2.951381166420846,0.01675874010765063,0.35817394874486647,1.0423578232584656,-1.145035490227528,0.9103655993898443,1.1034029002124475,0.8833150732495824,0.841484335954517,0.666052610718038,1.2664187475308744,0.5013739587590068,-4.950588703155518,4.31689167022705,1.5853080749511719,-4.74,4.44,1.65
1743701687.359808,2c08d2cc-7a1c-9d34-25ea-6265acb43d72,b5f9eace-1f9b-b68a-d7c8-993665e686fb,20,-74.0,-84.0,-73.0,-75.0,-58.0,-54.0,-57.0,-2.779845096396079,-0.819032556384604,-2.8759487264410053,0.03986112993187001,0.30577242637864166,0.5483106844232036,-1.1396462767462532,0.748748339687023,0.9980551051287198,0.8507312307334358,0.8921357290960338,0.7268496724299472,1.0136050091722204,0.4213226573762503,-4.97447967529297,4.24003553390503,1.510469675064087,-4.74,4.44,1.65
1743701688.330151,2c08d2cc-7a1c-9d34-25ea-6265acb43d72,edda43cf-6a22-310b-5102-51cb29dcf254,22,-74.0,-77.0,-71.0,-75.0,-53.0,-53.0,-57.0,-2.8494015377467683,-0.799232486312083,-2.8265409629495286,0.03182264449757483,0.2873125832263534,0.4738227261555795,-1.1326399087943315,0.7962243792818111,0.9533628678213916,0.9591818082241875,0.9716667739935062,0.7470515038026042,0.9221827256576531,0.4403436531565902,-4.932401180267334,4.162248611450195,1.4688081741333008,-4.74,4.44,1.65
1743701689.345797,2c08d2cc-7a1c-9d34-25ea-6265acb43d72,cd3678fe-0458-5aed-c099-d1d48d6e6dc8,22,-74.0,-76.0,-71.0,-75.0,-54.0,-53.0,-56.0,-2.855841593894798,-0.8032277605794197,-2.778533489559215,-0.005128449311165588,0.26826884109507504,0.4446451202328279,-1.1338851886311656,0.8250084235546328,0.9284291552735792,1.0067516576683735,0.9686758443522654,0.7671901028514471,0.8752406326421984,0.46706728545778503,-4.895714282989502,4.085453510284424,1.4213680028915405,-4.74,4.44,1.65
1743701690.30615,2c08d2cc-7a1c-9d34-25ea-6265acb43d72,6f471371-c696-b09a-6d04-a5fa57306ec1,21,-76.0,-81.0,-72.0,-75.0,-56.0,-53.0,-57.0,-2.85593507084906,-0.8349004691076232,-2.758506518161819,-0.029653499789705294,0.26826884109507504,0.4196031423389155,-1.1419478531006442,0.7977429137353743,0.9691944283955312,1.0014608221097405,0.949772194302665,0.7671901028514471,0.8276881374797713,0.47438892244959907,-4.95576524734497,4.022080421447754,1.364020586013794,-4.74,4.44,1.65
1743701691.330019,2c08d2cc-7a1c-9d34-25ea-6265acb43d72,dfbe7270-751d-cc1b-ebd3-ba5b01fcb609,19,-71.0,-84.0,-75.0,-74.0,-55.0,-54.0,-57.0,-2.8432544293186477,-0.8821049994292777,-2.7491114184682375,-0.021992650597983356,0.29200750364468786,0.38525524601801764,-1.1851889074343778,0.816356745279347,1.1947643724623243,0.8731946616331178,0.9784698855771409,0.7637777908798313,0.7473735454953391,0.4629519931987772,-4.96824836730957,4.004664421081543,1.3607916831970215,-4.74,4.44,1.65
1743701692.330457,2c08d2cc-7a1c-9d34-25ea-6265acb43d72,ef7f7a9c-49d9-84d5-e1df-13289bd8dea0,26,-68.0,-73.0,-74.0,-70.0,-51.0,-51.0,-56.0,-2.898988531979608,-0.8674248565524338,-2.71350175890057,-0.008787366332825454,0.24858260514230873,1.9902088200638661,-1.0890895693772455,0.8193199114662235,1.1238079073265803,0.9777720707925128,1.002606647168747,0.787244896779768,1.0897316777789323,0.4752105072561121,-4.934865474700928,3.983260154724121,1.3550306558609009,-4.74,4.44,1.65
1743701693.345351,2c08d2cc-7a1c-9d34-25ea-6265acb43d72,06ad0ef0-5420-2753-6dc1-02143cdd18a4,34,-77.0,-80.0,-81.0,-67.0,-54.0,-53.0,-61.0,-2.915224759881385,-0.863798962728291,-2.7409397749794384,0.03399764815984255,0.32855669508065316,2.856577562751487,-1.124351601259714,0.839043149341296,1.2861594005419361,0.9523486029202348,0.8708502143464938,0.723137341183522,0.9051251338532053,0.3475821416021953,-4.862621307373047,3.9394538402557373,1.34869647026062,-4.74,4.44,1.65
1743701694.345975,2c08d2cc-7a1c-9d34-25ea-6265acb43d72,f6fe8770-a330-d2bc-c3b5-052f49ab9d15,14,-68.0,-76.0,-81.0,-68.0,-49.0,-53.0,-63.0,-2.911066233839226,-0.892335000124599,-2.896208191801565,0.029816485248418144,0.4065392094978442,2.9000027776703656,-1.3712751357991906,0.9366715056893199,1.265702728102656,0.7318364012376656,0.8411709484732419,0.6737861744347002,0.8581177410760433,0.6368716901935566,-4.900898456573486,3.911884307861328,1.3217294216156006,-4.74,4.44,1.65
1743701695.306455,2c08d2cc-7a1c-9d34-25ea-6265acb43d72,f13f488a-b748-ce0e-64df-23234d19232a,30,-70.0,-72.0,-80.0,-67.0,-52.0,-52.0,-56.0,-2.8699685982132324,-0.9249589897941787,-2.8593977128983807,0.04165743208712845,0.4065392094978442,3.0648989411794565,-1.2223478211665875,0.886769126604388,1.2447441829559505,0.7201294114017863,0.8219131645776881,0.6737861744347002,0.8188362601937945,0.5340655749910034,-4.847029209136963,3.9314393997192383,1.3723655939102173,-4.74,4.44,1.65
1743701696.349553,2c08d2cc-7a1c-9d34-25ea-6265acb43d72,951f535d-5c58-46aa-386d-9333be6f5484,19,-71.0,-83.0,-75.0,-74.0,-55.0,-54.0,-57.0,-2.8348122086630965,-0.9175137234926987,-2.8924952126097763,0.03173955387156436,0.35118704197737766,1.2822669019849564,-1.264123732849236,0.8057705467882273,1.2149259666528238,0.6268399436807466,0.9244832826444633,0.7191691802541508,1.3886551741706117,0.5163830409331328,-4.790233612060547,3.985170841217041,1.4300456047058105,-4.74,4.44,1.65
1743701697.331263,2c08d2cc-7a1c-9d34-25ea-6265acb43d72,9a260aec-edac-23c0-f761-f8e126cdee2c,13,-68.0,-74.0,-81.0,-69.0,-50.0,-53.0,-62.0,-2.848182875231948,-0.8881868604106916,-2.9456596311349195,0.06259573720954945,0.4121775650476458,2.7147544746303565,-1.5182793877609575,0.9306885145633752,1.2090712733123934,0.6214335935098313,0.836147760604162,0.689797540876551,1.2279478136589799,0.6439374702116727,-4.810938835144043,4.038508415222168,1.5039266347885132,-4.74,4.44,1.65
1743701698.306737,2c08d2cc-7a1c-9d34-25ea-6265acb43d72,e176092d-7c29-367e-c712-48caa78ca219,29,-69.0,-72.0,-79.0,-68.0,-52.0,-52.0,-56.0,-2.877655013751419,-0.9180732536377243,-2.9230648398144696,0.06043484830105914,0.3902962053550703,2.940285938589805,-1.3249407363299772,0.852760293167967,1.159694535647616,0.6865577358583019,0.8863662569104862,0.6943587340084236,1.0206951781348146,0.5650756813299803,-4.829482555389404,4.076590061187744,1.5603615045547485,-4.74,4.44,1.65
1743701699.345554,2c08d2cc-7a1c-9d34-25ea-6265acb43d72,f8df7a99-7ca9-131b-2ba0-ad0772f5365d,9,-66.0,-72.0,-83.0,-73.0,-52.0,-52.0,-62.0,-2.9172777907657275,-0.8631861693614636,-2.877455010353554,0.06143672950314695,0.3622181451631441,2.7568041610305603,-1.3758390448733555,0.8696166381295691,0.9684847625440521,0.7706128256575463,0.915810099343375,0.7518794142311157,0.8704258491191692,0.48911666638001516,-4.854790210723877,4.10761022567749,1.5730990171432495,-4.74,4.44,1.65
1743701700.345737,2c08d2cc-7a1c-9d34-25ea-6265acb43d72,fb134e68-ed2c-a25c-96de-f77427a7e9a0,7,-69.0,-71.0,-88.0,-72.0,-57.0,-53.0,-62.0,-2.95604835623121,-0.8683582945145066,-2.8900490991485386,0.05966865685544335,0.2776537713566969,2.628935956718465,-1.4035718364152254,0.7764510073992181,0.8861113923941656,0.7738647450856149,0.9189224025512961,0.800804952406441,0.7515574486839728,0.4985498151325198,-4.873409748077393,4.1392621994018555,1.5722483396530151,-4.74,4.44,1.65
1743701701.329151,2c08d2cc-7a1c-9d34-25ea-6265acb43d72,0960bfe7-4905-fe84-25c7-81be2d4cea29,11,-67.0,-72.0,-92.0,-69.0,-50.0,-52.0,nan,-2.9662035220999,-0.8263107093276816,-2.8975632081641973,0.09386977052256794,0.34460071747295634,2.7201645599203506,nan,0.9527792360685008,0.8693819470585058,0.7667552368185666,0.8796616157081572,0.7725621324787486,0.7745535092036918,nan,-4.9307684898376465,4.120388507843018,1.50464391708374,-4.74,4.44,1.65
1743701702.350048,2c08d2cc-7a1c-9d34-25ea-6265acb43d72,eede32ec-322b-ea73-137e-b370ef97856c,27,-69.0,-72.0,-76.0,-70.0,-51.0,-51.0,-56.0,-2.953806507225581,-0.834564111861946,-2.852978163090745,0.005335909560082761,0.2969405363807762,2.6131100935580136,-1.2142325029222611,0.855246886677774,0.9604606581796435,0.8027064467960368,0.9085357414048507,0.7804798917751279,0.5769016326300747,0.46245008707472596,-5.008110523223877,4.138834476470947,1.4932243824005127,-4.74,4.44,1.65
1743701703.327462,2c08d2cc-7a1c-9d34-25ea-6265acb43d72,0e58c128-c5df-1133-a0c9-eecd22f23fdb,8,-68.0,-72.0,-85.0,-73.0,-54.0,-52.0,-61.0,-2.980735859536244,-0.8825175230821309,-2.8440999829647478,0.01531051310686554,0.2530043141643822,2.5811297524383274,-1.3229080724787525,0.8407845237990715,1.0307093882556992,0.7746123609826273,0.9832941353127922,0.8041522449600313,0.601196303169192,0.46609024936529536,-5.080924034118652,4.176367282867432,1.4691767692565918,-4.74,4.44,1.65
1743701704.306744,2c08d2cc-7a1c-9d34-25ea-6265acb43d72,86c7f65f-9580-91f3-0b0b-532acc70befa,17,-68.0,-80.0,-84.0,-71.0,-51.0,-55.0,-58.0,-2.985597726422293,-0.8621616512901102,-2.892714124451381,0.047355797871571,0.3793187405702653,1.2760650571141565,-1.293342095907334,0.9382947689527504,1.1113453786894454,0.6001052684457682,0.9268238017684794,0.7311800092951257,1.2236250783269897,0.5515266759983424,-5.04637575149536,4.230013847351074,1.4798338413238525,-4.74,4.44,1.65
1743701705.307446,2c08d2cc-7a1c-9d34-25ea-6265acb43d72,950293f9-19e0-041e-0823-a4c699e76c8d,33,-76.0,-76.0,-79.0,-67.0,nan,nan,nan,-2.9192237625742483,-0.8332122912926219,-2.896435892074767,0.10859518713794307,nan,nan,nan,0.8675777885780317,1.1760386215735412,0.5703129513842425,0.8276914917738604,nan,nan,nan,nan,nan,nan,-4.74,4.44,1.65
1743701706.328239,2c08d2cc-7a1c-9d34-25ea-6265acb43d72,41e5a3fa-2f05-1f5a-c198-74f1c6882b38,31,-73.0,-72.0,-77.0,-67.0,-52.0,-54.0,-57.0,-2.9545772260450502,-0.8628229141887769,-2.900844488943284,0.07092717036375332,0.3959555818479362,2.8248580115894812,-1.2748699690096081,0.8417854728947778,1.169068995842749,0.5480392707122286,0.7584805289955815,0.7104807461583729,1.1687770332241805,0.5016669121890595,-5.055022716522217,4.242746829986572,1.4878826141357422,-4.74,4.44,1.65
1743701707.329854,2c08d2cc-7a1c-9d34-25ea-6265acb43d72,191e6bc9-98b4-db6f-5155-b22343e2c179,13,-68.0,-75.0,-82.0,-69.0,-50.0,-53.0,-63.0,-2.941620947341814,-0.8657569187617172,-2.9192882110726277,0.0860640453675457,0.4065392094978442,2.907562028746659,-1.4208731064035052,0.9276304066836372,1.0964287471078025,0.4874336804957817,0.758754435113696,0.6737861744347002,1.017464149234514,0.6125317114843677,-5.110761642456055,4.222411632537842,1.5055087804794312,-4.74,4.44,1.65
1743701708.329472,2c08d2cc-7a1c-9d34-25ea-6265acb43d72,465656f8-d9b8-6691-33bd-322a923f5764,28,-69.0,-71.0,-78.0,-69.0,-53.0,-52.0,-56.0,-2.9843596228315152,-0.8853652412357527,-2.8982289984367173,0.04354241750668653,0.37365572816458575,2.658964637006855,-1.1982258910356853,0.8153358890544922,1.0965913330923518,0.7397393983515032,0.7847251825899852,0.7149489921675608,0.7422643084916254,0.4500028201513752,-5.09343147277832,4.211187362670898,1.502453327178955,-4.74,4.44,1.65
1743701709.330032,2c08d2cc-7a1c-9d34-25ea-6265acb43d72,c2682730-0425-1669-c223-fa916038042a,28,-69.0,-70.0,-79.0,-69.0,-52.0,-52.0,-56.0,-2.96991330549838,-0.8921760094075212,-2.9320956190709278,-0.036459740587620804,0.3460523075250789,2.581212782183849,-1.1027345704275586,0.8783717136341772,1.001594978849653,0.842409118643047,0.8200620678830014,0.7027656856600591,0.6515734814411805,0.3167487779817057,-5.08077621459961,4.21486473083496,1.5051838159561157,-4.74,4.44,1.65
1743701710.346713,2c08d2cc-7a1c-9d34-25ea-6265acb43d72,0428f5fb-3816-1a77-bac2-81a228463074,25,-68.0,-72.0,-73.0,-71.0,-51.0,-52.0,-56.0,-2.978553931655142,-0.8743053995447626,-2.8761772256625338,-0.05654077415514528,0.23658171440714185,2.595361100991318,-1.0433364849686544,0.8653490556407716,0.9776663432972367,0.9522410777912229,0.8932722330912252,0.7364164820365486,0.44234671792866814,0.4524415002148457,-5.0649261474609375,4.222060680389404,1.5419111251831055,-4.74,4.44,1.65
1743701711.307673,2c08d2cc-7a1c-9d34-25ea-6265acb43d72,d9480963-1f5a-5d41-3e37-de1ea91379f6,4,-68.0,-67.0,-75.0,-69.0,-53.0,-55.0,-64.0,-3.0081206123933106,-0.8344802222876087,-2.8722959346898524,-0.05074653457145988,0.17192926093192448,2.557566705892278,-1.2934517200609417,0.804283104740391,0.929369717191568,0.8610811402568378,0.9462088181851117,0.7779718218557774,0.4965010962762216,0.5115372798258645,-5.045403480529785,4.2702317237854,1.5744469165802,-4.74,4.44,1.65
1743701712.331188,2c08d2cc-7a1c-9d34-25ea-6265acb43d72,6b84713d-a4c4-e3fc-7991-00737cee2184,11,-67.0,-72.0,-92.0,-70.0,-50.0,-51.0,-66.0,-3.0101211790041784,-0.8570936557356895,-2.8429383120972553,-0.04378875990751886,0.24437999242838204,2.6922332059215135,-1.462711769614998,0.8811714283091503,0.9506038995110967,0.9148538247749548,0.9021964193250535,0.770319032833402,0.6642818233533492,0.5490400412902441,-5.063017845153809,4.315880298614502,1.5992716550827026,-4.74,4.44,1.65
1743701713.327373,2c08d2cc-7a1c-9d34-25ea-6265acb43d72,c8bef914-8f82-07ac-6d8c-6db5e8bd05f4,9,-67.0,-73.0,-84.0,-73.0,nan,nan,nan,-3.0032632728811155,-0.8705250423773951,-2.941952777213638,-0.03539554141602514,nan,nan,nan,0.933037156328716,0.9795364150146904,0.921313055682833,0.9565705121963374,nan,nan,nan,nan,nan,nan,-4.74,4.44,1.65
1743701714.307708,2c08d2cc-7a1c-9d34-25ea-6265acb43d72,e4102dd9-b694-8a0c-3657-5a4e74fb35e6,27,-68.0,-70.0,-77.0,-70.0,-50.0,-52.0,-55.0,-2.9518120658852203,-0.885514378256797,-2.779710340444921,-0.0855905353257296,0.21672225792338182,2.554209455378846,-1.2087194323813526,0.9066994918332412,0.9778948425187655,0.9623977083985126,0.9565987417038923,0.7561228458292473,0.5602182823199899,0.38693824229718243,-5.049555778503418,4.332171440124512,1.5835455656051636,-4.74,4.44,1.65
1743701715.346046,2c08d2cc-7a1c-9d34-25ea-6265acb43d72,fd8ba2cf-b822-3753-6f0a-87479c7389ad,19,-71.0,-90.0,-74.0,-73.0,-55.0,-54.0,-56.0,-2.9543420689207953,-0.8963353343980072,-2.8210663026966523,-0.10072900822617604,0.2639172742102037,1.5707963265279499,-1.1745782543944172,0.8659019944620994,0.98619791300736,0.9016583276268029,0.9614643370154672,0.7503509983349663,1.1868238913561442,0.32368645480869035,-4.9951934814453125,4.327878952026367,1.5719953775405884,-4.74,4.44,1.65
1743701716.345739,2c08d2cc-7a1c-9d34-25ea-6265acb43d72,f9be380a-b4ae-d375-e9c9-72ba8fb37d38,35,-80.0,-81.0,-80.0,-69.0,-56.0,-54.0,-62.0,-2.979800291045299,-0.8948679326373734,-2.8954673003863047,-0.02421479221154547,0.31907473522406166,3.0456632084267254,-1.1802230413934187,0.8210102198100968,1.0813497292786922,0.9081947236272663,0.890875987321399,0.6900442016773681,0.992730758545293,0.1997326019398574,-4.976512908935547,4.292665004730225,1.552719235420227,-4.74,4.44,1.65
1743701717.350712,2c08d2cc-7a1c-9d34-25ea-6265acb43d72,52fce4ab-a17f-8be0-717c-b023cd95d367,23,-71.0,-74.0,-72.0,-74.0,-52.0,-52.0,-56.0,-2.9828240441469753,-0.8527436484111541,-2.7661276862532986,-0.012648683597331341,0.2558329414111929,1.408059098771061,-1.103408153515066,0.7877254332950413,1.088295319980646,0.9399779533407078,0.9104677316176487,0.7166160021812688,1.3585099439032573,0.34984526603024,-4.915538787841797,4.281050205230713,1.52838659286499,-4.74,4.44,1.65
1743701718.351124,2c08d2cc-7a1c-9d34-25ea-6265acb43d72,eca25a99-104f-b150-7a35-452ff2ab8ee2,2,-67.0,-67.0,-70.0,-70.0,-51.0,-54.0,nan,-3.0135433410049304,-0.8635286518776479,-2.7938567858393126,0.012568788764628963,0.2969405363807762,2.4223890267654244,nan,0.7839051287113227,1.1241914025235518,0.8066704289205652,0.8882090978057937,0.7804798917751279,0.9956202433563413,nan,-4.821733474731445,4.297213077545166,1.514395833015442,-4.74,4.44,1.65
1743701719.345908,2c08d2cc-7a1c-9d34-25ea-6265acb43d72,71688ff3-8f98-b002-8f37-573c6040e20f,6,-69.0,-69.0,-85.0,-71.0,nan,-53.0,-63.0,-3.059199509468813,-0.8419128385739107,-2.9505768917716417,0.019589414030295852,nan,2.5038957066386787,-1.278944799609774,0.664969486271847,1.1522246351060526,0.7540056859949484,0.9287964717669285,nan,0.7814837132846904,0.4623315133322594,-4.757678031921387,4.314299583435059,1.5124499797821045,-4.74,4.44,1.65
1743701720.351347,2c08d2cc-7a1c-9d34-25ea-6265acb43d72,8864a7fc-e5a0-fa99-c069-d1b95d58256c,6,-69.0,-69.0,-86.0,-71.0,nan,-53.0,-63.0,-3.069461734413324,-0.8658730325852447,-3.106908708817037,0.02462465270330867,nan,2.5087414969747477,-1.384997408915806,0.5894968991385737,1.169096559560032,0.6555719231542573,0.9413107988872652,nan,0.6957176329766455,0.4924194714805528,-4.73027753829956,4.331628322601318,1.5169782638549805,-4.74,4.44,1.65
1743701721.345735,2c08d2cc-7a1c-9d34-25ea-6265acb43d72,daafb362-5f88-f98c-d515-291482d211bc,20,-75.0,-82.0,-73.0,-75.0,nan,-54.0,-57.0,-3.0075693380476642,-0.8010676706192564,-3.052931759843311,0.014784805107683898,nan,1.5276269415618615,-1.2419227903165861,0.6294395883788276,0.7721039295518818,0.651422518438832,0.9368119208577943,nan,1.1864470993239014,0.39199753563271295,-4.696048736572266,4.355379104614258,1.5255084037780762,-4.74,4.44,1.65
1743701722.350449,2c08d2cc-7a1c-9d34-25ea-6265acb43d72,5ab554a0-79eb-5581-139f-8e4058e4a96d,12,-67.0,nan,-86.0,-70.0,-50.0,-52.0,-66.0,-2.9395977438616807,nan,-2.9496668896271614,6.364955005289379e-05,0.32855669508065316,2.443879041558093,-1.4165179571784148,0.8903293735076604,nan,0.5705610914188106,0.8692478568976205,0.723137341183522,1.1273783322975957,0.5207012548974248,-4.6609039306640625,4.338144302368164,1.5490174293518066,-4.74,4.44,1.65
1743701723.328401,2c08d2cc-7a1c-9d34-25ea-6265acb43d72,f8ab1845-0bd0-a60a-bca6-3613c3d970e3,21,-76.0,nan,-71.0,-75.0,-57.0,-53.0,-57.0,-2.864739747728971,nan,-2.938192660070555,-0.015248461453466694,0.2828425304079756,0.9109011314042064,-1.2427636212785358,0.820654887541653,nan,0.5988151666347066,0.9507239414972319,0.730302553433106,1.2370386840108063,0.4605352888906873,-4.60566234588623,4.32799530029297,1.5728455781936646,-4.74,4.44,1.65
1743701724.330484,2c08d2cc-7a1c-9d34-25ea-6265acb43d72,0bb1daef-149b-a36a-e407-9ca553a462c9,10,-66.0,nan,-86.0,-74.0,nan,nan,-64.0,-2.8537592682384654,nan,-2.881708611246629,-0.006263222251648352,nan,nan,-1.3762195284103291,0.8566246730677266,nan,0.6839927788334194,0.948446339553969,nan,nan,0.3930658123351733,nan,nan,nan,-4.74,4.44,1.65
1743701725.330524,2c08d2cc-7a1c-9d34-25ea-6265acb43d72,84795665-0203-fea4-85c8-32f3a58db44f,25,-68.0,nan,-73.0,-71.0,-52.0,-52.0,-56.0,-2.8373110527139174,nan,-2.862967680339632,-0.09863762782213681,0.21326999867784188,2.3897810002453523,-1.210115465561435,0.9331350274987764,nan,0.7925325722206887,0.9719183761374913,0.7390713315182752,0.9617182862842744,0.48204479003449574,-4.6225738525390625,4.32313585281372,1.5974794626235962,-4.74,4.44,1.65
1743701726.331771,2c08d2cc-7a1c-9d34-25ea-6265acb43d72,f1f7ea12-4582-e04b-7037-ffabd530b0ee,3,-66.0,nan,-73.0,-70.0,-52.0,-55.0,-65.0,-2.927952006730874,nan,-2.8574115273574,-0.0895559821888576,0.19962194672329345,2.4716203815944953,-1.3681117678063728,0.8248046251522145,nan,0.7524647809882287,1.0317583408300541,0.7928256219995098,0.7870295068682215,0.5051943009341188,-4.697190284729004,4.330636024475098,1.6233232021331787,-4.74,4.44,1.65
1743701727.308479,2c08d2cc-7a1c-9d34-25ea-6265acb43d72,c3933f9d-b5f1-714d-9fc2-328b43db11da,20,-75.0,-82.0,-72.0,-75.0,-58.0,-54.0,-57.0,-2.7784802263374133,-0.8333193503684431,-2.8426964970702757,-0.06567887880353417,0.1929442755381588,1.3049364673890225,-1.262538518337479,0.8149765620444133,1.2324755324461736,0.7257769773884356,0.9421799880880398,0.7585889818902436,1.190261636415344,0.45201278571549586,-4.741511821746826,4.34456729888916,1.6385117769241333,-4.74,4.44,1.65
1743701728.350592,2c08d2cc-7a1c-9d34-25ea-6265acb43d72,5213d350-fec0-c6d7-61c0-cfcac546562b,14,-69.0,-76.0,-81.0,-69.0,-49.0,-52.0,nan,-2.9063124912934346,-0.8681268658157788,-2.9272097837350683,-0.025817748871664166,0.314661091688954,0.4522320003229029,nan,0.8804853980123458,1.2077475490925695,0.6958918491629207,0.888007829406411,0.6734597224405898,0.8378231329895439,nan,-4.816633701324463,4.364630699157715,1.6658425331115723,-4.74,4.44,1.65
1743701729.351164,2c08d2cc-7a1c-9d34-25ea-6265acb43d72,e478521e-d93d-6483-a27c-6ce6ee5d2880,33,-77.0,-76.0,-78.0,-67.0,-53.0,-54.0,-61.0,-2.951229898870929,-0.8382464647011988,-2.949845854052415,-0.001695900982162459,0.3630957697497049,2.848481294603186,-1.255827748845169,0.8792851113090472,1.242328296373085,0.5701774630637847,0.7858269323329511,0.6823832861885901,1.3886551742927467,0.4030428893246484,-4.85553789138794,4.375983238220215,1.681114673614502,-4.74,4.44,1.65
1743701730.309541,2c08d2cc-7a1c-9d34-25ea-6265acb43d72,8fccbca2-94de-19c8-e543-ef14f0a9ccc4,19,-72.0,-82.0,-74.0,-74.0,nan,nan,nan,-2.8669802651540546,-0.8137152889521518,-2.9445525550697735,-0.017182449037082236,nan,nan,nan,0.8874086181611431,1.0694895411011058,0.6323227265749473,0.8505390170817592,nan,nan,nan,nan,nan,nan,-4.74,4.44,1.65
1743701731.345989,2c08d2cc-7a1c-9d34-25ea-6265acb43d72,3c8de391-0442-4778-b850-93740078ba74,35,-84.0,-80.0,-79.0,-68.0,-55.0,-54.0,-63.0,-2.817328822422835,-0.85085759772716,-2.9620937319056893,0.06075203078688758,0.37480543243407316,-2.997229291521788,-1.171116603875408,0.8620586535349514,1.1119975202613783,0.6021685525003071,0.8578270902998972,0.6457806630805172,0.9199914840355635,0.2566774561084037,-4.85991382598877,4.39233684539795,1.7005741596221924,-4.74,4.44,1.65
1743701732.351298,2c08d2cc-7a1c-9d34-25ea-6265acb43d72,24709ba9-36c0-5291-9113-f97257d44860,12,-67.0,-75.0,-88.0,-71.0,-50.0,-52.0,-67.0,-2.851687595226492,-0.8230062590471113,-3.018943166431175,0.06349082565192507,0.35817394874486647,3.0585075796937917,-1.3314738092381797,0.899003755231239,1.117893958651896,0.5820897826197091,0.8053901808055368,0.666052610718038,0.8884272989422889,0.47030017727326007,-4.861260414123535,4.404038906097412,1.7121562957763672,-4.74,4.44,1.65
1743701733.326937,2c08d2cc-7a1c-9d34-25ea-6265acb43d72,e9944b94-c6aa-38f5-9f6f-173902dee087,2,-66.0,-66.0,-71.0,-70.0,-52.0,-55.0,nan,-2.91802853587702,-0.8485971065939008,-2.960702762868341,0.04875555534051664,0.3336486528412032,2.7334974317422844,nan,0.8169790594470712,1.1719967419871276,0.57375169156278,0.8587292361191619,0.7396427463705324,0.7426053334913802,nan,-4.866682529449463,4.408487796783447,1.7244503498077393,-4.74,4.44,1.65
1743701734.329379,2c08d2cc-7a1c-9d34-25ea-6265acb43d72,af44d088-c14b-3170-956a-6350b91e5642,26,-68.0,-71.0,-75.0,-69.0,-51.0,-51.0,-57.0,-2.935177961716586,-0.8584899510952181,-2.907301056690072,0.046482813666243024,0.25977584162845296,2.6437351159028872,-1.1588985221278811,0.8526043650861429,1.101713324237874,0.6298959210316125,0.8957607573928225,0.7334925606168448,0.5515266760587328,0.5356574292899848,-4.860673427581787,4.414438247680664,1.7275829315185547,-4.74,4.44,1.65
1743701735.328073,2c08d2cc-7a1c-9d34-25ea-6265acb43d72,e93920c9-40ec-6e44-0df1-fa73d6a17e95,34,-80.0,-76.0,-82.0,-67.0,-53.0,-53.0,-61.0,-2.894837462788501,-0.8449709464536487,-2.970254989066237,0.0489390471396231,0.32855669508065316,2.999315941556371,-1.1290320245307712,0.8795929727310604,1.1567366957829193,0.624477919530928,0.851004537640305,0.723137341183522,0.53657933950584,0.2908725357257828,-4.800267219543457,4.405282020568848,1.741813063621521,-4.74,4.44,1.65
1743701736.309724,2c08d2cc-7a1c-9d34-25ea-6265acb43d72,ab61e07c-d33c-0307-688c-585caf35a209,10,-67.0,-71.0,-83.0,-74.0,-51.0,-53.0,-66.0,-2.8760896076626707,-0.8270470733690886,-3.0836750251510767,0.048375522252962336,0.31558522200644185,2.8746129653319152,-1.3220853051982444,0.8577655712787164,1.030189605789943,0.7783819323475798,0.8715947010292252,0.760085864354902,0.663106792028618,0.36231244306310295,-4.78064250946045,4.398160934448242,1.7492777109146118,-4.74,4.44,1.65
1743701737.308912,2c08d2cc-7a1c-9d34-25ea-6265acb43d72,8b901b86-800b-a342-4e6c-2b9a1a31abc3,23,-70.0,-74.0,-71.0,-73.0,-53.0,-52.0,-60.0,-2.895825495552921,-0.8400635395129598,-2.9888470492682986,0.04420953935975139,0.24038363337921065,1.8852721045366145,-1.210115465561435,0.7849769178920252,0.9850090113177213,0.837593391022884,0.9224098119987548,0.75337585791416,1.2951525658779515,0.48204479003449574,-4.719234943389893,4.384029865264893,1.75449800491333,-4.74,4.44,1.65
1743701738.327209,2c08d2cc-7a1c-9d34-25ea-6265acb43d72,81415759-f445-a4a9-982f-72c7292894f7,1,-66.0,-65.0,-70.0,-70.0,-50.0,-54.0,nan,-3.138336672841062,-0.8553000167415211,-2.911764514677045,0.018640796050009626,0.3681427200623167,2.4377086978981826,nan,0.6970095112933998,0.9786241491832837,0.7195298672613822,0.9204016553787806,0.7681819494357764,0.9226108090232887,nan,-4.708038806915283,4.371633529663086,1.74825644493103,-4.74,4.44,1.65
1743701739.346458,2c08d2cc-7a1c-9d34-25ea-6265acb43d72,58c8cf55-7458-e13e-cc66-2391665662f1,14,-69.0,-76.0,nan,-69.0,-49.0,-53.0,-61.0,-3.093925265870683,-0.8849572449567525,nan,-0.045749112785926194,0.4121775650476458,2.671554121357707,-1.4228098503862574,0.7908489217795408,1.0157653261148285,nan,0.9045503874125744,0.689797540876551,0.8690855200781249,0.6489498188594129,-4.736077785491943,4.361716270446777,1.732839584350586,-4.74,4.44,1.65
1743701740.329565,2c08d2cc-7a1c-9d34-25ea-6265acb43d72,5bd821f7-2876-31a3-fdeb-b291dcc5f85b,28,-69.0,-70.0,-79.0,-69.0,-51.0,-52.0,-57.0,-3.047593719754356,-0.9090798917945813,-2.832714170356332,0.001217064618166212,0.36825236498632097,2.5739872942523307,-1.2729749303947662,0.7903094319217181,0.9925612701159954,0.7807092022451729,0.931804512218173,0.6986827254146633,0.6663239428945864,0.5416226627215579,-4.782811164855957,4.35133409500122,1.6816534996032715,-4.74,4.44,1.65
1743701741.326211,2c08d2cc-7a1c-9d34-25ea-6265acb43d72,0b67e2cb-1354-42f8-8200-d272a4f5cfd8,27,-68.0,-71.0,-76.0,-69.0,-50.0,-51.0,-56.0,-3.0517716868724727,-0.9063991538413074,-2.7262111625707552,-0.05107090759223153,0.32855669508065316,2.5466853494999686,-1.1091706946086874,0.804575852723218,1.0606960494977733,0.8329750036394958,0.9096890233149096,0.723137341183522,0.5255180920250527,0.35766421812650623,-4.840481281280518,4.335951805114746,1.6352003812789917,-4.74,4.44,1.65
1743701742.34612,2c08d2cc-7a1c-9d34-25ea-6265acb43d72,c858c280-09db-05f3-98df-b265c758223d,30,-70.0,-71.0,-78.0,-67.0,-50.0,-52.0,-57.0,-3.001264037850793,-0.9171924131071806,-2.690961029750248,-0.04936754975901685,0.3630957697497049,2.9153547157908912,-1.175386599569259,0.8872801206385469,1.0377507861778688,0.7167886089723364,0.8447178129920367,0.6823832861885901,0.6854510147979884,0.3795336926530892,-4.8526458740234375,4.31442642211914,1.591729998588562,-4.74,4.44,1.65
1743701743.309373,2c08d2cc-7a1c-9d34-25ea-6265acb43d72,7b045947-f567-7fcc-e9a6-64a90b56e730,1,-66.0,-66.0,-69.0,-71.0,-51.0,-55.0,nan,-3.018577514413507,-0.8529553697178154,-2.702268279106507,-0.023743679014710455,0.38525524601801764,2.713975515919921,nan,0.8023229515990653,1.0245391769051218,0.6681819243367553,0.8268593870912652,0.7473735454953391,0.6010650011319315,nan,-4.89045810699463,4.285677433013916,1.5430635213851929,-4.74,4.44,1.65
1743701744.309381,2c08d2cc-7a1c-9d34-25ea-6265acb43d72,2d99ccf1-c187-dc52-a872-68920f2ebf0c,19,-71.0,-80.0,-74.0,-75.0,nan,-56.0,-57.0,-2.9540254190671855,-0.8978506730582622,-2.7719924996058714,-0.008342618430782222,nan,1.6844554628992752,-1.2016493015777854,0.7993059229791418,1.1096580664017983,0.717747613280874,0.894264859808525,nan,1.272104288486489,0.4758160588543515,-4.976407527923584,4.247122764587402,1.4963270425796509,-4.74,4.44,1.65
1743701745.351339,2c08d2cc-7a1c-9d34-25ea-6265acb43d72,d1094484-e968-4d42-a9df-04e912320d2b,30,-71.0,-72.0,-78.0,-67.0,-49.0,-52.0,-56.0,-2.968338844661925,-0.8747727843160714,-2.7146770118896217,0.008982309724619254,0.36825236498632097,2.837120554638467,-1.1637780438218397,0.7946353376383881,1.069395997567817,0.6986096716343738,0.8399590104401742,0.6986827254146633,1.1521585406339983,0.46898868756855744,-5.10526466369629,4.199039459228516,1.4407546520233154,-4.74,4.44,1.65
1743701746.351092,2c08d2cc-7a1c-9d34-25ea-6265acb43d72,0c3ec79c-0689-0c7e-fce0-4ec65781a07c,11,-67.0,-70.0,nan,-70.0,-50.0,-52.0,nan,-2.885179775411438,-0.8109224319169858,nan,-0.009716276921045092,0.3793187405702653,2.8284915970323983,nan,0.8712323779629202,0.94123702932507,nan,0.8299640337110522,0.7311800092951257,0.9718485318399804,nan,-5.088683605194092,4.15712308883667,1.384903073310852,-4.74,4.44,1.65
1743701747.328519,2c08d2cc-7a1c-9d34-25ea-6265acb43d72,6fe7c7ee-da1a-2bba-5e11-16690dbd2a2d,30,-72.0,-72.0,-79.0,-67.0,nan,nan,nan,-3.0305526845711572,-0.8164852428019432,-2.7344877346065033,0.10632803810195861,nan,nan,nan,0.8373658239077367,0.940547670076903,0.7344005593142212,0.7662732046612623,nan,nan,nan,nan,nan,nan,-4.74,4.44,1.65
1743701748.326017,2c08d2cc-7a1c-9d34-25ea-6265acb43d72,070d0234-77ae-232c-0116-fc6067577540,8,-68.0,-71.0,-82.0,-72.0,-54.0,-51.0,-61.0,-3.0447795574304695,-0.822898401022963,-2.7917672696480365,0.0040970070209779,0.3264087772371455,2.6735664292014345,-1.2706778239443128,0.7347068894186077,0.9079644933510289,0.8154595928871264,0.8748777128630206,0.7932102870054074,0.8162050262320177,0.4572405373095475,-5.11916160583496,4.121950149536133,1.3625432252883911,-4.74,4.44,1.65
1743701749.310099,2c08d2cc-7a1c-9d34-25ea-6265acb43d72,9b5e343e-c163-aacd-892f-9cd2620321b0,29,-69.0,-72.0,-79.0,-68.0,-50.0,-52.0,-55.0,-3.020945863570914,-0.8268036604454553,-2.852864978744416,0.005199023080052689,0.30577242637864166,3.1164703871779227,-1.1851889074343778,0.8056753387792571,0.8995450427227978,0.8775019918011847,0.8097086962501822,0.7268496724299472,0.8026937525831523,0.4629519931987772,-5.087714672088623,4.108555793762207,1.35875928401947,-4.74,4.44,1.65
1743701750.351629,2c08d2cc-7a1c-9d34-25ea-6265acb43d72,068ab535-5d5c-d02a-e561-1813944e3f85,26,-68.0,-72.0,-75.0,-70.0,-49.0,-51.0,-57.0,-2.981485006750883,-0.8276454856660292,-2.820100906801499,-0.022692263016347174,0.21326999867784188,2.7759870179647343,-1.089208298050668,0.8343200997270676,0.9204460635899576,0.8884507796747185,0.9146243934470445,0.7390713315182752,0.6132381177600011,0.42060187603417776,-5.011602401733398,4.108224868774414,1.358545184135437,-4.74,4.44,1.65
1743701751.32552,2c08d2cc-7a1c-9d34-25ea-6265acb43d72,1698391f-fab2-906a-7862-cddd7efe44c3,15,-67.0,-76.0,-86.0,-70.0,-48.0,-52.0,-58.0,-3.0095677741296596,-0.8298258156504771,-2.8366276855782036,-0.01606472032757598,0.37973291398569786,1.0104555434302176,-1.3217167474893932,0.9369683149928093,0.889396268440724,0.8661852216440291,0.884050039131417,0.6620066420796156,1.2811668993343452,0.6213327751925111,-4.9776787757873535,4.109898567199707,1.3462891578674316,-4.74,4.44,1.65
1743701752.351127,2c08d2cc-7a1c-9d34-25ea-6265acb43d72,51b50ec9-4e8f-f5b0-f61c-7417884cfea7,10,-67.0,-70.0,-84.0,-73.0,-51.0,-52.0,-66.0,-3.0437324024898507,-0.8474966884314798,-2.973543993012485,0.022402244773637545,0.3336486528412032,2.4062689550157748,-1.366446458589483,0.9369733084198533,1.016567403656133,0.8954659454601508,0.9395070398809545,0.7396427463705324,1.2018507291286946,0.4276581049662189,-4.96586036682129,4.116663932800293,1.3486876487731934,-4.74,4.44,1.65
1743701753.325579,2c08d2cc-7a1c-9d34-25ea-6265acb43d72,f8df1390-466c-1720-76af-1c9ff65861dc,22,-75.0,-79.0,-72.0,-75.0,-55.0,-53.0,-55.0,-2.9820639779718667,-0.8413375957784537,-2.849782103466541,0.04504710352258131,0.23658171440714185,0.9836503333550509,-1.2035418262176392,0.8800435795875018,1.0917242730421775,0.8873253943770784,0.9816027617044827,0.7364164820365486,1.2333421573403374,0.4307826522232855,-4.9537935256958,4.138033866882324,1.3459171056747437,-4.74,4.44,1.65
1743701754.346011,2c08d2cc-7a1c-9d34-25ea-6265acb43d72,80dbf8f4-25a0-351d-0a5c-333e1b85e8e4,32,-77.0,-73.0,-77.0,-66.0,-51.0,-54.0,-58.0,-2.913488645166762,-0.8436398985408271,-2.881379977168113,0.01061962116279997,0.31907473522406166,2.929721826437944,-1.1885203167292375,0.8461867460702971,1.1407330950023606,0.8745815027707764,0.8207577521387575,0.6900442016773681,1.1434508556003136,0.39276884062710954,-4.9164457321167,4.155246257781982,1.3515814542770386,-4.74,4.44,1.65
1743701755.351566,2c08d2cc-7a1c-9d34-25ea-6265acb43d72,4c124f53-b441-08ef-3ec1-9f3100ecfcc4,18,-69.0,-79.0,-77.0,-75.0,-52.0,-56.0,-55.0,-2.9549652486158746,-0.8522341856946218,-2.882216476066507,0.01576085364719794,0.3630957697497049,0.6648130242476333,-1.218737272562493,0.9332490773724591,1.1349586959687963,0.7497755874984938,0.8674283852408784,0.6823832861885901,1.285460555932806,0.4881339923768928,-4.8379645347595215,4.180898189544678,1.3658612966537476,-4.74,4.44,1.65
1743701756.354237,2c08d2cc-7a1c-9d34-25ea-6265acb43d72,7af5609e-5710-4603-2ebf-656eff07b233,33,-80.0,-76.0,-79.0,-65.0,-52.0,-54.0,-57.0,-2.905141765678236,-0.8475693927292391,-2.9170578136596865,0.032474320016317226,0.37973291398569786,2.9713354717273868,-1.1680368972740534,0.8376772805972215,1.1404714394252604,0.7301998887478119,0.8011839841798657,0.6620066420796156,1.1464792571519145,0.4235993128842335,-4.747235298156738,4.217591762542725,1.383242130279541,-4.74,4.44,1.65
1743701757.308983,2c08d2cc-7a1c-9d34-25ea-6265acb43d72,9aa04b6e-a344-f077-c023-8960ea119f92,2,-66.0,-65.0,-71.0,-69.0,-52.0,-55.0,nan,-2.9612367266669017,-0.8542595197036271,-2.889718068225042,0.042730952322539394,0.3622181451631441,2.680677611470599,nan,0.7996592578767682,1.1033603562140335,0.6826066700650604,0.8028327472107337,0.7518794142311157,0.8534888821235936,nan,-4.763883590698242,4.24726915359497,1.4297528266906738,-4.74,4.44,1.65
1743701758.325271,2c08d2cc-7a1c-9d34-25ea-6265acb43d72,7d42a177-b0e7-e73e-1e11-45a7eff1336e,7,-68.0,-69.0,-84.0,-73.0,-57.0,-52.0,-64.0,-3.00426328987044,-0.8470636584382331,-2.8894879711068593,0.022946062268231725,0.22417123534962433,2.6147985497571744,-1.2364418108693362,0.7327915439626227,1.0516660691896416,0.6865275089799295,0.7968498226638162,0.7901850881429751,0.7301216074941023,0.49988187591895084,-4.7585930824279785,4.282151222229004,1.4485960006713867,-4.74,4.44,1.65
1743701759.328379,2c08d2cc-7a1c-9d34-25ea-6265acb43d72,48603348-aa04-56f9-cef2-e90a37827571,33,-80.0,-75.0,-78.0,-66.0,-53.0,-53.0,-59.0,-2.952384911835696,-0.8549343647238533,-2.8860799238598847,0.05686115243428181,0.3012111526495051,2.921456726226673,-1.2220049259994972,0.7804078655678304,1.017304034013649,0.6749206540010372,0.750329924479394,0.7101939357219518,0.6514098896470841,0.3745894356528265,-4.776973724365234,4.283565044403076,1.4599299430847168,-4.74,4.44,1.65
1743701760.30981,2c08d2cc-7a1c-9d34-25ea-6265acb43d72,bd5ccfd6-99fb-4e93-b8f4-6041d1342c4a,5,-68.0,-67.0,-77.0,-69.0,nan,-53.0,-62.0,-2.993973101734483,-0.8498477270418019,-2.938463769869525,0.05312633532155469,nan,2.708899350545766,-1.3401976511633136,0.697591678307691,1.0657760958561266,0.6616309475293237,0.7806428229550029,nan,0.616928437833799,0.49393594526617685,-4.843244552612305,4.266753673553467,1.4697192907333374,-4.74,4.44,1.65
1743701761.346189,2c08d2cc-7a1c-9d34-25ea-6265acb43d72,bc644b4b-fcc7-29ff-312a-7cbdcbc52de0,18,-69.0,-78.0,-77.0,-76.0,-52.0,-56.0,-56.0,-2.967008595697431,-0.8547149202500307,-2.952062136711579,-0.012354936929095601,0.3460523075250789,1.5707963264528664,-1.2340290656538502,0.8069400074019084,1.1053246372550487,0.6483983658629924,0.8536785511118263,0.7027656856600591,1.2740903539558606,0.5198290361535435,-4.835716724395752,4.256134033203125,1.559267282485962,-4.74,4.44,1.65
1743701762.328263,2c08d2cc-7a1c-9d34-25ea-6265acb43d72,81dd50cd-a0a5-26e6-f2ef-b8e957e153a9,34,-79.0,-76.0,-81.0,-69.0,-53.0,-54.0,-60.0,-2.99891592871767,-0.8626543360917749,-2.967650683836249,0.06220718200650687,0.37973291398569786,3.043015537933147,-1.2038636973633436,0.7888895010075148,1.1526038692452798,0.6068586454960456,0.7725605285207758,0.6620066420796156,1.0101015971087997,0.2732769489833448,-4.809026718139648,4.2395453453063965,1.6350347995758057,-4.74,4.44,1.65
1743701763.351542,2c08d2cc-7a1c-9d34-25ea-6265acb43d72,d25e2353-228d-a6b5-d3e2-5c1b5e4d918a,35,-81.0,-79.0,-81.0,-71.0,-55.0,-54.0,-62.0,-3.027778469663622,-0.812004740583994,-2.99092697807965,0.06188493951460729,0.37480543243407316,-3.0462695739715664,-1.1901443618637748,0.8254282043214565,1.2171313303515183,0.5514552741529596,0.769207875024475,0.6457806630805172,0.7482224173979936,0.1792601306113785,-4.779229640960693,4.23885679244995,1.713193416595459,-4.74,4.44,1.65
1743701764.327742,2c08d2cc-7a1c-9d34-25ea-6265acb43d72,fe222444-d5d7-64aa-2603-5fe20be1a7ab,23,-71.0,-75.0,-71.0,-78.0,-52.0,-53.0,-56.0,-2.999201419586526,-0.8734507911509561,-2.921377993580013,0.06154378857896814,0.32370280954052216,2.1258970258908794,-1.0995310284949642,0.8432076674959073,1.0179091707923422,0.5749655603876381,0.811737891842768,0.7066039307343918,1.4062929167738942,0.27643589460818,-4.739165306091309,4.23894500732422,1.7631796598434448,-4.74,4.44,1.65
1743701765.352439,2c08d2cc-7a1c-9d34-25ea-6265acb43d72,d8ffaf9c-70f5-1121-07ce-2964bdfcb168,7,-68.0,-70.0,-82.0,-73.0,-56.0,-52.0,-67.0,-2.9781960028046353,-0.8460713646160696,-2.795336171824852,0.06246178020671845,0.24437999242838204,2.5204092073180755,-1.2312940168431104,0.7546487728191754,0.9719571917103792,0.6411789356219513,0.8978169174914454,0.770319032833402,1.0110645573989498,0.42978410916352655,-4.728018283843994,4.25188159942627,1.7873327732086182,-4.74,4.44,1.65
1743701766.311521,2c08d2cc-7a1c-9d34-25ea-6265acb43d72,6b473a87-f9ee-c41b-6d3f-5c182c58cead,22,-75.0,-80.0,-71.0,-81.0,-54.0,-52.0,-56.0,-2.9702893438442994,-0.8093096215608337,-2.7835407650407817,0.12003186612317936,0.24038363337921065,1.2413581965268154,-1.1190579995303531,0.7433084336863728,0.9724485449314991,0.6738321534844945,0.9786976524293698,0.75337585791416,1.2566678124795112,0.39894676311306854,-4.719067573547363,4.274153232574463,1.8020572662353516,-4.74,4.44,1.65
1743701767.351122,2c08d2cc-7a1c-9d34-25ea-6265acb43d72,f1b887fc-c624-5097-7d2e-f2db192fd6c8,28,-69.0,-71.0,-76.0,-71.0,-51.0,-52.0,-56.0,-2.9583141736866487,-0.8391817668760345,-2.7696518473238005,0.08923081021975891,0.2828425304079756,2.3786816683475864,-1.115486503837075,0.8013162767070154,1.0117277075861595,0.7200227518001286,0.988186428814295,0.730302553433106,0.9978620946009356,0.26816205793926945,-4.715094566345215,4.2897186279296875,1.7567126750946045,-4.74,4.44,1.65
1743701768.352381,2c08d2cc-7a1c-9d34-25ea-6265acb43d72,084e4cde-c077-25ff-6c5e-f5c449b5197e,16,-67.0,-77.0,nan,-72.0,-47.0,nan,nan,-2.9831747824625388,-0.8023467868908216,nan,0.09357016489993403,0.4011526221453045,nan,nan,0.8695414704078015,1.0283263917122962,nan,0.957345092599387,0.6577367644601705,nan,nan,nan,nan,nan,-4.74,4.44,1.65
1743701769.346576,2c08d2cc-7a1c-9d34-25ea-6265acb43d72,fefcf2fc-e2ba-6739-0be0-4d88138f13fb,15,-68.0,-78.0,nan,-69.0,-48.0,-53.0,-58.0,-2.939145272792477,-0.8029939350357108,nan,0.08816075209376509,0.45878844514970446,0.6445674010334838,-1.3979624300853866,0.9523387492242017,1.0375208887967675,nan,0.928456386095725,0.6279921816285469,1.0626087672534383,0.5706021093474067,-4.74543857574463,4.295690536499023,1.7110658884048462,-4.74,4.44,1.65
1743701770.352653,2c08d2cc-7a1c-9d34-25ea-6265acb43d72,322238ff-2783-390c-3f91-8b30f41cec08,23,-71.0,-75.0,nan,-77.0,-52.0,-52.0,-57.0,-2.944635645695784,-0.8063180927083478,nan,0.014854579928243974,0.2968638765377288,0.589303851621609,-1.2127297852196426,0.8490141576206071,1.0881623616632239,nan,0.9673679659409276,0.6935151357952847,0.9449499309300278,0.52802729876898,-4.755715370178223,4.312416076660156,1.6922613382339478,-4.74,4.44,1.65
1743701771.325214,2c08d2cc-7a1c-9d34-25ea-6265acb43d72,9efc8284-fb03-aa3e-933f-6c58467b0c6d,18,-69.0,-79.0,nan,-74.0,-52.0,-56.0,-56.0,-2.966575033071966,-0.8158673894290448,nan,-0.0008732505214369821,0.34115431336051805,0.42858319853776455,-1.1719940790115828,0.8746948202751593,0.9656380430758392,nan,0.9015123863990666,0.6863324957441421,0.7904542643205965,0.5223605312549,-4.710987091064453,4.3296661376953125,1.6808910369873047,-4.74,4.44,1.65
1743701772.35131,2c08d2cc-7a1c-9d34-25ea-6265acb43d72,187f7217-7bfe-9f4f-3426-4d32005da4a3,16,-66.0,-77.0,nan,-68.0,-49.0,-54.0,-57.0,-2.985572160075828,-0.848239710375612,nan,0.052758020142796735,0.41195543752601144,0.323707139525027,-1.178263919636419,0.8993129482337974,0.9610697896999718,nan,0.915839993326611,0.621332775153519,0.6203361014782566,0.5493236940239796,-4.677696704864502,4.339460849761963,1.657463788986206,-4.74,4.44,1.65
1743701773.347126,2c08d2cc-7a1c-9d34-25ea-6265acb43d72,3ef1ce51-6fe7-d057-2d5b-f7d02c269ae7,36,-81.0,-84.0,-79.0,-69.0,-54.0,-52.0,-61.0,-2.977550985188618,-0.8447544314570253,-3.109265872697866,0.07190348521937638,0.41195543752601144,-2.9439332519954733,-1.1183252056902548,0.8556879727333182,1.0821605286725668,0.3352728064811275,0.9140528790771136,0.621332775153519,1.4818059946022784,0.30755763717346735,-4.710869789123535,4.347352981567383,1.6206140518188477,-4.74,4.44,1.65
1743701774.352413,2c08d2cc-7a1c-9d34-25ea-6265acb43d72,21bbd19a-2cc0-e6b4-31aa-b86334730d76,14,-68.0,-77.0,-78.0,-67.0,nan,-53.0,nan,-3.0493852282196525,-0.8946125354888347,-3.040187468762846,0.10276765804063169,nan,2.929721826437944,nan,0.9311312650946009,1.0578758284824066,0.32040258048147935,0.8429594608823119,nan,1.1434508556003136,nan,-4.793882846832275,4.311874866485596,1.571651577949524,-4.74,4.44,1.65
1743701775.311031,2c08d2cc-7a1c-9d34-25ea-6265acb43d72,fe56ba9e-b4f5-1319-e13c-698d08bcce9b,7,-68.0,-71.0,-84.0,-72.0,nan,nan,-64.0,-3.0694737186382293,-0.8589168558179576,-2.963286828074045,0.07618558193611479,nan,nan,-1.2594328839550146,0.8041697206569808,1.0591279802479348,0.4227508239399371,0.956375102751353,nan,nan,0.4715071136880906,-4.890923500061035,4.278868675231934,1.52400267124176,-4.74,4.44,1.65
1743701776.325612,2c08d2cc-7a1c-9d34-25ea-6265acb43d72,ff1640c5-0925-fc80-6234-cd34c6016fa7,23,-71.0,-76.0,-71.0,-74.0,-53.0,nan,nan,-3.0168158333524193,-0.8645560994262005,-2.924233168584687,0.05823427829232666,0.2968638765377288,nan,nan,0.8373992465794172,1.1235551733391316,0.4553921907356296,1.0078542729386937,0.6935151357952847,nan,nan,nan,nan,nan,-4.74,4.44,1.65
1743701777.352472,2c08d2cc-7a1c-9d34-25ea-6265acb43d72,f2340591-3711-d436-fa8f-40d0964d7006,22,-76.0,-79.0,-71.0,-75.0,-55.0,-52.0,-56.0,-2.975593828103519,-0.8366989017917535,-2.8722269588176195,0.024290425986503723,0.2558329414111929,0.9494235100600635,-1.161692868372543,0.8099861310567411,1.0160282466934467,0.595678961556002,1.024522865043445,0.7166160021812688,1.3339128198357466,0.4426843706351367,-4.97944450378418,4.235919952392578,1.4865992069244385,-4.74,4.44,1.65
1743701778.32474,2c08d2cc-7a1c-9d34-25ea-6265acb43d72,a092ef79-0981-8344-e3da-749f53480b10,15,-68.0,-78.0,-81.0,-68.0,nan,nan,nan,-3.0270263929717833,-0.8443229993604325,-2.953644853347413,0.057395915181169724,nan,nan,nan,0.9298031466589782,0.9842137248371965,0.49040650064160984,0.9716232978887106,nan,nan,nan,nan,nan,nan,-4.74,4.44,1.65
1743701779.311514,2c08d2cc-7a1c-9d34-25ea-6265acb43d72,1d2b425d-86fa-3627-88d5-89ef8c659d47,24,-69.0,-75.0,-73.0,-73.0,-51.0,-52.0,-57.0,-2.948165665720684,-0.8329859225999652,-2.866418338164048,0.047529702290753165,0.23658171440714185,2.630080620729986,-1.1042033496477897,0.9103652664947081,0.9496987576356062,0.6527905177117785,0.9989793551850318,0.7364164820365486,0.9306772713889011,0.40981502047645135,-4.99591875076294,4.212095737457275,1.4828627109527588,-4.74,4.44,1.65
1743701780.311742,2c08d2cc-7a1c-9d34-25ea-6265acb43d72,105eb2a6-0853-3932-af6b-e3307dbd2a85,21,-78.0,-81.0,-71.0,-78.0,-58.0,-55.0,-57.0,-2.918998459146027,-0.8580659758496775,-2.8166300089527985,0.007925301087966805,0.23658171440714185,1.3464732045667667,-1.1042033496477897,0.9173280345856928,1.0508438182030797,0.7402391405300565,0.9852439687048936,0.7364164820365486,1.266223843132408,0.40981502047645135,-4.9638190269470215,4.196818828582764,1.5051265954971313,-4.74,4.44,1.65
1743701781.312214,2c08d2cc-7a1c-9d34-25ea-6265acb43d72,e94afbe2-bcbc-ebd4-5d66-28fdfc765fc7,19,-71.0,-79.0,-74.0,-75.0,-55.0,-56.0,-56.0,-2.882558958582691,-0.8422454673940618,-2.8924001377588606,0.010884605691262855,0.23658171440714185,0.5792629660163882,-1.1326399087943315,0.8756117466384739,1.04497287958,0.6968322113438277,0.9078749445593748,0.7364164820365486,1.0431137537268622,0.4403436531565902,-4.894675254821777,4.191370487213135,1.5467108488082886,-4.74,4.44,1.65
1743701782.346197,2c08d2cc-7a1c-9d34-25ea-6265acb43d72,a3c52235-dc4f-b99c-7415-391fa3e50cf5,21,-77.0,-79.0,-71.0,-79.0,-57.0,-54.0,-56.0,-2.85500349709975,-0.8649688893951628,-2.8656777130648967,-0.0017728663376657488,0.23296335415330693,0.4897173813119614,-1.1125196104914428,0.8036986074601458,0.9883498137471711,0.7147134738509466,0.9893751307668517,0.7194419297099424,0.9000516194804159,0.39127638278309723,-4.86915111541748,4.193166732788086,1.5594786405563354,-4.74,4.44,1.65
1743701783.324168,2c08d2cc-7a1c-9d34-25ea-6265acb43d72,f2c6d62a-3628-b4d0-860b-1b1c116174da,19,-71.0,-78.0,-75.0,-75.0,-56.0,-56.0,-57.0,-2.8037243303102746,-0.8294873278759282,-2.8232998959029016,-0.04013596815636618,0.2558329414111929,0.42858319853776455,-1.1468333557250252,0.7841172494921473,1.0281269209466493,0.6841688803605008,0.9447321619396901,0.7166160021812688,0.7904542643205965,0.4285598380016523,-4.8711323738098145,4.200207710266113,1.5674854516983032,-4.74,4.44,1.65
1743701784.327752,2c08d2cc-7a1c-9d34-25ea-6265acb43d72,12f8e02d-b42c-85f2-d05c-35ff9ff444c7,35,-81.0,-80.0,-81.0,-69.0,-55.0,-53.0,-61.0,-2.852267365395803,-0.8659822221899378,-2.846168726499521,-0.007921572662440694,0.34115431336051805,3.0503673039007397,-1.1431594579666335,0.778751845422992,1.0232439485089617,0.6750257157060408,0.8950140736021915,0.6863324957441421,1.3780281414778135,0.24421606930978249,-4.922915935516357,4.198820114135742,1.5231813192367554,-4.74,4.44,1.65
1743701785.35256,2c08d2cc-7a1c-9d34-25ea-6265acb43d72,53d92abd-68d0-9e4f-ebbe-b345d4a3b299,34,-79.0,-78.0,-81.0,-67.0,-53.0,-53.0,-60.0,-2.891916241388793,-0.8746611978663972,-2.886802173147514,0.10580153115444994,0.35817394874486647,-3.0231825837999775,-1.165341147850219,0.7844004766740772,1.0638040916479503,0.6068167007088768,0.8290770013309741,0.666052610718038,0.9391326933889002,0.16588993122077011,-4.96321725845337,4.212846279144287,1.46976101398468,-4.74,4.44,1.65
1743701786.324369,2c08d2cc-7a1c-9d34-25ea-6265acb43d72,f0131a82-c3b8-72aa-df73-8de410ae803d,14,-68.0,-78.0,-81.0,-69.0,-48.0,-53.0,-60.0,-2.907171360744985,-0.8657412061112857,-2.9947949532468816,0.11977567002631374,0.4326933029412103,3.0585075796937917,-1.35049756077533,0.8831875078333676,1.1541297273918405,0.5675543825481112,0.8143920647641681,0.6169284377287559,0.8884272989422889,0.5175152042150248,-4.984914302825928,4.242021083831787,1.4255377054214478,-4.74,4.44,1.65
1743701787.326504,2c08d2cc-7a1c-9d34-25ea-6265acb43d72,3b49abe2-0651-a722-9e98-8b6727f6cee9,2,-66.0,-67.0,-71.0,-70.0,nan,-56.0,nan,-2.9275155146282095,-0.8599602823330508,-2.9394030667859967,0.13444729078766926,nan,2.773449933427394,nan,0.8217809386295657,1.1085159031892904,0.6433036721186437,0.8705500095126145,nan,0.7681819495654311,nan,nan,nan,nan,-4.74,4.44,1.65
1743701788.346624,2c08d2cc-7a1c-9d34-25ea-6265acb43d72,35d28667-5ce7-b085-916e-d0a4b802d3b1,28,-69.0,-71.0,-76.0,-69.0,-52.0,-52.0,-57.0,-2.95311674850325,-0.8341095102638696,-2.9471994708772034,0.12059192890042303,0.3534757274938628,2.641673876971378,-1.169033577681021,0.8176871939809233,1.0746924923437666,0.6709657932032422,0.8279508836640341,0.6496925062594056,0.6178604206298783,0.37275961396217705,-5.00357723236084,4.270156383514404,1.4064209461212158,-4.74,4.44,1.65
1743701789.325717,2c08d2cc-7a1c-9d34-25ea-6265acb43d72,444d1a67-f23c-81e1-623b-1df78a140e7f,17,-68.0,-77.0,-86.0,-73.0,-50.0,-57.0,-58.0,-2.9372810600294215,-0.8322242585282025,-2.944268662097571,-0.06318988844874612,0.41195543752601144,1.411094524917214,-1.1803543503000395,0.972820854851892,1.1312276072815954,0.6241560099341648,0.8554042794981976,0.621332775153519,1.252446217730603,0.48254274768365796,-4.962327003479004,4.301374912261963,1.43689501285553,-4.74,4.44,1.65
1743701790.31219,2c08d2cc-7a1c-9d34-25ea-6265acb43d72,6dcbda97-bacf-e0d8-0875-9f50f61401fc,33,-78.0,-76.0,-79.0,-67.0,-51.0,-54.0,-62.0,-2.946058838982322,-0.8467379538369163,-2.9181033707036517,0.0062339274796574815,0.4011526221453045,2.8857847056957437,-1.2266487389035952,0.9073927792440161,1.1075292020054162,0.5830103042504949,0.753643296349616,0.6577367644601705,1.0682651382008486,0.449021733175016,-4.948826789855957,4.294460773468018,1.461356282234192,-4.74,4.44,1.65
1743701791.316388,2c08d2cc-7a1c-9d34-25ea-6265acb43d72,53c8478c-33dc-d37b-ad6e-a4c46564797c,3,-66.0,-67.0,-73.0,-69.0,-53.0,-56.0,-66.0,-2.9736907331885485,-0.847936376327452,-2.8951123010129973,0.001115598180634193,0.33899190390841,2.6649882591929623,-1.3401459395044857,0.8253945819126943,1.1161334760132988,0.6388260327988663,0.859853622731393,0.7561183298469202,0.8317477102642725,0.4743639598257591,-5.01250123977661,4.30463171005249,1.491407871246338,-4.74,4.44,1.65
1743701792.327255,2c08d2cc-7a1c-9d34-25ea-6265acb43d72,a007c823-29f3-0fcb-de58-061a0e16837f,5,-67.0,-67.0,-78.0,-69.0,-56.0,-53.0,-64.0,-3.006346947107318,-0.8561447714392942,-2.9711199837882947,0.004119643890243573,0.20322724223356553,2.579657617415681,-1.4101289594247124,0.6814200986413756,1.0338465254407851,0.6431024702982883,0.9174209789077367,0.8099260987850821,0.7022987807838322,0.48208295795410416,-5.09996223449707,4.30514144897461,1.5018976926803589,-4.74,4.44,1.65
1743701793.324097,2c08d2cc-7a1c-9d34-25ea-6265acb43d72,b26dc391-14a8-a1a4-2b56-4e3f4ca6b018,8,-67.0,-71.0,-83.0,-74.0,-55.0,-51.0,-61.0,-3.0108724567476894,-0.8364576193969924,-2.9648679468132246,0.02636902321731057,0.15016450925714614,2.566452920288732,-1.3821932901222995,0.6665972103301036,0.9749844735004995,0.7631849364821791,1.0140846717299066,0.797195246939629,0.6810051590820607,0.4344732636122203,-5.1772589683532715,4.293745040893555,1.5066810846328735,-4.74,4.44,1.65
1743701794.347355,2c08d2cc-7a1c-9d34-25ea-6265acb43d72,80a5c56e-dc9c-141c-67ed-d03fad2f70e1,36,-83.0,-84.0,-79.0,-70.0,-53.0,-52.0,-62.0,-3.134639672615814,-0.8521577529713366,-2.9536328691225076,0.06750900310463662,0.2828425304079756,3.077701646224755,-1.2466312031735487,0.6859643835674323,1.1046600454050195,0.7344632767578926,0.9653992906841137,0.730302553433106,0.6099059501895722,0.270116015341262,-5.222334384918213,4.287275314331055,1.4899704456329346,-4.74,4.44,1.65
1743701795.324765,2c08d2cc-7a1c-9d34-25ea-6265acb43d72,a1cbc56b-2274-7681-1f4b-bc14fc18ece8,34,-80.0,-80.0,-80.0,-68.0,-52.0,-54.0,-60.0,-3.000449110557229,-0.8945773817624457,-3.0006408581557147,0.07072556906923433,0.35118704197737766,-3.1212318059838373,-1.218656407180413,0.7878184441961124,1.1993130516041797,0.7293344945515907,0.7970387073641302,0.7191691802541508,0.5409605567028963,0.2632187499713075,-5.211597442626953,4.3022332191467285,1.5102272033691406,-4.74,4.44,1.65
1743701796.32861,2c08d2cc-7a1c-9d34-25ea-6265acb43d72,c345742d-4e62-8824-21bd-497aad8b894c,28,-69.0,-72.0,-76.0,-69.0,-52.0,-52.0,-57.0,-2.95989768927081,-0.8723863256632516,-3.0016462014672194,0.01972976261974303,0.3012111526495051,2.821848891793043,-1.128363004243545,0.8826988177733379,1.1013205079770874,0.7849428960090993,0.7842749752077072,0.7101939357219518,0.5013739588244848,0.21478321493054792,-5.14009428024292,4.304078102111816,1.5566680431365967,-4.74,4.44,1.65
1743701797.347397,2c08d2cc-7a1c-9d34-25ea-6265acb43d72,6f0ee0ce-9421-7da8-0efc-403921c85621,33,-79.0,-76.0,-77.0,-68.0,-52.0,-54.0,-64.0,-2.9369111469540092,-0.902179907726295,-3.0086545761918715,0.05615648000984685,0.3460523075250789,3.020819389823189,-1.1840015322889614,0.82266031442151,1.076648650743457,0.7252539325503441,0.7697851817697771,0.7027656856600591,0.5204388676294797,0.30654918918148394,-5.050713062286377,4.3034281730651855,1.5948466062545776,-4.74,4.44,1.65
1743701798.312708,2c08d2cc-7a1c-9d34-25ea-6265acb43d72,fad7ee37-b461-4dd5-15ab-5fa9e906e538,30,-72.0,-72.0,-79.0,-68.0,-51.0,-52.0,-57.0,-2.8836599093773296,-0.8777717700196097,-2.971504277933593,0.06364449004682264,0.3364813353947707,-3.0760649550870856,-1.1598709942088967,0.8286176726219625,1.1018221809474311,0.7372306340256212,0.8136254738443889,0.6698713624100993,0.6447395050024075,0.33421691381965224,-4.956498622894287,4.320290565490723,1.6363189220428467,-4.74,4.44,1.65
1743701799.313023,2c08d2cc-7a1c-9d34-25ea-6265acb43d72,07f3b18f-be62-fc7e-726c-5051bd8283eb,17,-68.0,-77.0,-86.0,-70.0,-50.0,-55.0,-57.0,-2.9605807900904155,-0.8476261180604578,-2.9959124156402783,0.08464458050653346,0.4011526221453045,0.9848583553889628,-1.1125196104914428,0.9456523506753396,1.1542427785801148,0.7211539294731398,0.8492071702206105,0.6577367644601705,1.4450097177922063,0.39127638278309723,-4.915220260620117,4.326470375061035,1.6432440280914307,-4.74,4.44,1.65
1743701800.31318,2c08d2cc-7a1c-9d34-25ea-6265acb43d72,4e2701d0-6a19-2778-04dd-1844569b51d8,5,-67.0,-67.0,-80.0,-69.0,nan,-54.0,-63.0,-2.9937094487865648,-0.842185279953426,-3.0121009729585433,0.05912483936084917,nan,2.4776399787094627,-1.2679709717167604,0.8042534104942365,1.1058381612922432,0.6975913454125547,0.9183775863712932,nan,1.076458708987081,0.47678324363825436,-4.983726501464844,4.337608814239502,1.6072983741760254,-4.74,4.44,1.65
1743701801.347537,2c08d2cc-7a1c-9d34-25ea-6265acb43d72,9034f575-a93d-c673-c48a-df0a6171d3b4,19,-71.0,-84.0,-75.0,-76.0,-54.0,-55.0,-57.0,-2.8832194225330308,-0.846190407916796,-3.008219415669753,0.05704943792335041,0.3630957697497049,0.9434394781682551,-1.30294011571309,0.7942656243000579,1.161511610459377,0.6961393899862436,0.9334573365697033,0.6823832861885901,1.2233809079494218,0.5162365107625783,-4.997183799743652,4.33725929260254,1.6097205877304077,-4.74,4.44,1.65
1743701802.32566,2c08d2cc-7a1c-9d34-25ea-6265acb43d72,e5fa5e27-41a1-843c-1136-434ce616c1ca,34,-78.0,-78.0,-79.0,-67.0,-53.0,-54.0,-59.0,-2.8604195678086444,-0.8256936549031102,-3.0271739320961735,0.07508862588311115,0.3848927129494806,2.929721826437944,-1.1986632762574354,0.7776985652118658,1.1787919306665195,0.6761426454672201,0.8159601340140068,0.6781999927247495,1.1434508556003136,0.29612855452960707,-4.959356784820557,4.329501628875732,1.6184301376342773,-4.74,4.44,1.65
1743701803.353622,2c08d2cc-7a1c-9d34-25ea-6265acb43d72,21497bdf-864d-c3ac-8e7d-2c15644ca106,1,-67.0,-66.0,-71.0,-70.0,-51.0,-55.0,nan,-2.950459978999787,-0.8463462028405656,-2.9158751038195825,0.06701978041238907,0.391480133081507,2.6735664292014345,nan,0.8047367742320859,1.0796865185989104,0.6073203044710108,0.8235752434140066,0.7635272006595806,0.8162050262320177,nan,-4.89928388595581,4.32349967956543,1.6389663219451904,-4.74,4.44,1.65
1743701804.352428,2c08d2cc-7a1c-9d34-25ea-6265acb43d72,2347d3ab-fdf4-097d-4795-8083ae8c55aa,5,-67.0,-66.0,-80.0,-68.0,-56.0,-53.0,-65.0,-2.9301991820586824,-0.8661635834601723,-2.8961698422818682,-0.006502107801428459,0.20322724223356553,2.566452920288732,-1.248813427125609,0.7370762372614239,1.062495014814122,0.6971720972779489,0.928113637263432,0.8099260987850821,0.6810051590820607,0.3975777676224753,-4.877307415008545,4.331067085266113,1.6621769666671753,-4.74,4.44,1.65
1743701805.312116,2c08d2cc-7a1c-9d34-25ea-6265acb43d72,83baeea2-8ae2-18a8-59e3-1a8d15173e79,28,-69.0,-72.0,-76.0,-68.0,-53.0,-52.0,-56.0,-2.9414965777189077,-0.8632026809602221,-2.8990340720342482,0.01523354775136225,0.29200750364468786,2.5480154730791473,-1.0977034141840079,0.759087596566065,1.0901767767117596,0.7731023486445524,0.9231722084398173,0.7637777908798313,0.574716452198651,0.308835254071084,-4.847230434417725,4.3213348388671875,1.6844149827957153,-4.74,4.44,1.65
1743701806.313511,2c08d2cc-7a1c-9d34-25ea-6265acb43d72,46f79879-13e1-a515-2164-ef790954bb8a,3,-67.0,-66.0,-74.0,-69.0,-51.0,-56.0,nan,-2.9948929575749963,-0.8631795114587386,-2.8593897234151107,-0.019390475896866932,0.22417123534962433,2.5285695318644343,nan,0.7083041772135075,1.132259049571783,0.7518063809877338,0.9392546387886423,0.7901850881429751,0.5686199375347714,nan,-4.91273832321167,4.29264497756958,1.6419670581817627,-4.74,4.44,1.65
1743701807.313325,2c08d2cc-7a1c-9d34-25ea-6265acb43d72,e9a57476-50b3-e067-4c73-b3203c554975,8,-67.0,-70.0,-77.0,-72.0,-54.0,-53.0,-63.0,-3.0036108154033707,-0.8635014876345292,-2.873007531333122,-0.021193435954850577,0.1749483156896787,2.508107203797934,-1.216982620437873,0.6678992297870433,1.0068082498415376,0.7244433994725785,0.9381761251261875,0.795163297973024,0.6111408174056975,0.34448245196904864,-4.97110414505005,4.261106491088867,1.600891351699829,-4.74,4.44,1.65
1743701808.323399,2c08d2cc-7a1c-9d34-25ea-6265acb43d72,be908cd4-0a68-1c6b-7608-4878de34edff,24,-69.0,-76.0,-73.0,-72.0,-52.0,-53.0,-56.0,-2.9468221009507394,-0.8926111699296402,-2.827543110467725,-0.12916224760440703,0.16906130806710304,1.7649103682986822,-1.1337766698431408,0.737638830041703,1.0847909994602654,0.7861154192580339,0.9694287199924309,0.7607715569445083,1.0718990744300139,0.38800024487949014,-4.983556747436523,4.251422882080078,1.5523431301116943,-4.74,4.44,1.65
1743701809.313233,2c08d2cc-7a1c-9d34-25ea-6265acb43d72,e19ae6e6-efdf-e5e9-3938-51b47c740e19,26,-68.0,-73.0,-73.0,-70.0,-51.0,-52.0,-56.0,-2.945736063858205,-0.8816914105119883,-2.8008707532022545,-0.21074925286342053,0.16633550335791944,2.287700059405014,-1.0665943862125162,0.8702930810464492,1.1006206292426144,0.8513323727704939,0.9847817770977103,0.7435630789992771,0.7912506467138432,0.3609133793026628,-4.990105152130127,4.246783256530762,1.4986352920532227,-4.74,4.44,1.65
1743701810.313927,2c08d2cc-7a1c-9d34-25ea-6265acb43d72,e1bcd3e6-d8e4-1b3e-6071-67bb367d635a,8,-67.0,-73.0,-80.0,-70.0,-54.0,-54.0,-63.0,-2.938107172599564,-0.8603925133779706,-2.8150195954416275,-0.17806534206931404,0.16906130806710304,2.419922062367315,-1.1468333557250252,0.838888885735153,1.113913265191527,0.8589368295261333,1.0094688809285814,0.7607715569445083,0.7123282635272019,0.4285598380016523,-4.9419403076171875,4.255433082580566,1.465856909751892,-4.74,4.44,1.65
1743701811.313071,2c08d2cc-7a1c-9d34-25ea-6265acb43d72,e9b56d8f-942b-b360-1ca3-a282332fb78e,17,-67.0,-77.0,-81.0,-69.0,-52.0,-56.0,-56.0,-2.9223990495419496,-0.855428647422172,-2.8772595343295424,-0.16176892672690119,0.31907473522406166,1.1459741115170858,-1.149501058981773,0.929912203105617,1.110288969264038,0.7337158605979618,0.9471720835513934,0.6900442016773681,1.1665452827579965,0.5285947190363316,-4.911583423614502,4.256819248199463,1.3999905586242676,-4.74,4.44,1.65
1743701812.353498,2c08d2cc-7a1c-9d34-25ea-6265acb43d72,403b501a-5f52-ebcd-c833-0cade828cacd,35,-87.0,-86.0,-81.0,-68.0,-53.0,-53.0,-61.0,-2.8805163140266004,-0.8762580292560086,-2.881286233897742,-0.07160041748732536,0.35817394874486647,2.9140887346962363,-1.0819060413767079,0.8436380343280642,1.190852987769325,0.6777576529312713,0.8436191924633517,0.666052610718038,1.0889169445968665,0.31771013494131545,-4.87665605545044,4.24759292602539,1.374247431755066,-4.74,4.44,1.65
1743701813.323095,2c08d2cc-7a1c-9d34-25ea-6265acb43d72,6df3fce0-91fb-70f6-9ab7-fe1889cab7c1,31,-73.0,-72.0,-81.0,-67.0,-50.0,-53.0,-56.0,-2.895967708355131,-0.8855846857095752,-2.8760432686597035,-0.05836690371461261,0.4170733793853431,3.1132485213469656,-1.1091706946086874,0.8361473611299982,1.1779809981145903,0.6704571960140644,0.7846359666934676,0.6373081012852062,0.9073762941186333,0.35766421812650623,-4.851740837097168,4.251163482666016,1.354978084564209,-4.74,4.44,1.65
1743701814.35223,2c08d2cc-7a1c-9d34-25ea-6265acb43d72,109d6fbb-35bb-8953-fe5a-e5e86c373ad9,11,-66.0,-70.0,-92.0,-71.0,-49.0,-52.0,nan,-2.855284993226971,-0.9047908708590086,-2.935120970069258,-0.08076621901105106,0.36825236498632097,2.956578252847883,nan,0.8875784612596629,1.0906147335530232,0.6616077114488128,0.8013107506477534,0.6986827254146633,0.8466784374296883,nan,-4.807559967041016,4.227043628692627,1.3584129810333252,-4.74,4.44,1.65
1743701815.352215,2c08d2cc-7a1c-9d34-25ea-6265acb43d72,250b07f0-395d-7c22-3b38-a7bfc5d01f6b,19,-70.0,-75.0,-74.0,-75.0,-57.0,-55.0,-55.0,-2.8501139333383643,-0.8819888856057502,-2.9719013552521245,-0.05366376122953268,0.34115431336051805,1.1492925528007412,-1.1637780438218397,0.8437462252473485,1.1284644444925835,0.6470187818393044,0.9151017650724411,0.6863324957441421,1.3601300021332166,0.46898868756855744,-4.79080581665039,4.218132495880127,1.3798736333847046,-4.74,4.44,1.65
1743701816.35122,2c08d2cc-7a1c-9d34-25ea-6265acb43d72,2ccce3a6-dfa2-5b7c-2176-c7867641f6ed,26,-68.0,-71.0,-74.0,-70.0,-50.0,-52.0,-55.0,-2.849156526926481,-0.908802656725104,-2.936761210984638,-0.023980434035618503,0.22951851730402373,2.414361086108265,-1.031480856332265,0.7973604172238117,1.1118950551384377,0.7864469828137489,0.965280713436578,0.7024531481660964,0.9721990922449393,0.40687302293426797,-4.66980791091919,4.23143768310547,1.4613136053085327,-4.74,4.44,1.65
1743701817.348867,2c08d2cc-7a1c-9d34-25ea-6265acb43d72,4ba3d1d6-dd51-c08f-fe9e-f9c4906f109c,1,-66.0,-66.0,-70.0,-72.0,-51.0,-53.0,nan,-2.945255895913663,-0.8666602630034722,-2.9305983899060855,-0.01885864262717811,0.31558522200644185,2.5207696864436437,nan,0.8472486149759391,1.0320573472414427,0.6699370806531719,0.9171137832759959,0.760085864354902,0.7172787116175887,nan,-4.581701278686523,4.2675518989563,1.5494446754455566,-4.74,4.44,1.65
1743701818.322913,2c08d2cc-7a1c-9d34-25ea-6265acb43d72,96aba3cb-097b-ca5a-0473-f8642ad41bfb,9,-67.0,-72.0,-81.0,-73.0,-50.0,-52.0,-62.0,-2.9036173722702743,-0.8712552811482948,-2.8428589498967707,-0.0004764395190151757,0.24437999242838204,2.550405593442143,-1.174024856901665,0.8927704269628269,0.9822626930226043,0.7405198377089508,0.9585232750656381,0.770319032833402,0.7101443880426331,0.29321923989519344,-4.553918361663818,4.276984691619873,1.6207722425460815,-4.74,4.44,1.65
1743701819.352742,2c08d2cc-7a1c-9d34-25ea-6265acb43d72,cd5222be-117a-540e-4581-f70342a55089,4,-67.0,-65.0,-76.0,-68.0,-53.0,-55.0,-63.0,-2.959913401921242,-0.8490509092436501,-2.891354580714896,0.003338272426414325,0.19962194672329345,2.5205490902442187,-1.2702219607545409,0.8197857649199057,1.0582715742203925,0.7453675898412219,0.939954251207006,0.7928256219995098,0.6320590268448787,0.4136185850423132,-4.541513919830322,4.29237985610962,1.6765536069869995,-4.74,4.44,1.65
1743701820.353249,2c08d2cc-7a1c-9d34-25ea-6265acb43d72,4400aa27-3558-0ded-d58c-7e85b089ac02,12,-67.0,-71.0,nan,-70.0,-50.0,-52.0,nan,-2.923021430288701,-0.8612620354738815,nan,0.020251742193398557,0.3105595251322852,2.6884371943737,nan,0.9349347251844247,1.0414961227769015,nan,0.9398220252588836,0.7434808521724127,0.7323011105402594,nan,nan,nan,nan,-4.74,4.44,1.65
1743701821.323698,2c08d2cc-7a1c-9d34-25ea-6265acb43d72,9908c6e1-52e7-4014-b4d6-97da7d3b0057,18,-69.0,-80.0,-75.0,-75.0,-52.0,-55.0,-56.0,-2.906789463444668,-0.867499158746847,-2.9518839712346523,0.004669852971453944,0.3630957697497049,1.143614323203928,-1.254749136784113,0.8762488413502478,1.150694382743693,0.7035757346980718,0.9036983756008308,0.6823832861885901,1.2437585018979933,0.5110359832648763,-4.540170192718506,4.29915475845337,1.7309845685958862,-4.74,4.44,1.65
1743701822.347052,2c08d2cc-7a1c-9d34-25ea-6265acb43d72,5f4d4bf6-f43d-088a-714b-c61708ea64df,13,-67.0,-72.0,-85.0,-68.0,-48.0,-53.0,-62.0,-2.914666028684686,-0.8613211576500812,-3.040740074689037,0.0479070722172174,0.3902962053550703,2.4626934401498954,-1.4228098503862574,0.9209884163459523,1.1513772172471894,0.660279260118054,0.8415747502735252,0.6943587340084236,1.1753015915399379,0.6489498188594129,-4.580480098724365,4.294618606567383,1.775971531867981,-4.74,4.44,1.65
1743701823.352533,2c08d2cc-7a1c-9d34-25ea-6265acb43d72,b31a6eeb-1b8e-dd7f-0ab1-fd00b4599905,28,-69.0,-70.0,-78.0,-69.0,-52.0,-52.0,-55.0,-2.8654468169983867,-0.8747104663465636,-3.027216808989724,0.03135472709404791,0.34115431336051805,2.597660328945626,-1.0960727546488551,0.9028313835079557,1.0908826475586852,0.7123289459899169,0.909351733962851,0.6863324957441421,0.8487758068324129,0.4557541862261824,-4.588898658752441,4.314198970794678,1.7913901805877686,-4.74,4.44,1.65
1743701824.34739,2c08d2cc-7a1c-9d34-25ea-6265acb43d72,ac50c332-4392-da83-2b2c-895327789911,16,-66.0,-79.0,-94.0,-70.0,-50.0,-55.0,-56.0,-2.9113120436078406,-0.852881333839511,-3.0154136790384927,0.04183080387409261,0.4065392094978442,0.8364007118786757,-1.1265494257413238,0.8839158823915042,0.9758582566541547,0.6032543232767325,0.8978882902086595,0.6737861744347002,1.2146106532283194,0.5341747058895812,-4.58519458770752,4.364440441131592,1.8065674304962158,-4.74,4.44,1.65
1743701825.347706,2c08d2cc-7a1c-9d34-25ea-6265acb43d72,0d4da32f-c90b-3413-0646-5ee9c4082f7e,28,-69.0,-70.0,-78.0,-69.0,-52.0,-52.0,-55.0,-2.9313414118502172,-0.8777866837217142,-3.058397365348481,0.008949286527102272,0.3364813353947707,2.2938683819684993,-1.0014890109621517,0.8298424604072902,1.00818943176188,0.6923718159921084,0.87146933272091,0.6698713624100993,1.0226217723599602,0.3609133793006874,-4.582989692687988,4.386481761932373,1.809556007385254,-4.74,4.44,1.65
1743701826.322122,2c08d2cc-7a1c-9d34-25ea-6265acb43d72,0c4b327e-ca47-de51-5def-c059fadc2925,31,-73.0,-73.0,-77.0,-68.0,-51.0,-53.0,-55.0,-2.969204904648419,-0.8855982678311346,-3.0527828891383755,0.02241263110188885,0.4011526221453045,2.9447402429445,-1.023544881661129,0.8478058814340381,1.0512280457693508,0.5947109690787853,0.8410078298564746,0.6577367644601705,0.8980881295456072,0.32586754219952385,-4.56366491317749,4.375009536743164,1.8037919998168945,-4.74,4.44,1.65
1743701827.323874,2c08d2cc-7a1c-9d34-25ea-6265acb43d72,e701839e-fcbe-32b8-9634-5c90f9f5b282,15,-68.0,-79.0,nan,-69.0,-49.0,-54.0,-59.0,-2.98245493001989,-0.8661950087610353,nan,-0.019189673550674958,0.44355390733729805,0.4715170492414408,-1.266243087718723,0.9191106214613375,1.116591939194956,nan,0.8300025163888037,0.648539115039726,1.2594002711785932,0.6384883775867398,-4.58053207397461,4.368241786956787,1.8038194179534912,-4.74,4.44,1.65
1743701828.314274,2c08d2cc-7a1c-9d34-25ea-6265acb43d72,23b2e0aa-7a07-12c2-8226-b5d9dc33ea27,23,-71.0,-72.0,-71.0,-72.0,-52.0,-53.0,-56.0,-2.970477363017259,-0.8241034814162238,-3.018081633818534,0.0020953751456743446,0.32370280954052216,0.5022227422177977,-1.1391197622653793,0.9257967536940904,1.0132213414835303,0.7517232903617234,0.8984793122335752,0.7066039307343918,1.0442339902516506,0.5900103347921635,-4.591223239898682,4.360474586486816,1.7914140224456787,-4.74,4.44,1.65
1743701829.348089,2c08d2cc-7a1c-9d34-25ea-6265acb43d72,93510dcb-0c5b-007c-0cdb-2c2f8a5360cb,10,-66.0,-72.0,-81.0,-71.0,-51.0,-51.0,nan,-2.940733315750491,-0.8133776001259297,-2.958578625582894,0.01372113856830625,0.3336486528412032,2.115310983693332,nan,0.8998427841326686,0.9849068790899167,0.7403322845891819,0.926097358002133,0.7396427463705324,1.2427014581582487,nan,-4.612476348876953,4.356906414031982,1.7870228290557861,-4.74,4.44,1.65
1743701830.314381,2c08d2cc-7a1c-9d34-25ea-6265acb43d72,bcefca8c-13f5-af4d-5ef8-0685c2cd4ee5,0,-67.0,-65.0,-70.0,-75.0,-50.0,-54.0,nan,-3.0377344310827743,-0.8254755420098328,-2.9417429201197396,0.026527214986061275,0.391480133081507,2.4691738542936834,nan,0.746122729168314,0.988407338026717,0.6451339295778007,0.9374942227290727,0.7635272006595806,0.8592660596803096,nan,-4.6620049476623535,4.354533672332764,1.7620004415512085,-4.74,4.44,1.65
1743701831.322021,2c08d2cc-7a1c-9d34-25ea-6265acb43d72,ad6e6c7b-5b71-ac73-613d-617f8e7ee2b5,27,-68.0,-69.0,-79.0,-69.0,nan,nan,nan,-3.008263624143848,-0.8425599867188001,-2.945001297713452,-0.031392011349309024,nan,nan,nan,0.8208259956416907,1.0093645515928775,0.8248967705259314,0.912937480633561,nan,nan,nan,nan,nan,nan,-4.74,4.44,1.65
1743701832.347061,2c08d2cc-7a1c-9d34-25ea-6265acb43d72,93d7c6f3-0dae-2a3f-82c0-6d3fa76567bb,22,-73.0,-78.0,-70.0,-75.0,-57.0,-52.0,-55.0,-2.9874110728085275,-0.8193614567792289,-2.943028960610139,0.03852848412239435,0.2873125832263534,1.3087276886144619,-1.1338851886311656,0.7936232032661036,0.8334790734548205,0.8994761334295921,0.9245686369574002,0.7470515038026042,1.2451290843758456,0.46706728545778503,-4.672781944274902,4.3548383712768555,1.70634651184082,-4.74,4.44,1.65
1743701833.322194,2c08d2cc-7a1c-9d34-25ea-6265acb43d72,4d34d190-3347-0832-05cb-e1242f74d4ac,31,-74.0,-72.0,-77.0,-68.0,-50.0,-54.0,-59.0,-2.9112641067082192,-0.8068469965008375,-2.907709319285181,0.02150316158962679,0.37365572816458575,2.6799643328456466,-1.1671897614766722,0.8463487328436013,0.8257439886477127,0.8479449650219675,0.8856416773569028,0.7149489921675608,1.1280829193679267,0.49556443206406275,-4.638790130615234,4.3543314933776855,1.6360220909118652,-4.74,4.44,1.65
1743701834.313651,2c08d2cc-7a1c-9d34-25ea-6265acb43d72,fa3a4c7b-e389-7496-ff6b-96fed242dabb,21,-75.0,-85.0,-72.0,-78.0,nan,-53.0,-58.0,-2.9013614085108683,-0.8817782295635249,-2.9146332718032784,0.0803100195163205,nan,0.9259187899783381,-1.2748699690096081,0.7854934379854457,1.0594118732201372,0.8727334687113433,0.9160055087883595,nan,1.2854605559506473,0.5016669121890595,-4.660658359527588,4.351224899291992,1.6223037242889404,-4.74,4.44,1.65
1743701835.34803,2c08d2cc-7a1c-9d34-25ea-6265acb43d72,9047cdd0-5e8d-4aba-cd61-76d0ccd85a97,18,-67.0,-80.0,-79.0,-76.0,-53.0,-56.0,-58.0,-2.9242534086089713,-0.855095485969803,-2.7603699319765473,0.011753861471064718,0.36825236498632097,0.3428063202395883,-1.3131045590369919,0.8422697687390087,1.189408489194066,0.7718175065766437,0.8995602227410112,0.6986827254146633,0.9671333800773882,0.5407041056070443,-4.702471733093262,4.308776378631592,1.60409951210022,-4.74,4.44,1.65
1743701836.324175,2c08d2cc-7a1c-9d34-25ea-6265acb43d72,8c16372b-4e79-0ab2-2e27-5e06f54e41f2,9,-67.0,-70.0,nan,-72.0,-52.0,-51.0,-60.0,-2.8887755755152633,-0.866320177332269,nan,-0.005625128854465367,0.33899190390841,1.976725717324673,-1.3834350850829484,0.8010936364398847,1.0427040660683342,nan,0.9602497358213091,0.7561183298469202,1.189339934872027,0.4730146869756321,-4.762835502624512,4.309969425201416,1.608985424041748,-4.74,4.44,1.65
1743701837.324542,2c08d2cc-7a1c-9d34-25ea-6265acb43d72,a46f5b87-3d27-4adc-26b5-93849747e260,22,-74.0,-77.0,-71.0,-74.0,-56.0,-52.0,nan,-2.914746189833498,-0.84306465574537,-2.749965494229826,0.0029720877765284297,0.2873125832263534,0.8380764913607947,nan,0.8159970853741316,1.0211365891383821,0.8073980045303748,1.0178990507802,0.7470515038026042,1.1420793822403077,nan,-4.83695936203003,4.34231948852539,1.617780089378357,-4.74,4.44,1.65
1743701838.321612,2c08d2cc-7a1c-9d34-25ea-6265acb43d72,014a5db3-c6a3-8846-3a4a-c3d6ba2118c6,0,-67.0,-67.0,-69.0,-73.0,-51.0,-54.0,nan,-2.9689058316580033,-0.8563708738158419,-2.7432631167144237,0.005795837480339446,0.391480133081507,2.2036304943692735,nan,0.8319423629268177,1.082696955895136,0.7368445422465869,0.9900963813690724,0.7635272006595806,1.0191268871260826,nan,-4.869153022766113,4.354570388793945,1.6135313510894775,-4.74,4.44,1.65
1743701839.323755,2c08d2cc-7a1c-9d34-25ea-6265acb43d72,3b1128b9-419a-7bb5-a296-3cf33d0d45db,12,-68.0,-73.0,-81.0,-69.0,-48.0,nan,-65.0,-2.9588790301538546,-0.8433418908148472,-2.8283646956640145,-0.03418193890727603,0.3959555818479362,nan,-1.5368220369670904,0.915435192840919,1.0696033246586796,0.7399937302356056,0.92877656463778,0.7104807461583729,nan,0.5750689195462163,-4.957880020141602,4.343814373016357,1.5694262981414795,-4.74,4.44,1.65
1743701840.315841,2c08d2cc-7a1c-9d34-25ea-6265acb43d72,55c330c9-a310-cacf-3e6c-ecb7c79df913,22,-73.0,-77.0,-69.0,-74.0,-56.0,-52.0,-57.0,-2.9915389724981507,-0.8372592308851063,-2.7552984743127094,-0.021687718653169284,0.32855669508065316,1.1648718640726372,-1.3321595082452047,0.8050385103835919,1.0898741750328995,0.7486496695686357,0.9843605981713144,0.723137341183522,1.1508181737786947,0.5293593959642592,-5.009629726409912,4.345282077789307,1.513005018234253,-4.74,4.44,1.65
1743701841.322314,2c08d2cc-7a1c-9d34-25ea-6265acb43d72,60a19b5d-8c49-c96d-e439-08a985f371b3,9,-67.0,-72.0,-87.0,-72.0,-52.0,-51.0,-62.0,-2.994751543721113,-0.8504274972111121,-2.7038874810492746,-0.042296857064856475,0.2873125832263534,2.225837644137442,-1.3601598808023456,0.7832571150390791,0.9570904278201482,0.8180193567478834,0.964445812434838,0.7470515038026042,1.0322436921350675,0.4049854384742557,-5.014056205749512,4.344913482666016,1.4794747829437256,-4.74,4.44,1.65
1743701842.31557,2c08d2cc-7a1c-9d34-25ea-6265acb43d72,58587056-0ad9-0181-8be5-857863a264f8,18,-68.0,-86.0,-77.0,-75.0,-53.0,-55.0,-57.0,-3.0347421032819613,-0.8615078452424958,-2.7203727145129744,-0.0539401973506829,0.3336486528412032,0.8133943953758237,-1.348921600757565,0.9192448447802775,1.1188630829725752,0.8026070443083496,0.932453258259716,0.7396427463705324,1.1062064003378478,0.47827950974136635,-5.036494255065918,4.346540927886963,1.4852066040039062,-4.74,4.44,1.65
1743701843.321039,2c08d2cc-7a1c-9d34-25ea-6265acb43d72,6b863c97-f8b5-6e90-4b5d-b47915aef0b1,20,-73.0,-82.0,-74.0,-75.0,nan,-53.0,-57.0,-2.9797973615681,-0.8799193431226495,-2.7672046685981266,0.006167348452405499,nan,0.41888440219329887,-1.2889174059978625,0.7864329346389985,1.1371021411721467,0.8192989390726392,0.9426880526449997,nan,0.8810738904950106,0.40468800101821106,-5.099867343902588,4.324893474578857,1.4845428466796875,-4.74,4.44,1.65
1743701844.32481,2c08d2cc-7a1c-9d34-25ea-6265acb43d72,d7e3c60f-5e4c-cd13-474e-24d9641ca0b6,9,-68.0,-71.0,-81.0,-73.0,-52.0,-51.0,-61.0,-2.976141374023639,-0.8548925530947389,-2.7065719474280745,-0.0028021780989813745,0.3105595251322852,1.8504594162449128,-1.3517537441539837,0.7982680225233107,1.0961885299774774,0.8229174426247571,0.9527688497402496,0.7434808521724127,1.2069779437842665,0.35996797985925166,-5.136274814605713,4.322200775146484,1.411091923713684,-4.74,4.44,1.65
1743701845.348096,2c08d2cc-7a1c-9d34-25ea-6265acb43d72,85a8706c-9164-d85f-1ef1-d6fbfe654ec9,24,-68.0,-74.0,-73.0,-71.0,-52.0,-52.0,-58.0,-3.076009115953284,-0.8465954747185971,-2.6533904846719554,-0.014996792730454206,0.23658171440714185,1.0010578710938824,-1.1628237107943142,0.7749177589806322,1.1359006560463574,0.8974122501638077,0.9542162112136802,0.7364164820365486,1.1097575042615242,0.36588463131190796,-5.150935173034668,4.330036640167236,1.3796815872192383,-4.74,4.44,1.65
1743701846.315192,2c08d2cc-7a1c-9d34-25ea-6265acb43d72,8b26b891-bba1-bcf8-24a7-8b38cf305b7d,4,-68.0,-66.0,-75.0,-68.0,-54.0,-55.0,-62.0,-3.117963490501956,-0.8506948785845562,-2.666148624190089,-0.000272707695624114,0.19962194672329345,2.130827630410573,-1.318510838730612,0.6979661187569562,1.072657770691919,0.7876468034638566,0.9470960503022716,0.7928256219995098,1.048561248837589,0.42312195156855087,-5.150332927703857,4.332608222961426,1.330639123916626,-4.74,4.44,1.65
1743701847.324135,2c08d2cc-7a1c-9d34-25ea-6265acb43d72,0fc1dfb4-98d2-d23f-28d9-01fdd8c25059,26,-69.0,-71.0,-74.0,-70.0,-50.0,-51.0,-57.0,-3.0562418027621705,-0.8665321649550393,-2.7498387277619383,-0.013023922994923505,0.1929442755381588,2.4194838578806537,-1.1589723229912205,0.8188075858515197,1.0257997176280835,0.8508175171527542,0.9755497294418689,0.7585889818902436,0.7473633333639917,0.30309819887853945,-5.13705587387085,4.330697536468506,1.2876074314117432,-4.74,4.44,1.65
1743701848.315402,2c08d2cc-7a1c-9d34-25ea-6265acb43d72,12aca033-e888-f345-997a-42e4ac934bac,5,-68.0,-66.0,-80.0,-69.0,nan,-54.0,-61.0,-3.0693112658117343,-0.8694001231329457,-2.791153677332882,0.0262558388709822,nan,2.4680973287109222,-1.2889174059978625,0.7465857863028514,1.0250817293981982,0.6994926426937895,1.0024072429821271,nan,0.6804575872580831,0.40468800101821106,-5.15471363067627,4.34203290939331,1.2443817853927612,-4.74,4.44,1.65
1743701849.345473,2c08d2cc-7a1c-9d34-25ea-6265acb43d72,a2ee8caf-95a6-52dd-0f9c-bf7774b12fcf,15,-67.0,-78.0,nan,-69.0,-50.0,-53.0,-57.0,-3.1277950822982015,-0.8400185320905375,nan,0.08637403731843092,0.36825236498632097,1.0275731798850705,-1.3936712128255766,0.8556067463200709,0.9402354810181185,nan,0.9460735296017355,0.6986827254146633,1.1806586978136624,0.5510013503479243,-5.113585948944092,4.36742925643921,1.2660462856292725,-4.74,4.44,1.65
1743701850.353664,2c08d2cc-7a1c-9d34-25ea-6265acb43d72,ba268235-e63b-ca04-3cd6-d0f41b5a6f7d,24,-70.0,-73.0,nan,-71.0,-52.0,-53.0,-58.0,-3.042483912570821,-0.7931871106376029,nan,0.012542956102055195,0.2828425304079756,0.7692943279505429,-1.1547411153944078,0.8017172821881542,0.8713843778821364,nan,0.9730759191052942,0.730302553433106,0.9743630456220983,0.3840834318695599,-5.093859672546387,4.37248945236206,1.2930293083190918,-4.74,4.44,1.65
1743701851.321391,2c08d2cc-7a1c-9d34-25ea-6265acb43d72,9356c689-6eb4-c60b-ac45-e53b97bcf19f,30,-71.0,-71.0,nan,-68.0,-51.0,-53.0,-56.0,-2.9937485972545894,-0.8129325859077775,nan,0.019030949149706235,0.34115431336051805,2.44878455902086,-1.1326399087943315,0.7978358580574181,0.8267451374805007,nan,0.844375729950016,0.6863324957441421,1.3233527489438075,0.4403436531565902,-5.0518159866333,4.358534812927246,1.3306427001953125,-4.74,4.44,1.65
1743701852.35358,2c08d2cc-7a1c-9d34-25ea-6265acb43d72,90921faf-0186-1f5f-4960-23aee1b22301,32,-76.0,-74.0,nan,-68.0,-51.0,nan,-58.0,-2.942388736684084,-0.827501674967165,nan,0.037365215358247744,0.4065392094978442,nan,-1.1501864529777743,0.7431468463872323,0.9028644732844997,nan,0.8005128010061385,0.6737861744347002,nan,0.4815811836851094,-5.01315975189209,4.33952808380127,1.3494584560394287,-4.74,4.44,1.65
1743701853.320447,2c08d2cc-7a1c-9d34-25ea-6265acb43d72,f135d5fb-0bd4-20e7-ebca-87d8d142ad4b,11,-67.0,-74.0,nan,-70.0,-49.0,-52.0,nan,-2.920881314036713,-0.8329028319739546,nan,0.06404183368146246,0.3959555818479362,2.6845572799051647,nan,0.7717756283685021,0.8811331453684804,nan,0.7966787145637786,0.7104807461583729,1.0358925881833163,nan,nan,nan,nan,-4.74,4.44,1.65
1743701854.32321,2c08d2cc-7a1c-9d34-25ea-6265acb43d72,24f3207c-4b99-efaf-8e15-3213726c30e0,19,-69.0,-82.0,-74.0,-77.0,-57.0,-55.0,-57.0,-2.928363997751509,-0.8289525651290401,-2.8895383048514613,0.11079708872722058,0.35118704197737766,0.9175792757457772,-1.245521100316565,0.836082047104264,0.9771966282599739,0.7450722452763322,0.9795629800465638,0.7191691802541508,1.2612394694828934,0.5055346235083198,-4.96718978881836,4.3650383949279785,1.3659346103668213,-4.74,4.44,1.65
1743701855.351448,2c08d2cc-7a1c-9d34-25ea-6265acb43d72,4c606933-cf6b-d9cb-c5c9-df49b76f43c3,10,-67.0,-72.0,-85.0,-73.0,-51.0,-51.0,-66.0,-2.881248949642481,-0.8399128045952613,-2.9011246534899606,0.0223604331445233,0.33899190390841,2.331114119135795,-1.412641677802859,0.8784690521720196,0.9124545829489025,0.766910432531091,0.9246291572931724,0.7561183298469202,1.1302257791477364,0.4083889261713398,-4.973141193389893,4.373971462249756,1.3745760917663574,-4.74,4.44,1.65
1743701856.32153,2c08d2cc-7a1c-9d34-25ea-6265acb43d72,f42a5558-3702-cf2d-6692-af67e88db51d,13,-68.0,-75.0,-79.0,-69.0,-48.0,-53.0,-63.0,-2.8919042571638878,-0.8610846689452821,-2.9930167605870355,0.08583687772656194,0.36825236498632097,2.679020817876128,-1.5481362078285195,0.9151200077259082,0.9078153563299843,0.5808443553359337,0.8976685794187279,0.6986827254146633,0.9978377466728907,0.575563102390499,-5.02846908569336,4.36566686630249,1.356872797012329,-4.74,4.44,1.65
1743701857.353597,2c08d2cc-7a1c-9d34-25ea-6265acb43d72,13b4a3f1-2b8d-978a-bf0c-836699b2a573,11,-67.0,-73.0,-82.0,-70.0,-49.0,-52.0,nan,-2.9114214995286427,-0.8380238244340681,-2.9088933607058305,0.1282581044143251,0.37365572816458575,2.767328963623616,nan,0.895838055643462,0.981577727990236,0.5966388313918938,0.8666456821965038,0.7149489921675608,0.9080118170669184,nan,-5.077441692352295,4.36290979385376,1.3388391733169556,-4.74,4.44,1.65
1743701858.35176,2c08d2cc-7a1c-9d34-25ea-6265acb43d72,b865f29d-28a9-31c6-86c3-e008c65c8af4,4,-67.0,-65.0,-77.0,-68.0,-54.0,-55.0,-61.0,-2.9984935513687834,-0.8317068063284001,-2.925022795847895,0.18026218365252042,0.2969405363807762,2.6207541155862804,-1.4938039113960817,0.8178610984001053,1.0563548306048351,0.5770098694194102,0.987044731654978,0.7804798917751279,0.7667320968147362,0.500759000837506,-5.133188247680664,4.378283977508545,1.3329789638519287,-4.74,4.44,1.65
1743701859.316829,2c08d2cc-7a1c-9d34-25ea-6265acb43d72,67823382-23cf-e20b-52c6-14aeced1fdd9,22,-77.0,-79.0,-71.0,-74.0,-55.0,-52.0,-57.0,-2.9386778880211675,-0.8474583389117828,-2.876394539607485,0.1299854306973505,0.29200750364468786,1.463796939389026,-1.3229080724787525,0.8245737290857046,0.9655322490015359,0.6279526123841818,0.9504320590417593,0.7637777908798313,1.2547675967757868,0.46609024936529536,-5.164652347564697,4.39973545074463,1.3538914918899536,-4.74,4.44,1.65
1743701860.348063,2c08d2cc-7a1c-9d34-25ea-6265acb43d72,4c2c6824-51ce-b6cd-6aaa-d3f69ebe35cf,20,-73.0,-86.0,-74.0,-76.0,nan,-53.0,-57.0,-2.9024759414270664,-0.8594755870146563,-2.8649029995037925,0.06104098376516117,nan,0.5022227422177977,-1.3314738092381797,0.8116103930055805,1.00549431273872,0.6031563189486175,0.990283867909814,nan,1.0442339902516506,0.47030017727326007,-5.170154094696045,4.43061065673828,1.37252676486969,-4.74,4.44,1.65
1743701861.347515,2c08d2cc-7a1c-9d34-25ea-6265acb43d72,68d72fff-54e3-b1e5-ccef-4aa04e5fa354,26,-69.0,-71.0,-75.0,-70.0,-50.0,-52.0,-57.0,-2.9156082550783564,-0.8583312266942493,-2.8492127196254815,-0.0075260932405639275,0.24038363337921065,2.249032917224118,-1.1800463326744415,0.7961872947636318,1.0728173606202418,0.7199469848671158,0.9838278993742713,0.75337585791416,1.045133667524898,0.3303783656868728,-5.161121368408203,4.439410209655762,1.382746696472168,-4.74,4.44,1.65
1743701862.321579,2c08d2cc-7a1c-9d34-25ea-6265acb43d72,e22693b8-8b0b-89a3-f032-c4e68c2301c8,13,-69.0,-75.0,-80.0,-69.0,-50.0,-53.0,-64.0,-2.923131418841721,-0.8621840218432669,-2.888081289419079,-0.011408183161572433,0.3460523075250789,2.6058864674001847,-1.4452965994811864,0.8350219092533309,1.084832411615216,0.6396778448735281,0.8722331273215447,0.7027656856600591,0.9609100595832528,0.6173244041541116,-5.2225341796875,4.4392547607421875,1.3707401752471924,-4.74,4.44,1.65
1743701863.347866,2c08d2cc-7a1c-9d34-25ea-6265acb43d72,3ba172cc-d024-a69a-1c4a-e155ace3b6b7,31,-73.0,-73.0,-77.0,-68.0,-50.0,-53.0,-57.0,-2.9875032181822445,-0.8571948558571124,-2.900540355946797,0.06307084514801957,0.3848927129494806,3.009019965341441,-1.30294011571309,0.7583976381066526,1.0701811640361996,0.5463788230620777,0.858767119585668,0.6781999927247495,0.850844787442177,0.5162365107625783,-5.290722370147705,4.4331817626953125,1.3632768392562866,-4.74,4.44,1.65
1743701864.323215,2c08d2cc-7a1c-9d34-25ea-6265acb43d72,af9154b2-a37f-b9a7-a077-939e77029c19,27,-69.0,-71.0,-79.0,-68.0,-50.0,-51.0,-55.0,-2.977536870434841,-0.8577109764763698,-2.903328951924219,0.02814268850330334,0.2968638765377288,2.7759870179647343,-1.124351601259714,0.8215505086162466,1.0486341268676138,0.6645918500292739,0.8451982472526871,0.6935151357952847,0.6132381177600011,0.3475821416021953,-5.342531204223633,4.404592037200928,1.3726105690002441,-4.74,4.44,1.65
1743701865.319548,2c08d2cc-7a1c-9d34-25ea-6265acb43d72,b6a087c2-ffd2-7460-230c-a95ebd9d879d,9,-67.0,-74.0,-85.0,-74.0,-52.0,-51.0,-62.0,-2.981159834781785,-0.8332564997667172,-2.9039912800873213,0.01305454934745942,0.2828425304079756,2.6770663034638242,-1.2932283722046243,0.7423353812030851,0.9656846483949157,0.6346816880895122,0.882094546521999,0.730302553433106,0.643618527515229,0.3858806562681322,-5.354784965515137,4.374141693115234,1.3801461458206177,-4.74,4.44,1.65
1743701866.321575,2c08d2cc-7a1c-9d34-25ea-6265acb43d72,45907272-f21c-0642-7f26-64f473fc492b,36,-78.0,-87.0,-79.0,-69.0,-53.0,-52.0,-60.0,-2.9694611007452845,-0.8200610691975926,-2.9681231286136285,0.05260329048346313,0.3460523075250789,3.141592653589793,-1.2210774128978767,0.7644884206777184,1.03162857830594,0.5248558875013571,0.9236284745135751,0.7027656856600591,0.5934119457339914,0.2354643570272648,-5.359613418579102,4.371009826660156,1.36378288269043,-4.74,4.44,1.65
1743701867.329592,2c08d2cc-7a1c-9d34-25ea-6265acb43d72,749cb12e-5361-3e37-6a1b-e611ed74e9ff,10,-67.0,-74.0,-82.0,-74.0,-50.0,-51.0,-66.0,-2.937923680800457,-0.839130101550887,-2.941648644217151,0.06934445372791923,0.3336486528412032,2.9153547157908912,-1.3517537441539837,0.793405623005044,0.9455439600189735,0.6483861153219782,0.9444876171725934,0.7396427463705324,0.6854510147979884,0.35996797985925166,-5.324540615081787,4.362186908721924,1.3900105953216553,-4.74,4.44,1.65
