1743705391.427585,2c08d2cc-7a1c-9d34-25ea-6265acb43d72,6c7aac55-6cc3-7b44-34be-425e509f3f40,32,-81.0,-61.0,-75.0,-77.0,nan,nan,-67.0,-2.941781802271655,-2.6816261174973026,-2.9229300838633114,-2.0845742963993645,nan,nan,-1.9656394279036082,0.7927054779544621,0.06960381648976853,0.8046381706927257,1.4155569384286517,nan,nan,0.5023488123974248,nan,nan,nan,-8.64,7.44,1.65
1743705392.415919,2c08d2cc-7a1c-9d34-25ea-6265acb43d72,1ca57e64-af45-1eb7-45fe-a005003b5c14,22,-74.0,-63.0,-83.0,-73.0,-55.0,-54.0,-64.0,-2.9676850386143108,-2.681785640846598,-2.915501196002535,-1.8501471446001587,-2.585112678520535,-2.919138260676119,-2.1238215364013175,0.787555723354576,0.09280642023356975,0.6631980846727809,1.3931949073874743,0.22371259448487515,0.3411236234270117,0.3524379355841162,-6.533051490783691,4.829975128173828,0.9439520239830017,-8.64,7.44,1.65
1743705393.428438,2c08d2cc-7a1c-9d34-25ea-6265acb43d72,bf30f592-b408-7688-82f8-06cfb5fd1a93,24,-75.0,-60.0,-82.0,-72.0,-54.0,-56.0,-61.0,-2.95473009149162,-2.67921888618798,-2.940391099550416,-1.5884453616549608,-2.5673910720732493,-2.794704246400537,-2.2552434388277027,0.8467470751636499,0.0943044233796041,0.7186277214421178,1.339189063115921,0.22129271582874568,0.4300494340137142,0.28669827426742467,-6.620992183685303,4.90095853805542,0.9637566804885864,-8.64,7.44,1.65
1743705394.420089,2c08d2cc-7a1c-9d34-25ea-6265acb43d72,f7510678-d7f2-7866-682b-f9800db09809,14,-73.0,-64.0,nan,-75.0,-61.0,-57.0,-63.0,-2.9927387265692316,-2.6787283319151873,nan,-1.6335382715482913,-2.4967028026799016,-2.623872978636104,-2.2378755720470997,0.7894609487984187,0.09697157921131845,nan,1.2909176704615808,0.21095007257316042,0.3219533185017456,0.3303783657192991,-6.702757835388184,4.96895170211792,1.2754005193710327,-8.64,7.44,1.65
1743705395.416862,2c08d2cc-7a1c-9d34-25ea-6265acb43d72,4b11436f-53ef-636e-2838-96969819536e,14,-73.0,-64.0,nan,-75.0,-61.0,-58.0,-63.0,-2.983524455513666,-2.6938881101043544,nan,-1.5421765329823056,-2.4790814618576147,-2.5424850352770005,-2.239913138467604,0.729602208820171,0.09599330859676988,nan,1.3004074455319148,0.20820303828000894,0.2621559675153181,0.36977330549992526,-6.787270545959473,5.049495220184326,1.5761075019836426,-8.64,7.44,1.65
1743705396.426642,2c08d2cc-7a1c-9d34-25ea-6265acb43d72,d745c8e3-cf31-aced-73ff-7fa315fb333f,33,-81.0,-61.0,nan,-76.0,-53.0,-58.0,-64.0,-2.971414529404858,-2.6920883458396787,nan,-1.5528191904885347,-2.4439009458015954,-2.5959966816556435,-2.0994082011093926,0.6783277691416301,0.10226967188392208,nan,1.4995395902462456,0.202521746209891,0.2709185204790966,0.6603139303947013,-6.867247581481934,5.129921913146973,1.6855038404464722,-8.64,7.44,1.65
1743705397.430479,2c08d2cc-7a1c-9d34-25ea-6265acb43d72,dd058553-6fa6-182a-0097-59a2c7eddf3d,2,-81.0,-60.0,nan,-73.0,-61.0,-53.0,-60.0,-2.948095358267906,-2.6407479263451314,nan,-1.6170389233308144,-2.4263420344126816,-3.050360443086353,-2.023877175463341,0.6662729038883591,0.09681872208712632,nan,1.4898157233160942,0.19958939241581453,0.295542781888981,0.7314294524520298,-7.048038005828857,5.23549222946167,1.7238826751708984,-8.64,7.44,1.65
1743705398.43046,2c08d2cc-7a1c-9d34-25ea-6265acb43d72,c67fd4ca-18ec-59e5-b6f4-f1af1d995b7f,18,-75.0,-63.0,nan,-72.0,-58.0,-56.0,-67.0,-3.0209376077715353,-2.676603129365304,nan,-1.7591823501946493,-2.4967028026799016,2.8878093778271547,-2.1907823877367836,0.6435637297990899,0.06641451463683051,nan,1.432175862579073,0.21095007257316042,0.2707453906893821,0.6056322190075349,-7.2805352210998535,5.312580585479736,1.7095892429351807,-8.64,7.44,1.65
1743705399.428767,2c08d2cc-7a1c-9d34-25ea-6265acb43d72,72c3e054-d55a-00d7-6c41-49cc492aabfc,31,-81.0,-61.0,-76.0,-75.0,-54.0,-57.0,-68.0,-3.026433306997023,-2.6906771367780458,2.6282326671184126,-1.8406302052867058,-2.4967028026799016,-3.0332071626290014,-2.0919642085218233,0.6274666520642695,0.06932351462384848,0.8507900200144991,1.4655905447762974,0.21095007257316042,0.26033182213342815,0.5673771814907498,-7.465869903564453,5.36509084701538,1.8040356636047363,-8.64,7.44,1.65
1743705400.430664,2c08d2cc-7a1c-9d34-25ea-6265acb43d72,90e89b87-3677-0809-5b83-3e69a28948ac,29,-80.0,-61.0,-77.0,-72.0,-53.0,-57.0,-67.0,-3.0106306417207103,-2.674778597702491,2.5672473434200342,-1.9070939176634865,-2.512042800229853,-2.892162636208912,-2.2120336234873563,0.5891714608533661,0.05569212874546711,0.9981758129051275,1.4623329661309126,0.22775277628386165,0.4244137155938116,0.38350492740337594,-7.605003356933594,5.43033504486084,1.9125702381134033,-8.64,7.44,1.65
1743705401.430462,2c08d2cc-7a1c-9d34-25ea-6265acb43d72,327b1765-296b-1dcf-acd4-4e4622da4122,5,-80.0,-59.0,-92.0,-80.0,nan,nan,nan,-2.5593180475904327,-2.6904973734044653,2.636364363190861,-1.8276752581640157,nan,nan,nan,0.5752318764966462,0.0870186304931494,0.9037650212071101,1.4432389000633714,nan,nan,nan,nan,nan,nan,-8.64,7.44,1.65
1743705402.430322,2c08d2cc-7a1c-9d34-25ea-6265acb43d72,749f6bf3-0a70-0ed5-68e0-ec964db3084e,32,-83.0,-61.0,-76.0,-77.0,nan,nan,-65.0,-2.8156667435865166,-2.693438834828458,2.6772183195771126,-1.7028070915012523,nan,nan,-2.1456089156522875,0.514763738681961,0.061243230044006676,1.030654660295298,1.418102520956604,nan,nan,0.5127650549941498,nan,nan,nan,-8.64,7.44,1.65
1743705403.4296,2c08d2cc-7a1c-9d34-25ea-6265acb43d72,ee4a3029-aff9-a744-0389-fbe43c54bcd0,35,-83.0,-60.0,-77.0,-75.0,-56.0,-57.0,-61.0,-3.0688979432105543,-2.6832027088626296,3.1064575693283776,-1.8146273667192812,-2.4591128847588974,-2.786008861435908,-2.200600322102512,0.7618109450967799,0.06414578434894881,0.9014013991606376,1.4658237045297338,0.21895039938253497,0.36205578764744756,0.4731999053728592,-7.700977325439453,5.5270357131958,2.0032804012298584,-8.64,7.44,1.65
1743705404.429839,2c08d2cc-7a1c-9d34-25ea-6265acb43d72,938f21b4-999c-ef11-29ef-574f2a96f142,1,-84.0,-60.0,-73.0,-70.0,-60.0,-53.0,-61.0,-3.0524561192726227,-2.6438055015926514,-3.029090609132704,-1.8040130718786616,-2.4063967553456465,-3.123019497447311,-2.0726773875471163,0.676171673923102,0.09609842023604394,0.6044861018599212,1.4613804865670457,0.20955653115050962,0.349010416562645,0.6561044434167792,-7.743764877319336,5.61373472213745,2.069103956222534,-8.64,7.44,1.65
1743705405.41709,2c08d2cc-7a1c-9d34-25ea-6265acb43d72,4437614a-dc5c-dd38-36f0-cbe4e86a2b2f,26,-79.0,-60.0,-86.0,-71.0,-53.0,-55.0,-61.0,-3.0054803544886064,-2.6380560031152793,-3.030652553112035,-1.7466933231046682,-2.461480794511486,-2.9365925093328418,-2.2681423340338935,0.7867319410503872,0.07551496468411921,0.5082584017977108,1.4303509314420966,0.2053932815715016,0.5490400413469679,0.4365519674136524,-7.781433582305908,5.67368459701538,2.174452066421509,-8.64,7.44,1.65
1743705406.429083,2c08d2cc-7a1c-9d34-25ea-6265acb43d72,f4a6636a-4e73-c004-b17c-856fb82f3121,30,nan,-61.0,-77.0,-74.0,-52.0,nan,-74.0,nan,-2.6362261451302857,-3.091741207460709,-1.8180203671060968,-2.4790814618576147,nan,-1.9787228528130267,nan,0.0990352211281288,0.6597829800489178,1.4849430706276305,0.20820303828000894,nan,0.5835339435234018,-7.813780784606934,5.738282203674316,2.075087070465088,-8.64,7.44,1.65
1743705407.427777,2c08d2cc-7a1c-9d34-25ea-6265acb43d72,badbe2ee-80f4-7b36-a585-cde101aed3e4,29,nan,-61.0,-78.0,-73.0,-53.0,-57.0,-70.0,nan,-2.6579018795585494,3.1102866623436936,-1.9446673922189783,-2.4790814618576147,-2.8187684148018644,-1.965930733209736,nan,0.1169610000373442,0.8295885945763785,1.4920543765284149,0.20820303828000894,0.5179342407083147,0.5697634249748628,-7.848304748535156,5.8084564208984375,1.8760247230529785,-8.64,7.44,1.65
1743705408.428961,2c08d2cc-7a1c-9d34-25ea-6265acb43d72,3a6d5dbe-da93-9e34-bee1-e4fc5db6860a,14,nan,-64.0,-80.0,-75.0,-59.0,-58.0,-63.0,nan,-2.638085830519488,-3.1119668506754246,-1.8838422576601683,-2.408804152588739,2.9334829498890636,-2.0985381296283414,nan,0.11145493112836219,0.7940036358278213,1.4598667458034444,0.19659719634663658,0.3936397175822344,0.4806805476082169,-7.8665771484375,5.863653182983398,1.7624690532684326,-8.64,7.44,1.65
1743705409.430249,2c08d2cc-7a1c-9d34-25ea-6265acb43d72,3d4b7b7c-8b00-8f43-e6da-733163e23156,2,nan,-61.0,-73.0,-73.0,-60.0,-53.0,-60.0,nan,-2.6596822027472675,-3.0239765408914248,-1.96587800556286,-2.3912873662033705,2.847140534348736,-2.032334907177921,nan,0.1703720522465636,0.4811470557160543,1.4636865177549452,0.19354614957854466,0.3183039901224603,0.6378112688365746,-7.882142066955566,5.929474830627441,1.670156478881836,-8.64,7.44,1.65
1743705410.417317,2c08d2cc-7a1c-9d34-25ea-6265acb43d72,998556cd-46ed-00c4-0454-cf547ef1d585,14,nan,-64.0,-80.0,-75.0,-60.0,-58.0,-63.0,nan,-2.654788910560356,-3.029448804299319,-1.9020395042306253,-2.3912873662033705,2.652045532878087,-2.1693382088360313,nan,0.16374069790848222,0.40940159581786045,1.3847285851240578,0.19354614957854466,0.2635453258468896,0.48377215338577373,-7.899864196777344,6.005348205566406,1.677643895149231,-8.64,7.44,1.65
1743705411.430552,2c08d2cc-7a1c-9d34-25ea-6265acb43d72,4d14dc4a-2c5f-53f2-8b57-8076d2db1458,26,-78.0,-60.0,-85.0,-71.0,-54.0,-55.0,-61.0,-2.8705036272762294,-2.636534006552299,-2.992285722867809,-1.7723515486270367,-2.494376004303801,3.082306729936675,-2.289410898632529,0.8536061131301763,0.17348547065319117,0.47204303952961835,1.4175351344863625,0.22488607283792675,0.48796364235504386,0.3499088370913043,-7.90076494216919,6.090125560760498,1.7091503143310547,-8.64,7.44,1.65
1743705412.41687,2c08d2cc-7a1c-9d34-25ea-6265acb43d72,3f371429-1ffa-8258-6333-ad6917a29b95,19,-74.0,-63.0,-95.0,-71.0,-57.0,-55.0,-71.0,-2.881982916838907,-2.6316622859702172,-3.061564130200694,-1.9491608107682146,-2.582939434026116,2.823078529945974,-2.2986203791504014,0.7329212399077095,0.11153954474962106,0.29121889559757763,1.3592020529175937,0.23852261592141116,0.36638002352046106,0.3268060417878828,-7.920392990112305,6.139451503753662,1.771158218383789,-8.64,7.44,1.65
1743705413.429941,2c08d2cc-7a1c-9d34-25ea-6265acb43d72,bbb41a9d-b8b0-91f0-5974-cf6698dd2513,36,-80.0,-61.0,-76.0,-73.0,-55.0,-57.0,-59.0,-2.8796055129337934,-2.640918634971005,-3.0525655751934253,-2.09334155586596,-2.489234513742728,-3.0475116543316503,-2.2741561181541528,0.7281148999303888,0.1192258770640237,0.35642959068147584,1.4002207258172668,0.25268025516194503,0.3824354703104212,0.38408343190893957,-7.9395432472229,6.140982151031494,1.8026845455169678,-8.64,7.44,1.65
1743705414.430079,2c08d2cc-7a1c-9d34-25ea-6265acb43d72,5ae9d6a8-93b5-384c-8852-6d7167a0b6fc,24,-76.0,-61.0,-85.0,-72.0,nan,nan,nan,-2.9081436808589736,-2.668137206576051,-3.040842872707114,-2.024103362265535,nan,nan,nan,0.7352814664237921,0.10508018068368837,0.35071421395557045,1.4084929036372165,nan,nan,nan,-7.96550178527832,6.251065254211426,1.8317304849624634,-8.64,7.44,1.65
1743705415.435008,2c08d2cc-7a1c-9d34-25ea-6265acb43d72,58ae7719-ed11-471a-7771-80f85763ea09,4,-81.0,-60.0,nan,-82.0,nan,-55.0,nan,-2.8623631427721845,-2.689909347435776,nan,-2.0011153552101346,nan,2.9399857147583215,nan,0.685679225593712,0.1845758721176899,nan,1.3519485342145996,nan,0.3081953185230323,nan,-7.980530738830566,6.3818359375,-9.058993339538574,-8.64,7.44,1.65
1743705416.416913,2c08d2cc-7a1c-9d34-25ea-6265acb43d72,aada8593-966f-a632-23ba-040b1940d286,35,-83.0,-61.0,nan,-75.0,nan,-58.0,nan,-2.8942233378411286,-2.6892129308107204,nan,-2.0479114897786252,nan,-3.0116641497143677,nan,0.7139199184251303,0.18181981663983732,nan,1.4188568613353685,nan,0.3463542063143713,nan,-8.00166416168213,6.436246871948242,-9.30815029144287,-8.64,7.44,1.65
1743705417.428808,2c08d2cc-7a1c-9d34-25ea-6265acb43d72,108e08ae-5b5a-17e2-9b36-418fc20a3f80,8,-77.0,-60.0,nan,nan,nan,-57.0,-62.0,-2.9158151826950554,-2.6684682374995483,nan,nan,nan,2.8865500813208937,-2.367175535789474,0.7562388131480072,0.1791155097109164,nan,nan,nan,0.2876369134583918,0.4940968455178307,-7.896424293518066,6.34017276763916,-11.03279972076416,-8.64,7.44,1.65
1743705418.428331,2c08d2cc-7a1c-9d34-25ea-6265acb43d72,c10ceeeb-434d-9cfd-cdb9-708114fe91c0,2,-81.0,-61.0,nan,nan,nan,-53.0,-60.0,-2.9260385254876513,-2.65166315838893,nan,nan,nan,2.851695244744192,-2.15862824658436,0.7102194560904652,0.20190083356260502,nan,nan,nan,0.2681620579763111,0.6881115980190273,-7.747522354125977,6.170176029205322,-11.253152847290039,-8.64,7.44,1.65
1743705419.427685,2c08d2cc-7a1c-9d34-25ea-6265acb43d72,1ca4953e-939a-3af2-92c9-efe9b293f631,32,-82.0,-61.0,nan,nan,-54.0,nan,nan,-2.9508727689687495,-2.6487541875302365,nan,nan,-2.4565811054265545,nan,nan,0.6686475780533556,0.19999770535812075,nan,nan,0.2324805495292073,nan,nan,nan,nan,nan,-8.64,7.44,1.65
1743705420.431873,2c08d2cc-7a1c-9d34-25ea-6265acb43d72,d5bafcaa-278d-abce-3938-0be77aa646e3,6,-82.0,-60.0,nan,nan,-63.0,-55.0,-65.0,-2.903571033267307,-2.6379899567202454,nan,nan,-2.4063967553456465,2.743702658557895,-2.19200433946226,0.6967098390917384,0.20593171096476487,nan,nan,0.20955653115050962,0.2584336229520609,0.7119225080657237,-7.55566644668579,5.9599833488464355,-11.329181671142578,-8.64,7.44,1.65
1743705421.430324,2c08d2cc-7a1c-9d34-25ea-6265acb43d72,f987b165-c038-e03d-48db-8ccbf1fb3544,8,-78.0,-60.0,-79.0,nan,nan,-58.0,-62.0,-2.949946255225511,-2.6754047068747684,-2.9117756999536235,nan,nan,2.585112678520535,-2.3521920152762115,0.7285154393583368,0.2264825427933361,0.5506235356550142,nan,nan,0.22371259448487515,0.6637753621869605,-7.37147331237793,5.72026824951172,-11.644046783447266,-8.64,7.44,1.65
1743705422.417392,2c08d2cc-7a1c-9d34-25ea-6265acb43d72,e9b46458-84bf-b47d-d0b3-297dd6d9b8e2,28,-84.0,-60.0,-79.0,-70.0,nan,nan,-65.0,-2.949854908800121,-2.7024067634831908,-2.8776491547970204,3.1182543076929927,nan,nan,-2.355720658709458,0.7298970873318699,0.24385132988293987,0.5288115139579654,1.4689863414822573,nan,nan,0.47438892250087866,-7.361069202423096,5.475144863128662,-11.731287002563477,-8.64,7.44,1.65
1743705423.420006,2c08d2cc-7a1c-9d34-25ea-6265acb43d72,d80c2926-4d8c-7e20-8fcf-982b00482889,5,-80.0,-59.0,-93.0,nan,-62.0,-55.0,-64.0,-2.961122210740028,-2.647280127866878,-2.8732554716306082,nan,-2.3912873662033705,2.6206133111603007,-2.2692903593294216,0.7485218378363118,0.2795241563027127,0.38727625321856396,nan,0.19354614957854466,0.2283475083923598,0.63691640190812,-7.270727634429932,5.21479368209839,-11.895608901977539,-8.64,7.44,1.65
1743705424.429483,2c08d2cc-7a1c-9d34-25ea-6265acb43d72,757cf111-ffd8-ac42-2a2a-cce3348de841,11,-74.0,-63.0,-79.0,nan,-61.0,-58.0,-60.0,-2.96327191437194,-2.6469669401226845,-2.8677792134810787,nan,-2.373791714864879,-3.105455751051887,-2.2655662813931277,0.7527647860850261,0.2677571454737657,0.35932807534337724,nan,0.19043725859310148,0.26163616398534384,0.47828330660571455,-7.213763236999512,4.98898458480835,-12.05971622467041,-8.64,7.44,1.65
1743705425.430864,2c08d2cc-7a1c-9d34-25ea-6265acb43d72,c86cb42f-60f0-6841-e929-3dd907a996be,18,-75.0,-63.0,-92.0,nan,-58.0,-57.0,-66.0,-2.9367958320788086,-2.6581647335581406,-2.849189550123998,nan,-2.4790814618576147,2.8709952384399595,-2.308977879802006,0.6610803389739499,0.23506123380999708,0.3592851651603134,nan,0.20820303828000894,0.2526802551661689,0.44034365320335905,-7.15954303741455,4.640004634857178,-12.488037109375,-8.64,7.44,1.65
1743705426.430826,2c08d2cc-7a1c-9d34-25ea-6265acb43d72,6ee0056c-7c4c-2ae3-f7c5-6eb7188d9614,11,-73.0,-63.0,-79.0,nan,-62.0,-58.0,nan,-2.9316753722509135,-2.6386791828103577,-2.714415755786685,nan,-2.4439009458015954,-2.979067306271134,nan,0.6669267099359736,0.24544583100659756,0.3655012161711536,nan,0.202521746209891,0.25850193938047833,nan,-7.093480587005615,4.317994594573975,-1.8167645931243896,-8.64,7.44,1.65
1743705427.418022,2c08d2cc-7a1c-9d34-25ea-6265acb43d72,f84b1012-9435-15b0-c0a4-14d0528da9fa,13,-75.0,-65.0,-80.0,nan,-61.0,nan,-62.0,-2.9480735203469672,-2.675635602941278,-2.6358104256841246,nan,-2.3912873662033705,nan,-2.2515416013777054,0.6475926264751891,0.201764296622468,0.38687744484532455,nan,0.19354614957854466,nan,0.38800024491931445,nan,nan,nan,-8.64,7.44,1.65
1743705428.417111,2c08d2cc-7a1c-9d34-25ea-6265acb43d72,c6a8b8e9-af92-3568-2f91-e3fbb39217ce,8,-79.0,-60.0,-79.0,-75.0,-65.0,-57.0,-61.0,-2.9706219726644503,-2.6830679529114714,-2.5691429814839526,-2.2426724550377553,-2.373791714864879,2.9430076619216345,-2.367175535789474,0.7124315442709123,0.1809197347704178,0.39065710293290584,1.1744927897188047,0.19043725859310148,0.25687962933761516,0.4940968455178307,-6.963834285736084,4.0620951652526855,-1.7885414361953735,-8.64,7.44,1.65
1743705429.418212,2c08d2cc-7a1c-9d34-25ea-6265acb43d72,a70276ad-efc6-cb9b-8dda-dbb09b7661b3,17,-75.0,-63.0,-87.0,-72.0,-59.0,-58.0,-65.0,-2.956569803172647,-2.691796197068097,-2.835370939859795,-2.114749109972453,-2.4565811054265545,2.7633250930831386,-2.3668455179437613,0.70802767451333,0.12987602471081872,0.37215915218586537,1.276869762027522,0.2324805495292073,0.24404362048192765,0.4055694238678773,-6.889931678771973,3.932874917984009,-1.8643478155136108,-8.64,7.44,1.65
1743705430.41849,2c08d2cc-7a1c-9d34-25ea-6265acb43d72,8d6b9b86-eef1-5630-2c27-a6c9af93d298,27,-83.0,-60.0,-82.0,-70.0,nan,-55.0,-62.0,-2.937068273458324,-2.726535535591527,-2.939993223283558,-2.009444391519357,nan,3.141592653589793,-2.3497131435046676,0.6920453790214921,0.1254124585329266,0.4172520953687097,1.4106709699347375,nan,0.41887902051931286,0.2898021773600504,-6.86033535003662,3.8985350131988525,-1.6871453523635864,-8.64,7.44,1.65
1743705431.41793,2c08d2cc-7a1c-9d34-25ea-6265acb43d72,d1088895-3f85-70cc-e085-64ff912d78f0,11,-74.0,-62.0,-79.0,-75.0,-62.0,-59.0,-61.0,-2.9492359901627867,-2.712842093898557,-2.8587148783948844,-1.8773633193602235,-2.4063967553456465,-2.847140534348736,-2.294109928454836,0.7768578052557277,0.16870664445888253,0.4209873452451139,1.3758488071014068,0.20955653115050962,0.3183039901224603,0.3383875618034145,-6.8651251792907715,3.96770191192627,-1.5983922481536865,-8.64,7.44,1.65
1743705432.417238,2c08d2cc-7a1c-9d34-25ea-6265acb43d72,5ed22e5e-831a-9014-29be-6d24d371e95e,17,-75.0,-63.0,-87.0,-73.0,-59.0,-58.0,-65.0,-2.961724351462496,-2.695374952940946,-3.063518357808594,-1.7309722837157668,-2.476732636366056,2.9956747870999356,-2.315992948481352,0.7312214773419664,0.15632827171219424,0.32480212260229024,1.2910443037714137,0.22195161283894818,0.29373197055363104,0.3326759587440283,-6.8816986083984375,4.103784084320068,-1.2662092447280884,-8.64,7.44,1.65
1743705433.430168,2c08d2cc-7a1c-9d34-25ea-6265acb43d72,e182bc91-0a46-2f60-9081-a5921e3a45bc,15,-74.0,-64.0,-80.0,-74.0,-60.0,-59.0,-63.0,-2.9654740822773267,-2.709033240907526,-3.0541347097077,-1.6823723901409653,-2.4591128847588974,-2.8878093778271547,-2.315992948481352,0.676985269636121,0.11999285081320969,0.27468822194777864,1.315308630779235,0.21895039938253497,0.2707453906893821,0.3326759587440283,-6.751293659210205,4.2743730545043945,-1.2097841501235962,-8.64,7.44,1.65
1743705434.429018,2c08d2cc-7a1c-9d34-25ea-6265acb43d72,6b19ff54-5673-2f26-095d-2a4e96067e4b,22,-75.0,-63.0,-85.0,-73.0,-54.0,-54.0,-65.0,-3.0123630280098075,-2.7046462156438387,-2.6098669756090085,-1.5941767506369202,-2.5143446453450657,-2.759876985499793,-2.3044660953791753,0.6964401274523407,0.11413106680637718,0.3000800647821119,1.2917375246031615,0.21363345767176242,0.27646074112670965,0.2515890493175618,-6.674650192260742,4.48218297958374,-1.116123914718628,-8.64,7.44,1.65
1743705435.418728,2c08d2cc-7a1c-9d34-25ea-6265acb43d72,b0ac707b-19ee-0f42-9f77-977658a46aa7,1,-86.0,-61.0,-72.0,-70.0,-60.0,-53.0,-61.0,-2.9844736061261705,-2.674313343460054,-2.5753199173162824,-1.6219067823293158,-2.4439009458015954,3.141592653589793,-2.1543198495946507,0.6778438727715627,0.1388058868067202,0.23330318130589486,1.2845947934015143,0.202521746209891,0.27925268034665646,0.6142118236055638,-6.587876319885254,4.677739143371582,-0.993496596813202,-8.64,7.44,1.65
1743705436.433831,2c08d2cc-7a1c-9d34-25ea-6265acb43d72,90bbc8a2-2fd1-f512-62a4-fd06d8394ef1,5,-82.0,-59.0,-86.0,-80.0,-61.0,-55.0,-63.0,-2.9382270148486174,-2.6717332729959855,-2.5214345810840553,-1.6276300486699506,-2.408804152588739,2.888983225305492,-2.09276902937724,0.6933058531654265,0.18804131048615552,0.15871281621798072,1.26094206133803,0.19659719634663658,0.2538485371943389,0.7123282635107242,-6.51693868637085,4.888812065124512,-0.644504427909851,-8.64,7.44,1.65
1743705437.418636,2c08d2cc-7a1c-9d34-25ea-6265acb43d72,2fc76557-f2a9-cfa1-c4b7-61d18a7483f0,19,-74.0,-63.0,-91.0,-71.0,nan,-55.0,nan,-2.981651188002904,-2.660903794739287,-2.62423366442555,-1.7444986120503336,nan,2.74542872979979,nan,0.6753296489654461,0.13413884679916765,0.1847922206667452,1.246258855825933,nan,0.2423378733199026,nan,nan,nan,nan,-8.64,7.44,1.65
1743705438.427814,2c08d2cc-7a1c-9d34-25ea-6265acb43d72,927c15e8-46f3-54c0-1276-b06620d707a3,13,-75.0,-64.0,-81.0,-76.0,-61.0,-57.0,-62.0,-2.983109535015832,-2.6405772177192572,-2.7116407419308226,-1.7161672385837983,-2.3912873662033705,-2.997107954690365,-2.1943844439805593,0.6930211612448971,0.12449007268937766,0.19286036705768114,1.270794558948833,0.19354614957854466,0.25919263213113913,0.5134641669963593,-6.525640964508057,5.06760549545288,-0.4113408327102661,-8.64,7.44,1.65
1743705439.418557,2c08d2cc-7a1c-9d34-25ea-6265acb43d72,7a17de2e-c341-ab74-b698-664faf02a964,33,-81.0,-61.0,-76.0,-77.0,nan,nan,nan,-3.0545301891295766,-2.641241676411232,-2.7853383987765854,-1.7469681613291643,nan,nan,nan,0.6687021062766748,0.12771172362718172,0.29324193263014275,1.3933395170346654,nan,nan,nan,nan,nan,nan,-8.64,7.44,1.65
1743705440.429941,2c08d2cc-7a1c-9d34-25ea-6265acb43d72,1b9fa350-d17c-b42f-a355-46f57b323521,20,-73.0,-63.0,nan,-72.0,-58.0,-55.0,-80.0,-3.0302592042190306,-2.631058813667205,nan,-1.7511559821433138,-2.4967028026799016,2.9430076619216345,-2.2458983095525893,0.6795165376732142,0.12975600769181858,nan,1.3392183578879118,0.21095007257316042,0.25687962933761516,0.39894676315430255,-6.633600234985352,5.221996784210205,-0.1588425636291504,-8.64,7.44,1.65
1743705441.427603,2c08d2cc-7a1c-9d34-25ea-6265acb43d72,8399b81c-4e81-2ef1-7874-e1b91f4830cc,36,-80.0,-61.0,-77.0,-74.0,nan,-56.0,nan,-3.092106859478377,-2.6537313692914855,-2.8588224701029237,-1.9007272316034887,nan,-3.0138964920615834,nan,0.7403597817274369,0.14191694165788035,0.3923951151498052,1.3900391946537851,nan,0.29442789407542885,nan,-6.815876007080078,5.38757562637329,1.7423131465911865,-8.64,7.44,1.65
1743705442.429633,2c08d2cc-7a1c-9d34-25ea-6265acb43d72,685e23e1-1d84-5bd7-a8e0-85eb496366da,18,-75.0,-63.0,nan,-71.0,-59.0,nan,-64.0,-3.0723941410896103,-2.6693108616684493,nan,-1.9104120832236708,-2.5496890175822196,nan,-2.3087916712743244,0.7138221138340971,0.17049444114340953,nan,1.325707076413504,0.21880566124678832,nan,0.39798152911237294,nan,nan,nan,-8.64,7.44,1.65
1743705443.42977,2c08d2cc-7a1c-9d34-25ea-6265acb43d72,68c31e7f-3640-dcb4-15f5-f36730ea9c02,36,-79.0,-61.0,-75.0,-74.0,-54.0,-56.0,-60.0,-3.066873940782094,-2.6638820077863223,-2.992663092794273,-1.8890771002568825,-2.465684832330813,-2.8654444683554416,-2.3719842617376594,0.7953393442725505,0.14310431202989216,0.5484367807944366,1.403349673782001,0.2766654510076466,0.31990321630960195,0.39306581237008714,-7.005878925323486,5.553729057312012,1.7991384267807007,-8.64,7.44,1.65
1743705444.433381,2c08d2cc-7a1c-9d34-25ea-6265acb43d72,4d6468bc-76bd-1ac3-61ce-bf8c46b07ddc,27,-80.0,-60.0,-84.0,-70.0,-55.0,-56.0,-63.0,-3.0608900841287947,-2.697200283552086,-2.9864560632416253,-1.931323756735191,-2.501205800805159,-2.763161027972889,-2.3322439896047324,0.7734118745422468,0.10687002467330338,0.6457153642227922,1.4298161686952089,0.2839675506948999,0.49241947153321713,0.2849072609456239,-7.20647096633911,5.682255268096924,1.7432491779327393,-8.64,7.44,1.65
1743705445.42915,2c08d2cc-7a1c-9d34-25ea-6265acb43d72,9f224deb-28d8-a4d8-6595-1cc656051030,3,-81.0,-61.0,-75.0,-76.0,-64.0,-55.0,-66.0,-3.0206486547932614,-2.6859268563416716,-2.993612243406777,-1.9636010028308422,-2.489234513742728,3.084720315293312,-2.1907823877367836,0.723639790613647,0.14018806741247136,0.5369984040440052,1.397510426775893,0.25268025516194503,0.40084407178667636,0.6056322190075349,-7.376993656158447,5.772062301635742,1.5752240419387817,-8.64,7.44,1.65
1743705446.419348,2c08d2cc-7a1c-9d34-25ea-6265acb43d72,bdf91e2c-5b2c-d9e0-a0e2-eccbb7f165ea,12,-76.0,-63.0,-84.0,-75.0,-61.0,-57.0,-61.0,-3.0254721721596134,-2.669339357492113,-2.9823342888225093,-1.9858511811062363,-2.441516907407209,-2.847140534348736,-2.2022566132088093,0.6900617234835464,0.17885843144193964,0.4493829674729476,1.3168930784697774,0.21588345326478597,0.3183039901224603,0.5032163483755813,-7.553380966186523,5.85167694091797,1.6013729572296143,-8.64,7.44,1.65
1743705447.431432,2c08d2cc-7a1c-9d34-25ea-6265acb43d72,6313aa2a-82da-8715-f795-bd4d5ab29e7d,24,-76.0,-61.0,-84.0,-73.0,nan,nan,-63.0,-3.0248873419842317,-2.7006083307990605,-2.9538882662710466,-1.9431267535283676,nan,nan,-2.306749063046866,0.7272667497022259,0.130648757545862,0.5129125421187333,1.3753472007100902,nan,nan,0.35622941130118585,nan,nan,nan,-8.64,7.44,1.65
1743705448.429963,2c08d2cc-7a1c-9d34-25ea-6265acb43d72,c1b5644a-90d9-78ab-01df-60e5d794c211,36,-80.0,-61.0,-77.0,-74.0,-54.0,-55.0,-60.0,-3.0856801191357976,-2.711956060203888,-2.991805554923267,-2.006181752867901,-2.4270855432262413,-2.7903602039322357,-2.3672329296392554,0.8753219947118732,0.09501949045466877,0.7973473677344702,1.3910617153543208,0.2822363423846908,0.32930600184569603,0.2946132825515736,-7.73004674911499,5.927915573120117,1.6223787069320679,-8.64,7.44,1.65
1743705449.427949,2c08d2cc-7a1c-9d34-25ea-6265acb43d72,836b4a09-6eca-e261-868f-526999152322,19,-73.0,-63.0,-89.0,-71.0,nan,nan,nan,-3.0786618907151118,-2.6883388813409566,-3.0450448082750414,-1.9887656114451646,nan,nan,nan,0.7557029851366833,0.10272393226448394,0.8117411542151034,1.3249058643995535,nan,nan,nan,nan,nan,nan,-8.64,7.44,1.65
1743705450.431706,2c08d2cc-7a1c-9d34-25ea-6265acb43d72,0ca99dbd-4fc0-4a52-fa1b-48a11097de8b,7,-81.0,-60.0,nan,-78.0,-65.0,-57.0,-64.0,-3.0835229586528334,-2.650814675265631,nan,-1.893222843125809,-2.4010842911598163,3.0865435279703464,-2.4771011206248374,0.6878438429277285,0.12125261755497965,nan,1.348542617496497,0.23538571970124683,0.3137140064324021,0.488133992429984,-7.86671543121338,5.928980827331543,1.727368950843811,-8.64,7.44,1.65
1743705451.418609,2c08d2cc-7a1c-9d34-25ea-6265acb43d72,e8df333c-fc54-dfc3-9330-44b55fb9d4bf,3,-84.0,-61.0,nan,-77.0,nan,nan,nan,-3.036223619796372,-2.669007527620289,nan,-1.9552839507465247,nan,nan,nan,0.7120342672152997,0.13461211549200996,nan,1.3526280397667334,nan,nan,nan,nan,nan,nan,-8.64,7.44,1.65
1743705452.419625,2c08d2cc-7a1c-9d34-25ea-6265acb43d72,2f401a23-7cd1-6d3b-71e1-3bae84303bf9,28,-78.0,-60.0,nan,-71.0,nan,nan,-66.0,-2.948193362596021,-2.6842820880524387,nan,-2.0087141527484578,nan,nan,-2.389742618151856,0.8134949123719478,0.13518327199966948,nan,1.3778158178825393,nan,nan,0.39908236509574974,nan,nan,nan,-8.64,7.44,1.65
1743705453.429312,2c08d2cc-7a1c-9d34-25ea-6265acb43d72,b18a03df-89cc-8101-6c0e-6911974602e1,22,-75.0,-62.0,nan,-73.0,-55.0,-54.0,-66.0,-2.957440124216885,-2.6478814696410176,nan,-1.9121310205492623,-2.4565811054265545,-2.8697458692717133,-2.3708465316846534,0.7707975158791434,0.1037741664851135,nan,1.3422314583452275,0.2324805495292073,0.2694955626103239,0.2821142610957634,-7.99854040145874,5.93242597579956,1.8855485916137695,-8.64,7.44,1.65
1743705454.428636,2c08d2cc-7a1c-9d34-25ea-6265acb43d72,a5096d35-1ab4-1b01-69cc-3e474b18d06c,8,-77.0,-60.0,nan,-75.0,nan,-57.0,-61.0,-2.984296772229789,-2.6524895372751818,nan,-1.8973073332896633,nan,3.0326854048571787,-2.5065721793205626,0.7444027931573135,0.12570373345477562,nan,1.2481928434095488,nan,0.2776822120850482,0.46609024941250066,nan,nan,nan,-8.64,7.44,1.65
1743705455.424855,2c08d2cc-7a1c-9d34-25ea-6265acb43d72,4e16b1fa-2a09-291f-a642-3f79f12ccc29,17,-74.0,-64.0,-88.0,-73.0,-62.0,-58.0,-65.0,-3.045336957046623,-2.661406599553094,3.1048857716530125,-1.9524968195077024,-2.512042800229853,2.74542872979979,-2.425527966856916,0.69874422784845,0.125461111157091,0.7273564316519344,1.207741024347899,0.22775277628386165,0.2423378733199026,0.4107725766110523,-8.06923484802246,5.890511989593506,1.2643436193466187,-8.64,7.44,1.65
1743705456.432007,2c08d2cc-7a1c-9d34-25ea-6265acb43d72,b19dbcfc-535b-886d-d334-17dc7cc7ac29,18,-74.0,-63.0,-90.0,-72.0,nan,nan,nan,-3.123891953404581,-2.6870693524493157,3.0710641584412244,-1.9462366598913077,nan,nan,nan,0.591245797026429,0.1269390573711657,0.6961736781852783,1.268899320359078,nan,nan,nan,nan,nan,nan,-8.64,7.44,1.65
1743705457.429654,2c08d2cc-7a1c-9d34-25ea-6265acb43d72,b676df4c-37a0-cbc0-7445-f1c4dd7dd72d,17,-74.0,-64.0,-88.0,-73.0,-61.0,-58.0,-65.0,-3.13208250533712,-2.657053929067468,2.953613960678768,-1.9764293166436997,-2.5143446453450657,2.6206133111603007,-2.3769184149494693,0.4784279349535697,0.10593457269565623,0.7120836688535206,1.2276032792318734,0.21363345767176242,0.2283475083923598,0.3805010342064631,-8.10271167755127,5.862900733947754,1.099380612373352,-8.64,7.44,1.65
1743705458.431218,2c08d2cc-7a1c-9d34-25ea-6265acb43d72,afb496b0-5646-6bc1-4b7b-53da6cc61932,28,-80.0,-60.0,-80.0,-71.0,-54.0,-57.0,-65.0,-3.13211472958631,-2.6642101092326205,3.035174334326881,-1.9323244395147883,-2.5095803970571757,3.0838313905079886,-2.3377829456934744,0.4990641710293485,0.10387198772090347,0.7333950162656345,1.3926751915007454,0.241847616376613,0.43569334974872365,0.32636745951226936,-8.11142826080322,5.842262268066406,1.0320020914077759,-8.64,7.44,1.65
1743705459.417859,2c08d2cc-7a1c-9d34-25ea-6265acb43d72,edf40984-c13f-d63a-ab0e-76401587cee9,7,-80.0,-60.0,-80.0,-78.0,-66.0,-56.0,-62.0,-3.04240907774419,-2.6524879393785272,3.086028993238598,-1.8587615386201837,-2.441516907407209,2.8454195803649998,-2.3916742655761936,0.5554467867052567,0.10347237207695867,0.7355320033033415,1.3860508446052826,0.21588345326478597,0.3350017928379274,0.4886407861797112,-8.10074806213379,5.774499416351318,0.686545431613922,-8.64,7.44,1.65
1743705460.419168,2c08d2cc-7a1c-9d34-25ea-6265acb43d72,c2a7163e-ebb7-1900-253a-a0922fde213e,1,-83.0,-61.0,-72.0,-70.0,-58.0,-53.0,-63.0,-2.998143079369329,-2.685511935843837,3.1410163455299003,-1.821434406465524,-2.4063967553456465,2.8270426003204006,-2.108178543843256,0.5013780918319775,0.14793010972792706,0.6892854786048156,1.348618118113401,0.20955653115050962,0.3332071852938201,0.7253721465228606,-8.0916109085083,5.6891937255859375,0.842915952205658,-8.64,7.44,1.65
1743705461.426662,2c08d2cc-7a1c-9d34-25ea-6265acb43d72,1d5cee93-7533-f767-208a-3e3c30c6acfb,8,-78.0,-60.0,-79.0,-76.0,-64.0,-57.0,-61.0,-2.9591972779041193,-2.6736028120812207,-3.0059964751078634,-1.8261861516404978,-2.3912873662033705,2.705864803799215,-2.305259688915216,0.5107046484170031,0.13322880304279555,0.6756117443039127,1.3232441850373984,0.19354614957854466,0.27037708660949644,0.6567837544565845,-8.082242012023926,5.592895030975342,1.1076282262802124,-8.64,7.44,1.65
1743705462.429335,2c08d2cc-7a1c-9d34-25ea-6265acb43d72,5df27f1f-b4b4-740e-e74c-dad10c00c55a,17,-75.0,-64.0,-89.0,-73.0,-60.0,-59.0,-65.0,-3.049066980469388,-2.660909920009794,-3.1086735856714327,-1.8117713927662806,-2.4967028026799016,2.582939434026116,-2.310712711566713,0.5387989339674942,0.17482632232777562,0.6778787601818427,1.2744984833929154,0.21095007257316042,0.23852261592141116,0.5148495139379403,-8.05469799041748,5.4629316329956055,1.2032279968261719,-8.64,7.44,1.65
1743705463.426386,2c08d2cc-7a1c-9d34-25ea-6265acb43d72,43a6fbc3-6131-299d-9d3d-c6c4d635b60f,25,-77.0,-60.0,-86.0,-71.0,-54.0,-55.0,-61.0,-2.9856158359177054,-2.6687489346784425,-3.0147164634651102,-1.7672499972428808,-2.5143446453450657,3.0842880057071507,-1.3340882143901311,0.7241742870444259,0.15258020537304398,0.8128756608394772,1.3516581164977264,0.21363345767176242,0.41826893290045414,0.7932102870561948,-8.02276134490967,5.30077838897705,1.3470567464828491,-8.64,7.44,1.65
1743705464.429346,2c08d2cc-7a1c-9d34-25ea-6265acb43d72,aa602985-7181-3914-87ae-cd0af03f6c13,1,nan,-61.0,-72.0,-69.0,-60.0,-53.0,-61.0,nan,-2.667794724059867,-2.9212131439085374,-1.6889338864347025,-1.7037968480660255,2.9549198590697325,-1.5901767608457265,nan,0.17567384005517972,0.7133607877542683,1.304452254595527,0.9005906843859173,0.36069386575260365,0.8375889051781281,-7.99958848953247,5.171887397766113,1.2217375040054321,-8.64,7.44,1.65
1743705465.41941,2c08d2cc-7a1c-9d34-25ea-6265acb43d72,6b869070-8227-a721-68cc-430582f9ba20,4,-82.0,-60.0,-80.0,-79.0,-62.0,-54.0,-65.0,-2.9599663988269342,-2.6604454647156843,-2.831798841889672,-1.6150352940846935,-2.217304759395112,2.7942256877572924,-1.7820349119499854,0.6679046226882507,0.2082825997722755,0.6343977285382825,1.2734948711361187,0.6060027455670415,0.2965068830145659,0.8715684397523814,-7.95443344116211,5.04187822341919,1.0885740518569946,-8.64,7.44,1.65
1743705466.422519,2c08d2cc-7a1c-9d34-25ea-6265acb43d72,a45b7602-0d00-01ba-79a1-289ae56369f2,33,-81.0,-60.0,-76.0,-78.0,-55.0,-58.0,-63.0,-2.9580683639180347,-2.6816170627495963,-2.8717694277423442,-1.5891224703621134,-2.3614983416541273,-3.1228979263718406,-2.097038448479878,0.6754990925898023,0.15270700513044538,0.7991916067893503,1.4593068161842553,0.4180090237563268,0.3664606792588023,0.8455448410742525,-7.913723468780518,4.969196796417236,1.6250669956207275,-8.64,7.44,1.65
1743705467.420338,2c08d2cc-7a1c-9d34-25ea-6265acb43d72,b31a68e0-0d42-0bc0-50fd-25eb098ccbcd,3,-84.0,-60.0,-76.0,nan,-62.0,-54.0,-63.0,-2.9213188714038134,-2.694811161738176,-2.7653974474823992,nan,-2.3634390046047336,2.9399857147583215,-1.9834298613796006,0.6517938296738163,0.18080423680289243,0.4710718845486074,nan,0.3070671024916124,0.3081953185230323,0.8337960202194719,-7.832809925079346,4.9108476638793945,1.6613343954086304,-8.64,7.44,1.65
1743705468.426054,2c08d2cc-7a1c-9d34-25ea-6265acb43d72,f004dfd1-d6b2-9285-ce24-5762b9a075a2,4,-82.0,-60.0,-81.0,nan,-62.0,-54.0,nan,-2.9389655094188964,-2.700761995193958,-2.778141738562864,nan,-2.3806297245416226,2.797628083431173,nan,0.7135149847813836,0.12668017314607474,0.28057154426992725,nan,0.2443691746417345,0.2636645892290851,nan,-7.767855167388916,4.845816612243652,1.6235053539276123,-8.64,7.44,1.65
1743705469.430893,2c08d2cc-7a1c-9d34-25ea-6265acb43d72,8a1989a4-6d3b-dac2-a1da-de2f07610676,11,-74.0,-62.0,nan,nan,-62.0,-58.0,-60.0,-2.9407903073978185,-2.7037790903929086,nan,nan,-2.3862928180409146,-3.0326854048571787,-2.1763418672828605,0.7570095985465034,0.16614035585345494,nan,nan,0.21902141434409605,0.2776822120850482,0.6469278571798626,-7.7095947265625,4.812514305114746,1.8095619678497314,-8.64,7.44,1.65
1743705470.426977,2c08d2cc-7a1c-9d34-25ea-6265acb43d72,fa3e8205-2db2-c85b-1a75-219fbdfee429,7,-79.0,-60.0,nan,nan,-67.0,-57.0,-62.0,-2.954010239048972,-2.684897810896465,nan,nan,-2.3713728376801697,2.924990131252794,-2.3423295001839315,0.7170093184476768,0.17081553514708905,nan,nan,0.20297934429046777,0.25594860786279566,0.6760062651365593,-7.65128517150879,4.769440650939941,1.246737003326416,-8.64,7.44,1.65
1743705471.432587,2c08d2cc-7a1c-9d34-25ea-6265acb43d72,c5ed0744-9b2c-7d02-3d24-d68ba263b4b3,36,-79.0,-60.0,nan,nan,nan,-56.0,-59.0,-2.9503326798996814,-2.709290235952719,nan,nan,nan,-3.030206017654608,-2.3736305159348414,0.8078394234810556,0.19656284340792063,nan,nan,nan,0.3470727050458843,0.48158118373733977,nan,nan,nan,-8.64,7.44,1.65
1743705472.420515,2c08d2cc-7a1c-9d34-25ea-6265acb43d72,29befa15-09dd-e4d4-c549-69996e581577,21,-73.0,-63.0,nan,-73.0,-56.0,-55.0,-73.0,-2.9545383438931347,-2.655521546176237,nan,-1.9305807347910586,-2.494376004303801,-2.8086890962440574,-2.341943239906031,0.7674698960970894,0.14205932090765871,nan,1.0809007868979321,0.22488607283792675,0.3313083297448314,0.31422912082428944,-7.618287086486816,4.763579368591309,0.9311232566833496,-8.64,7.44,1.65
1743705473.423705,2c08d2cc-7a1c-9d34-25ea-6265acb43d72,1aa26f41-8a13-9047-641f-fb062d2b19e6,7,-80.0,-60.0,nan,-77.0,nan,-56.0,-62.0,-2.9941155808528017,-2.6581556788104344,nan,-1.816737389250951,nan,3.068199316659628,-2.428166230396552,0.8079803712817479,0.12015613587754519,nan,0.8191656478600807,nan,0.31336787900486424,0.5023488124153102,nan,nan,nan,-8.64,7.44,1.65
1743705474.431744,2c08d2cc-7a1c-9d34-25ea-6265acb43d72,2aa63a35-9482-2e91-1102-b69620621fe4,30,-79.0,-61.0,-77.0,-75.0,-53.0,-58.0,-72.0,-2.983860013811016,-2.670247229107721,-2.7624820850370893,-1.9429544470058397,-2.461480794511486,-2.9601765920199687,-2.075411868620731,0.8091726019227492,0.13528125136064917,0.5468416138805062,1.3941025126869735,0.2053932815715016,0.2748990773313608,0.6775582051485171,-7.6067728996276855,4.7883100509643555,0.7428900599479675,-8.64,7.44,1.65
1743705475.429145,2c08d2cc-7a1c-9d34-25ea-6265acb43d72,930e4a43-90f4-5343-b781-8f686d57ad69,0,nan,-60.0,-72.0,-69.0,-59.0,-53.0,-61.0,nan,-2.6489616477791538,-2.78765641418939,-2.017460373242441,-2.408804152588739,3.1046765045164375,-1.9650557250490215,nan,0.09239987204841234,0.43303565246420056,1.3245689745216584,0.19659719634663658,0.3314028104054815,0.7601523747339035,-7.591224193572998,4.80840539932251,0.4582330882549286,-8.64,7.44,1.65
1743705476.426065,2c08d2cc-7a1c-9d34-25ea-6265acb43d72,7df92fbd-fff4-6355-0c0f-471c8ee483ff,28,-80.0,-60.0,-80.0,-71.0,-54.0,-58.0,-64.0,-3.0150773217928157,-2.674190571733801,-2.7610799307231626,-1.8898029448119837,-2.4439009458015954,-2.965671218055034,-2.2266918480002578,0.9082182926029132,0.08437118205350161,0.6015710057307205,1.4502596584870926,0.202521746209891,0.4649757469036154,0.502174009311346,-7.5876264572143555,4.89216709136963,0.45109403133392334,-8.64,7.44,1.65
1743705477.431898,2c08d2cc-7a1c-9d34-25ea-6265acb43d72,98aa9046-10d2-d274-59dd-3be523133907,13,-74.0,-64.0,-83.0,-77.0,-58.0,-57.0,-61.0,-2.9632703164752865,-2.659517353075792,-2.7446452973201745,-2.1214805159437375,-2.3912873662033705,-2.6419985018409355,-2.2146052884670335,0.7974708718300227,0.09313140911034347,0.7314624934206185,1.436717084869876,0.19354614957854466,0.32499936186879014,0.4524415002630904,-7.594627857208252,4.978623867034912,0.3836461901664734,-8.64,7.44,1.65
1743705478.429314,2c08d2cc-7a1c-9d34-25ea-6265acb43d72,40bf01d4-15a7-2c2b-45c6-482559f7ce45,33,-80.0,-61.0,-76.0,-78.0,-54.0,-57.0,-63.0,-3.041063116129264,-2.666323061241489,-2.798327700677338,-2.671735403524857,-2.408804152588739,-2.6419985018409355,-2.2279137086734875,0.7653558788237843,0.10738206732714155,0.8476948941956091,1.468576880464658,0.19659719634663658,0.32499936186879014,0.5640031836388151,-7.60472822189331,5.056545734405518,0.29872146248817444,-8.64,7.44,1.65
1743705479.421078,2c08d2cc-7a1c-9d34-25ea-6265acb43d72,9dae1f09-e9ba-6572-e643-ca9c80907edf,3,-80.0,-61.0,-75.0,-76.0,-61.0,-54.0,-63.0,-3.0155239339076223,-2.668334813128935,-2.760826930419605,-3.0259321000798702,-2.373791714864879,-3.0865435279703464,-2.09276902937724,0.7396617672057272,0.15393423969502434,0.6677317169544773,1.4383926126696995,0.19043725859310148,0.3137140064324021,0.7123282635107242,-7.663076877593994,5.13971185684204,0.3427540063858032,-8.64,7.44,1.65
1743705480.431394,2c08d2cc-7a1c-9d34-25ea-6265acb43d72,5ebb1cd2-6006-b210-d708-ac6fa120870c,14,-74.0,-64.0,-80.0,-75.0,-59.0,-57.0,-63.0,-3.0813450255133668,-2.672285878922177,-2.788047632553523,-2.4988248760615006,-2.3912873662033705,-2.77963629914806,-2.194384443978889,0.6856832869143744,0.12491287447956295,0.7675233590559726,1.412123191677158,0.19354614957854466,0.2620016284723782,0.5438679928897621,nan,nan,nan,-8.64,7.44,1.65
1743705481.420827,2c08d2cc-7a1c-9d34-25ea-6265acb43d72,a09f38bf-de07-d36e-98a1-8bd4ad3ff1d1,7,-80.0,-60.0,-81.0,-77.0,-66.0,-56.0,-62.0,-3.0845866251922107,-2.7003995389695983,-2.7914623377032224,-2.7000533280278876,-2.3912873662033705,3.087126792550751,-2.2871400775456396,0.6686680178147218,0.1851692909875868,0.6495345369630476,1.3861822716050776,0.19354614957854466,0.27885972788940777,0.6469278571851318,nan,nan,nan,-8.64,7.44,1.65
1743705482.428849,2c08d2cc-7a1c-9d34-25ea-6265acb43d72,0b9d386d-783a-7a1b-b065-636b73fe9661,25,-76.0,-60.0,-86.0,-71.0,-54.0,-55.0,-61.0,-3.0309700019139725,-2.70603638573286,-2.9605320542424667,-2.348904353024362,-2.4439009458015954,-2.9129878812271306,-1.246346554557041,0.7517748891078436,0.1639152514731801,0.716536141300997,1.3775680107431074,0.202521746209891,0.4091705352903053,0.8063018531106181,nan,nan,nan,-8.64,7.44,1.65
1743705483.4286,2c08d2cc-7a1c-9d34-25ea-6265acb43d72,986b265c-5b39-abe5-e87c-f013f3163fb9,19,-74.0,-63.0,-90.0,-72.0,-57.0,-56.0,-69.0,-3.038003144036763,-2.6783544240981403,-2.965841864823867,-2.061712789495743,-2.5496890175822196,2.9572234196977596,-1.9802239571815077,0.6988136031948465,0.13317751222467633,0.5789328714635292,1.2720603594149476,0.21880566124678832,0.326386126714877,0.7533257754511615,nan,nan,nan,-8.64,7.44,1.65
1743705484.43179,2c08d2cc-7a1c-9d34-25ea-6265acb43d72,c035f2ed-4507-7bcc-3e4a-cb1041af762a,32,-82.0,-61.0,-76.0,-79.0,-54.0,-58.0,-66.0,-3.0300509450217863,-2.6582060125550364,-2.969474416550735,-2.084505453685186,-2.4790814618576147,-2.9948810388490705,-2.051417782928845,0.7006750862177847,0.1644841526162915,0.6980165190805859,1.3910875480168943,0.20820303828000894,0.3109987867287415,0.7157160522978145,nan,nan,nan,-8.64,7.44,1.65
1743705485.421254,2c08d2cc-7a1c-9d34-25ea-6265acb43d72,cdbc3d11-ab29-0cc0-694a-a8b4eb8b7425,36,-79.0,-60.0,-77.0,-73.0,nan,-56.0,nan,-2.879311233633339,-2.6725359497485353,-3.078256823913311,-2.2150757145579183,nan,-2.828856479225696,nan,0.8309899499419782,0.16903444629955766,0.6125899678989779,1.438293676235203,nan,0.31660528918560726,nan,nan,nan,nan,-8.64,7.44,1.65
1743705486.421103,2c08d2cc-7a1c-9d34-25ea-6265acb43d72,ece6dc97-8ff6-7f31-95a8-b77efcdb3a73,0,nan,-60.0,-72.0,-69.0,-60.0,-53.0,-64.0,nan,-2.6711841291792107,-2.978877505727587,-2.3654963792477735,-2.4263420344126816,-3.104447839688956,-1.9177499866347725,nan,0.1804735054850182,0.5085647319020972,1.453648664132273,0.19958939241581453,0.3488441385443286,0.7791251913577404,nan,nan,nan,-8.64,7.44,1.65
1743705487.432348,2c08d2cc-7a1c-9d34-25ea-6265acb43d72,549abc28-9374-1bcb-131e-647c915db869,17,-74.0,-64.0,-86.0,-73.0,-61.0,-57.0,-65.0,-3.112827584339738,-2.664096125937965,-3.0355224094813544,-2.2618360296097473,-2.4790814618576147,2.8684056751750373,-2.1974161271042862,0.7151058906375698,0.1676709244661939,0.5452709147590912,1.4239577469292521,0.20820303828000894,0.28630480246559975,0.6267548653511337,nan,nan,nan,-8.64,7.44,1.65
1743705488.421056,2c08d2cc-7a1c-9d34-25ea-6265acb43d72,b68ca883-20aa-2043-ddd1-dfc442e9f163,2,nan,-59.0,nan,-73.0,nan,nan,nan,nan,-2.655144708881991,nan,-2.191003135148583,nan,nan,nan,nan,0.20365419224528591,nan,1.434943819058047,nan,nan,nan,nan,nan,nan,-8.64,7.44,1.65
1743705489.424443,2c08d2cc-7a1c-9d34-25ea-6265acb43d72,c45839c6-88c7-bcee-367e-cc55ed49e0c6,0,nan,-60.0,-72.0,-69.0,nan,nan,-61.0,nan,-2.669710868464179,-2.941530133548643,-2.153443908504923,nan,nan,-2.008433307326137,nan,0.19489394022130885,0.4056623511998211,1.4249352602073653,nan,nan,0.7607453481443065,nan,nan,nan,-8.64,7.44,1.65
1743705490.42045,2c08d2cc-7a1c-9d34-25ea-6265acb43d72,dad5a05c-c627-b87a-4a82-2bb90252b6ea,33,-82.0,-61.0,-76.0,-77.0,-54.0,-57.0,nan,-3.0989272150300695,-2.6716528455310646,-2.968996645451175,-2.1150785429992958,-2.4439009458015954,-3.0673149975692167,nan,0.703213278473712,0.1887023570029836,0.44153399923972514,1.5101624072023538,0.202521746209891,0.3481793801284784,nan,nan,nan,nan,-8.64,7.44,1.65
1743705521.423141,2c08d2cc-7a1c-9d34-25ea-6265acb43d72,fb723d43-a9c0-23a2-6be0-10a52a9636c1,32,-82.0,-61.0,-77.0,-78.0,-54.0,-56.0,-66.0,-3.0006813382042834,-2.6994706283813787,-2.8573396220079674,-1.9634406805332196,-2.461480794511486,-2.629431776582135,-2.17792830117192,0.705405792420147,0.10803474153129271,1.0104691642340151,1.4253585696626339,0.2053932815715016,0.3860754324450402,0.5336161290224654,nan,nan,nan,-8.64,7.44,1.65
1743705522.423979,2c08d2cc-7a1c-9d34-25ea-6265acb43d72,ce301437-628b-fc3d-73f2-9ce3abf00a79,24,-75.0,-61.0,-81.0,-72.0,-56.0,-55.0,-63.0,-3.014061059520842,-2.6887492744649375,-2.8971541466207613,-1.902936190569655,-2.4967028026799016,-2.619665388514949,-1.3192065941395772,0.7835091832362551,0.05521400394482462,0.8164462940710008,1.4081910343276556,0.21095007257316042,0.49642858902705955,0.7149489922122749,nan,nan,nan,-8.64,7.44,1.65
1743705523.431871,2c08d2cc-7a1c-9d34-25ea-6265acb43d72,373b5e18-1634-7a5b-cf9f-3a1a9c018d05,33,-83.0,-61.0,-75.0,-78.0,-54.0,-56.0,-64.0,-3.0114807227406635,-2.6558749476528902,-2.914358167262673,-1.9288661916812657,-2.461480794511486,-2.666724187723561,-1.7258941213015588,0.6873210644057459,0.09612325421320891,0.817787528574992,1.4658917482955853,0.2053932815715016,0.47436395987682456,0.719441929784238,nan,nan,nan,-8.64,7.44,1.65
1743705524.422474,2c08d2cc-7a1c-9d34-25ea-6265acb43d72,3ea523ea-e459-bc17-9cdf-b2582d230bcc,26,-77.0,-60.0,-83.0,-70.0,-56.0,-55.0,-61.0,-2.958671303588829,-2.6578928248108435,-2.9366339118845315,-1.7879048088672629,-2.4967028026799016,-2.7033696829642846,-2.14447574191921,0.7979936503520052,0.09949802859131417,0.7080355308385458,1.4693413408555651,0.21095007257316042,0.5650756813915012,0.5424452603466988,nan,nan,nan,-8.64,7.44,1.65
1743705525.430352,2c08d2cc-7a1c-9d34-25ea-6265acb43d72,8348ed49-3512-ad32-54c6-00f8a79379c0,11,-73.0,-62.0,-78.0,-76.0,-62.0,-58.0,-60.0,-2.9832038109184205,-2.661734700999392,-2.966006448179234,-1.7830796936042572,-2.4263420344126816,-2.629431776582135,-2.207711895253969,0.8607934522800821,0.09777087707823529,0.6955702724612937,1.3671141713581647,0.19958939241581453,0.3860754324450402,0.4628698298942607,nan,nan,nan,-8.64,7.44,1.65
1743705526.429845,2c08d2cc-7a1c-9d34-25ea-6265acb43d72,9c8f6d3a-3a1a-2e46-1580-eb4b96a065e7,0,nan,-60.0,-72.0,-69.0,-61.0,-53.0,-61.0,nan,-2.6619877013029494,-2.911710452506916,-1.8259150418415275,-2.3912873662033705,-3.0475116543316503,-2.009724299964103,nan,0.12647768967944467,0.39734766267097105,1.345849495844155,0.19354614957854466,0.3824354703104212,0.6742840767375223,nan,nan,nan,-8.64,7.44,1.65
1743705527.422361,2c08d2cc-7a1c-9d34-25ea-6265acb43d72,b2a1ba8e-dece-5305-f3f0-2a3d9302ec1b,2,-83.0,-61.0,-74.0,-72.0,-61.0,-53.0,-61.0,-2.946011701031028,-2.6875007845459082,-2.8267175305298005,-1.7212530773175223,-1.737004149570938,2.975622906339779,-1.9066950796268611,0.7910914025967924,0.18830774310846113,0.2730631444058555,1.3144114118079875,0.8071939002605292,0.3273763904370503,0.7635752551608092,nan,nan,nan,-8.64,7.44,1.65
1743705528.432777,2c08d2cc-7a1c-9d34-25ea-6265acb43d72,bd2788dc-5fdb-77e4-5f9e-84ec9070e762,14,-74.0,-64.0,nan,-75.0,-61.0,-58.0,-61.0,-2.98746140655313,-2.702456298279466,nan,-1.6765360726120566,-2.2098956681891333,-2.8865500813208937,-2.1168785469101667,0.789636983746473,0.14699482419784804,nan,1.3060458901918304,0.5850777858481406,0.2876369134583918,0.5702600266971483,nan,nan,nan,-8.64,7.44,1.65
1743705529.428306,2c08d2cc-7a1c-9d34-25ea-6265acb43d72,4131975a-3f67-55f4-f4df-d2030d439bdb,25,-75.0,-60.0,nan,-72.0,-54.0,-55.0,-60.0,-2.9697553800457386,-2.70039634317629,nan,-1.6862725895573865,-2.415125874064215,-2.8110515516231254,-2.3032599776510425,0.77596930813705,0.16702980172327095,nan,1.3347995078491979,0.4369879081898923,0.44909813333097764,0.40968866224152034,nan,nan,nan,-8.64,7.44,1.65
1743705530.422211,2c08d2cc-7a1c-9d34-25ea-6265acb43d72,2fc9538a-55f0-b2eb-6089-203e8035670e,3,-81.0,-60.0,nan,nan,-62.0,-54.0,-64.0,-2.9792064061222114,-2.6924143167571044,nan,nan,-1.6095367519938863,3.0481525066319666,-2.149138557149768,0.7251763679835954,0.20388681936650432,nan,nan,0.837081739760118,0.3650588331861452,0.6450229693019455,nan,nan,nan,-8.64,7.44,1.65
1743705531.432925,2c08d2cc-7a1c-9d34-25ea-6265acb43d72,b8843883-ddd7-cad8-6a98-7268c1dff159,26,-77.0,-60.0,nan,nan,-55.0,-54.0,-60.0,-2.9965587648368412,-2.690381259580938,nan,nan,-2.266597744666553,-3.003416684792823,-2.2975196969487004,0.8076222426941595,0.16134751477390977,nan,nan,0.669579533422818,0.4847330659660341,0.4213226574205145,nan,nan,nan,-8.64,7.44,1.65
1743705532.432674,2c08d2cc-7a1c-9d34-25ea-6265acb43d72,8011fe58-307d-e053-25ae-9d8d99a64921,29,-78.0,-60.0,nan,nan,-53.0,-56.0,-66.0,-2.998371312274749,-2.6522498527770746,nan,nan,-2.391603445410223,-2.8757990541141214,-2.207711895253969,0.824199688110603,0.17674822581794494,nan,nan,0.4435862851322246,0.5425686749349075,0.4628698298942607,nan,nan,nan,-8.64,7.44,1.65
1743705533.427825,2c08d2cc-7a1c-9d34-25ea-6265acb43d72,075b78ed-d9ab-f768-9b39-2fa1c62415bd,5,nan,-59.0,nan,nan,nan,nan,nan,nan,-2.6649350216813397,nan,nan,nan,nan,nan,nan,0.18022598130645215,nan,nan,nan,nan,nan,nan,nan,nan,-8.64,7.44,1.65
1743705534.428799,2c08d2cc-7a1c-9d34-25ea-6265acb43d72,b3930bde-0257-e864-1c32-75a9bf7fcab6,7,-78.0,-60.0,-81.0,nan,-64.0,-57.0,-62.0,-2.948336640662667,-2.659741324923467,2.9708121223662816,nan,-2.3634390046047336,2.969925731791796,-2.3512129864626403,0.8339541813932908,0.20657516397364167,0.5352479415490099,nan,0.3070671024916124,0.4134041618796359,0.5967902242193006,nan,nan,nan,-8.64,7.44,1.65
1743705535.423374,2c08d2cc-7a1c-9d34-25ea-6265acb43d72,6d42f076-0b45-fa5b-fe86-eb9ea5d30412,12,-74.0,-63.0,-80.0,nan,-62.0,-58.0,-61.0,-2.982558260670185,-2.6707026296541243,2.901282312626493,nan,-2.3775426119685887,-2.8654444683554416,-2.282851226567148,0.8246107470248567,0.1784528320079206,0.5365815860438943,nan,0.25698993990212693,0.31990321630960195,0.4866599042370066,nan,nan,nan,-8.64,7.44,1.65
1743705536.432236,2c08d2cc-7a1c-9d34-25ea-6265acb43d72,017b881b-24e4-d117-598b-99363ba53f91,36,-79.0,-61.0,-77.0,-74.0,-52.0,-56.0,-60.0,-3.0158003700287725,-2.679529677087192,-2.997363305802154,-1.559423297359713,-2.3631183711609456,-2.8105933543659054,-2.1979080686822488,0.8110972684425494,0.18596670799698375,0.694265656422291,1.4478605498190948,0.2404147567047194,0.31480779198642955,0.4436018497751216,nan,nan,nan,-8.64,7.44,1.65
1743705537.422632,2c08d2cc-7a1c-9d34-25ea-6265acb43d72,fe910f58-c232-6427-bb82-9485b73ee477,23,-75.0,-62.0,-83.0,-73.0,-54.0,-55.0,-62.0,-2.9973116404770064,-2.699521494758199,3.1209893741325043,-1.5366854942887256,-2.4742208300241515,-2.7314902907190777,-2.2298190400365794,0.820477587592081,0.1610847273533462,0.575236070975363,1.4263147776520266,0.23567401882138966,0.4536947247109436,0.3024339459997411,nan,nan,nan,-8.64,7.44,1.65
1743705538.423314,2c08d2cc-7a1c-9d34-25ea-6265acb43d72,6b8fc1d1-f22d-d2f8-083b-956acb3b2297,4,-80.0,-60.0,-81.0,-80.0,-61.0,-55.0,-63.0,-3.0399642958634976,-2.6682141719315546,3.0967753808692855,-1.7574184054466353,-2.4063967553456465,3.0481525066319666,-2.1580781608435347,0.8120596682814768,0.17620144555663803,0.6180444547065964,1.381036112272663,0.20955653115050962,0.3650588331861452,0.5836175104994754,nan,nan,nan,-8.64,7.44,1.65
1743705539.427868,2c08d2cc-7a1c-9d34-25ea-6265acb43d72,7217faed-ed6c-12a2-2e01-aea20ce44a0c,0,-93.0,-60.0,-73.0,-69.0,-62.0,-53.0,-60.0,-3.0181910897393367,-2.6255556575906653,-3.1043044035870486,-1.0526972451637204,-2.3888727449403135,2.936315954306113,-1.996310343433031,0.7132242341693743,0.13460344357371037,0.4095358857158277,1.376076374216554,0.20629867989440479,0.3594759422949745,0.724594076958273,nan,nan,nan,-8.64,7.44,1.65
1743705540.421291,2c08d2cc-7a1c-9d34-25ea-6265acb43d72,172707b3-fcd9-ec10-06b2-14c20fb26f6b,12,-74.0,-63.0,-79.0,-75.0,-62.0,-58.0,-59.0,-2.9846104926062007,-2.6509803238854337,3.1300521113220436,-1.6060179637917393,-2.3912873662033705,-2.9034498461546834,-2.1168785469101667,0.7243840775592969,0.16013900556074542,0.36948197621054957,1.3668372026047966,0.19354614957854466,0.30584273517357013,0.5702600266971483,nan,nan,nan,-8.64,7.44,1.65
1743705541.435785,2c08d2cc-7a1c-9d34-25ea-6265acb43d72,1ec1755c-586d-f722-cca4-d3f007afa478,30,-79.0,-61.0,-77.0,-74.0,-52.0,-56.0,-70.0,-2.961097443341891,-2.665680973102671,3.104817062096889,-1.9803130044613622,-2.408804152588739,-2.7998765543293445,-1.9347673189133978,0.7662954420563642,0.17683521131704963,0.423520743811079,1.4869637441047283,0.19659719634663658,0.39719098461848884,0.6098298075679246,nan,nan,nan,-8.64,7.44,1.65
1743705542.379991,2c08d2cc-7a1c-9d34-25ea-6265acb43d72,87a6a105-cfde-9a0a-a562-bf53af5c919d,24,-75.0,-61.0,-82.0,-72.0,-54.0,-55.0,-62.0,-2.9754284457998255,-2.6918404055421923,-2.948742506412795,-1.962804051874636,-2.489234513742728,-2.7437295394983225,-2.1324964092366256,0.7983363991842984,0.1689659531252722,0.42004568477317555,1.4932039300129474,0.25268025516194503,0.48911666643243196,0.4072047091804439,nan,nan,nan,-8.64,7.44,1.65
1743705543.428951,2c08d2cc-7a1c-9d34-25ea-6265acb43d72,4bc8dce4-e4b9-516f-efbd-24be1533e6fa,24,-75.0,-60.0,-82.0,-72.0,-53.0,-55.0,-64.0,-2.945606367913118,-2.683932415001311,-2.880681962646403,-1.3572366400331155,-2.5095803970571757,-2.7079611632143217,-2.212787405768527,0.7980119595844996,0.15177759519952133,0.5498710261994987,1.4675358507945455,0.241847616376613,0.5492545265507427,0.2961285545576916,nan,nan,nan,-8.64,7.44,1.65
1743705544.43307,2c08d2cc-7a1c-9d34-25ea-6265acb43d72,6e091c36-8cbd-4290-488c-f7c929dafba1,3,-79.0,-60.0,-78.0,-78.0,-61.0,-54.0,-62.0,-2.9349217656197197,-2.66491345007651,-2.7187404630808647,-1.307914896644848,-2.423944831855199,3.1033857144056216,-2.126321192137212,0.7404051886240228,0.16345008045452733,0.4472477780689765,1.4669828453941909,0.21275181238452862,0.41860781560427385,0.561125190161407,nan,nan,nan,-8.64,7.44,1.65
1743705545.428395,2c08d2cc-7a1c-9d34-25ea-6265acb43d72,39643c56-5d55-9e0c-636d-7fb70c7ce765,35,-82.0,-60.0,-76.0,-74.0,-54.0,-56.0,-61.0,-2.907115966994312,-2.683487400783159,-2.8424027504020404,-1.538525072811698,-2.4213826214484633,-2.9509234233608126,-2.1767446755257396,0.7831394033188974,0.18298295224592945,0.5719518607190773,1.4103302184732622,0.22588577192157872,0.41212509963186467,0.5640031836366075,nan,nan,nan,-8.64,7.44,1.65
1743705546.427836,2c08d2cc-7a1c-9d34-25ea-6265acb43d72,dc86a510-ba19-b8b1-858c-9779d9f17492,35,-81.0,-61.0,-77.0,-75.0,-54.0,-56.0,-61.0,-2.857785967806665,-2.675840666345214,-3.022907548029867,-2.588384320359775,-2.403824097326796,-2.854132162396952,-2.219575092385715,0.8282459619128149,0.15839688208891328,0.7201577074883686,1.4824289134005413,0.22248671693703098,0.42050103755905616,0.5435120867489115,nan,nan,nan,-8.64,7.44,1.65
1743705547.432639,2c08d2cc-7a1c-9d34-25ea-6265acb43d72,fec0ac08-9289-e398-b46e-ca8d3e683eb3,14,-73.0,-64.0,-80.0,nan,-61.0,-58.0,-62.0,-2.7904503364889925,-2.5920163394544256,-3.022297950456348,nan,-2.441516907407209,-2.6628339110749444,-2.2266918480002578,0.7659779932544268,0.18802153651506165,0.7307157430509603,nan,0.21588345326478597,0.3124654824063361,0.502174009311346,nan,nan,nan,-8.64,7.44,1.65
1743705548.377014,2c08d2cc-7a1c-9d34-25ea-6265acb43d72,fb2c795a-fcf6-5c1e-24be-69a43e7860b0,35,-83.0,-61.0,-77.0,nan,-54.0,-56.0,-62.0,-2.835569345361006,-2.5714567358390137,-3.098125869858065,nan,-2.423944831855199,-2.6783586392088914,-2.2853995257023123,0.8410317983062854,0.16994326666630405,0.8208304564365164,nan,0.21275181238452862,0.3307914407848161,0.4443586694780055,nan,nan,nan,-8.64,7.44,1.65
1743705549.423333,2c08d2cc-7a1c-9d34-25ea-6265acb43d72,375efb8e-d07e-8042-f593-8f3442428b5e,16,-75.0,-63.0,-84.0,nan,-61.0,-58.0,-63.0,-2.9275117862026834,-2.653136685420071,3.117655096447725,nan,-2.494376004303801,-2.578131079239787,-2.2975196969487004,0.6778229669570055,0.171475349951913,0.7891770558262162,nan,0.22488607283792675,0.2680787108489079,0.4213226574205145,nan,nan,nan,-8.64,7.44,1.65
1743705550.423864,2c08d2cc-7a1c-9d34-25ea-6265acb43d72,74308889-9fd2-408b-a943-20f84946ce42,7,nan,-60.0,nan,nan,nan,nan,nan,nan,-2.6467813177947055,nan,nan,nan,nan,nan,nan,0.13019874990066588,nan,nan,nan,nan,nan,nan,nan,nan,-8.64,7.44,1.65
1743705551.421498,2c08d2cc-7a1c-9d34-25ea-6265acb43d72,c3365267-ab5d-161e-d477-139dc16cc7d1,14,-74.0,-64.0,-81.0,nan,-60.0,-57.0,-63.0,-2.973940804014907,-2.6629682772163163,3.1230139091931823,nan,-2.4790814618576147,3.0689757419243264,-2.2458983095525893,0.7284183005575762,0.15600852593381656,0.7957144505120883,nan,0.20820303828000894,0.2785542528791285,0.39894676315430255,nan,nan,nan,-8.64,7.44,1.65
1743705552.423031,2c08d2cc-7a1c-9d34-25ea-6265acb43d72,4bf2e91b-4371-dad8-844e-4c92eea0805d,18,-76.0,-63.0,nan,nan,-61.0,-56.0,-65.0,-3.050725330880181,-2.691923496168203,nan,nan,-2.5496890175822196,2.833658255161195,-2.280200706964698,0.6553401615603931,0.19765850116989284,nan,nan,0.21880566124678832,0.266745372539505,0.41397280131264486,nan,nan,nan,-8.64,7.44,1.65
1743705553.428142,2c08d2cc-7a1c-9d34-25ea-6265acb43d72,1a78f22f-7d0a-367e-2c95-4fb9773cd50d,21,-74.0,-63.0,nan,-74.0,-56.0,-54.0,-71.0,-3.0235773330440217,-2.6904667470519295,nan,-1.679840789208736,-2.5673910720732493,-3.068199316659628,-2.254974985670361,0.661262698929593,0.2164615003750451,nan,1.3557577866797943,0.22129271582874568,0.31336787900486424,0.33698096355086815,nan,nan,nan,-8.64,7.44,1.65
1743705554.428297,2c08d2cc-7a1c-9d34-25ea-6265acb43d72,3ffeb63d-42b6-6bd4-84d7-abb70140bcf5,13,-75.0,-64.0,nan,-76.0,-61.0,-56.0,-62.0,-3.079273885133612,-2.6763709017182493,nan,-1.6723731523540992,-2.4967028026799016,2.777920867531424,-2.2175804376942554,0.7507873223966148,0.21237481310329123,nan,1.288794465282515,0.21095007257316042,0.2783188011515357,0.37302562754152624,nan,nan,nan,-8.64,7.44,1.65
1743705555.428173,2c08d2cc-7a1c-9d34-25ea-6265acb43d72,f909092e-1eca-246a-ed19-cdec2fc09bef,20,-74.0,-63.0,nan,-73.0,nan,nan,-72.0,-3.0891062758781844,-2.6834477196829165,nan,-1.702840780489042,nan,nan,-2.246917375469555,0.6755841140076032,0.16344986407268874,nan,1.2935273020137492,nan,nan,0.3086565388635803,nan,nan,nan,-8.64,7.44,1.65
1743705556.434285,2c08d2cc-7a1c-9d34-25ea-6265acb43d72,2c052fd0-24d6-3338-aabe-40fe6c4018f0,2,-79.0,-60.0,nan,-74.0,-61.0,-53.0,-59.0,-3.069640166206359,-2.6852924913700145,nan,-1.7018310429617385,-2.4263420344126816,2.743702658557895,-2.132496409227496,0.6152864185026831,0.17765641368393237,nan,1.2892597195249518,0.19958939241581453,0.2584336229520609,0.5817958088470427,nan,nan,nan,-8.64,7.44,1.65
1743705557.423498,2c08d2cc-7a1c-9d34-25ea-6265acb43d72,ba92348f-bc64-56ee-7682-3c0d21c930e2,33,-82.0,-61.0,-75.0,-76.0,-54.0,-56.0,-64.0,-3.0528816924148177,-2.6663949665909215,-3.0217024676366058,-1.6868321197024123,-2.408804152588739,-3.104204876699945,-2.0976797678562864,0.6487092899202593,0.22012099996319343,0.7495341719456783,1.4328364596874672,0.19659719634663658,0.3662853138480687,0.8006500616618969,nan,nan,nan,-8.64,7.44,1.65
1743705558.420413,2c08d2cc-7a1c-9d34-25ea-6265acb43d72,766250f9-8f42-b3df-80bb-730c893a53c1,6,nan,-59.0,-87.0,nan,-63.0,-55.0,-63.0,nan,-2.725903301148742,-2.929776005761469,nan,-2.373791714864879,2.8852033895741096,-2.1614307513941133,nan,0.247243198426292,0.8155679169644655,nan,0.19043725859310148,0.30452269910474433,0.8085234781429786,nan,nan,nan,-8.64,7.44,1.65
1743705559.420648,2c08d2cc-7a1c-9d34-25ea-6265acb43d72,ec213bf5-3ed1-b40b-cfb9-a8e78dd1adbe,31,-81.0,-61.0,-77.0,nan,-53.0,-57.0,-77.0,-3.043660497140418,-2.668426159554325,2.151809659701996,nan,-2.3912873662033705,-3.0481525066319666,-1.9177499866347725,0.706420989427685,0.2642966173085599,0.8776914091337166,nan,0.19354614957854466,0.3650588331861452,0.7791251913577404,nan,nan,nan,-8.64,7.44,1.65
1743705560.43195,2c08d2cc-7a1c-9d34-25ea-6265acb43d72,d5add531-ba60-fda4-070f-c861885c55ef,20,-74.0,-63.0,nan,nan,-56.0,-55.0,-69.0,-3.0403581773887205,-2.707202051341987,nan,nan,-2.5143446453450657,-2.8806170647261466,-2.14447574191921,0.6805736794679211,0.2275296977339553,nan,nan,0.21363345767176242,0.3551413412707248,0.5424452603466988,nan,nan,nan,-8.64,7.44,1.65
1743705561.421147,2c08d2cc-7a1c-9d34-25ea-6265acb43d72,8759981b-dbe4-dadc-c751-d055514b8e7a,30,-80.0,-61.0,-77.0,nan,-53.0,-56.0,-73.0,-3.038051879884711,-2.6926816981305484,2.676980232975659,nan,-2.4967028026799016,-2.7438018894398692,-1.9228666431915846,0.6972792895118247,0.23075009199261995,1.0746595357252768,nan,0.21095007257316042,0.3894950877289354,0.6367573702996517,nan,nan,nan,-8.64,7.44,1.65
1743705562.432898,2c08d2cc-7a1c-9d34-25ea-6265acb43d72,9897d473-5301-80a2-90d6-38fe2b08d70d,0,-84.0,-60.0,-73.0,nan,-62.0,-53.0,-60.0,-3.02048540301844,-2.6913399975733667,2.6906305314589694,nan,-2.4790814618576147,-3.084720315293312,-1.824057890121083,0.5893528221236005,0.24007528370758693,1.1136817699137718,nan,0.20820303828000894,0.40084407178667636,0.7518794143120988,nan,nan,nan,-8.64,7.44,1.65
1743705563.426825,2c08d2cc-7a1c-9d34-25ea-6265acb43d72,1c6f9649-d0e7-a312-6549-5173ada415dd,16,-74.0,-64.0,-86.0,-75.0,-61.0,-57.0,-63.0,-3.059377941261848,-2.679866566965087,2.90763448445855,-2.0862287852265764,-2.476732636366056,2.7741339357059474,-2.1125493342177437,0.5928908316317708,0.22856689911000028,1.1161593086758725,1.391401801025524,0.22195161283894818,0.31091930490199304,0.6000946451449198,nan,nan,nan,-8.64,7.44,1.65
1743705564.420528,2c08d2cc-7a1c-9d34-25ea-6265acb43d72,513d95c0-bbad-34a8-7a3a-9ace283b018c,16,-74.0,-64.0,-85.0,-75.0,-62.0,-57.0,-63.0,-2.9979497338741896,-2.6686104503017583,2.9677111375929934,-1.9673213057156287,-2.491887328616339,2.5806130715879596,-2.2266918480002578,0.599440143963521,0.1726208587605401,1.100815239739272,1.3040746183529532,0.23879673517595795,0.25331182497386073,0.502174009311346,nan,nan,nan,-8.64,7.44,1.65
1743705565.424553,2c08d2cc-7a1c-9d34-25ea-6265acb43d72,5d396cbe-461b-4ed2-03ca-fa081ab397aa,20,-74.0,-63.0,-96.0,-73.0,-56.0,-55.0,-71.0,-3.0305191287414224,-2.6751703486988414,2.9766258030259247,-1.9276700328776568,-2.582939434026116,2.8022656197466183,-2.223116334755693,0.6648084316049245,0.161190038729702,0.9649641301619948,1.1744974502507126,0.23852261592141116,0.3807397913366503,0.40191144685695945,nan,nan,nan,-8.64,7.44,1.65
1743705566.427747,2c08d2cc-7a1c-9d34-25ea-6265acb43d72,da983b59-1296-faf7-226b-da0559dcf639,28,-81.0,-60.0,-79.0,-70.0,-54.0,-56.0,-63.0,-3.029686091952446,-2.7064156198720872,2.740564801897955,-1.8580356940650824,-2.5474457706781024,-3.121637983094691,-2.2741561181541528,0.6817836867091986,0.15302388801065114,1.1138883646353348,1.2756632168956614,0.233278993250513,0.5060610611486267,0.38408343190893957,nan,nan,nan,-8.64,7.44,1.65
1743705567.433085,2c08d2cc-7a1c-9d34-25ea-6265acb43d72,b3922a27-f617-ded4-6b55-07f983f72f9d,29,-79.0,-60.0,-78.0,-72.0,-53.0,-57.0,-67.0,-2.9876403709783834,-2.7097291249003637,2.5410343814426026,-1.8485435221497675,-2.5297328053915953,-2.883515111999266,-2.207711895253969,0.74075825720554,0.14018823386003942,1.2486751418829618,1.3972924470406702,0.2305507383834361,0.4919936119950844,0.4628698298942607,nan,nan,nan,-8.64,7.44,1.65
1743705568.427877,2c08d2cc-7a1c-9d34-25ea-6265acb43d72,ca777371-5c09-c901-f2c8-18410f8b0980,14,-74.0,-64.0,-80.0,-75.0,-61.0,-57.0,-67.0,-3.0033359771788746,-2.676615113590209,2.5129028782158778,-1.869531628384573,-2.4790814618576147,2.897555985961095,-2.1979080686822488,0.7296779091741563,0.10789424313903422,1.2510456215692416,1.3259961625498318,0.20820303828000894,0.3736386577378476,0.4436018497751216,nan,nan,nan,-8.64,7.44,1.65
1743705569.432644,2c08d2cc-7a1c-9d34-25ea-6265acb43d72,f5efc405-50dd-0c21-f089-947aafe9ca81,22,-75.0,-63.0,-83.0,-74.0,nan,-56.0,nan,-2.975623921823837,-2.6587069531560803,3.1107521829022398,-1.7257777880095673,nan,-3.0625605992482723,nan,0.6914282580178933,0.15368157228660304,1.0982395634910018,1.2851612477653744,nan,0.48739741847947776,nan,nan,nan,nan,-8.64,7.44,1.65
1743705570.434585,2c08d2cc-7a1c-9d34-25ea-6265acb43d72,1ad0b5c7-1f66-40b4-55fd-82b76cddeb3b,29,-79.0,-60.0,-77.0,-72.0,-54.0,-57.0,-66.0,-2.9301459188368812,-2.6440774103399485,-3.0924259061769686,-1.7401491373580162,-2.4790814618576147,-2.8612741666604555,-2.1377519731713566,0.7319034463181083,0.13239309477035027,1.166102234388401,1.3917311008943123,0.20820303828000894,0.5065322559811736,0.49285927051525974,nan,nan,nan,-8.64,7.44,1.65
1743705571.423992,2c08d2cc-7a1c-9d34-25ea-6265acb43d72,f0670912-c021-ad7d-998c-512ed30bbcf2,23,-75.0,-61.0,-82.0,-73.0,-54.0,-55.0,-63.0,-2.925275796151453,-2.6578837700631373,-2.9614937217120945,-1.6744898327884945,-2.532006791786424,-2.780278527631009,-2.1775653372994532,0.7644245048115564,0.1292594446618165,0.7308515642665543,1.3548515129608403,0.21625228430659862,0.5969249171030492,0.33008555168494247,nan,nan,nan,-8.64,7.44,1.65
