1743704692.400975,2c08d2cc-7a1c-9d34-25ea-6265acb43d72,a0ababd0-2645-ec92-aea8-0e1ea08cfd65,7,-75.0,-75.0,-78.0,-85.0,-53.0,-47.0,-51.0,-2.3939208301944075,-1.0435166630959447,2.0895875639933843,0.14587278449632726,1.0152714612518805,2.3425517930540276,0.3259570221002608,0.5725151192896288,1.4470986194312234,1.5142434352567913,0.14003903025996778,0.5611251901052781,0.2485808738424719,0.265246031483708,-1.69375205039978,2.15890908241272,2.053393840789795,-2.34,0.39,1.65
1743704693.415306,2c08d2cc-7a1c-9d34-25ea-6265acb43d72,92d0a139-840c-2e62-05cd-494ed0535ac1,19,-72.0,-76.0,-77.0,-81.0,-63.0,-47.0,-46.0,-2.392054220586371,-1.0205586166028076,2.0795596972248,0.12856143846248513,0.9648479778695344,2.3485607297283893,0.4516563856336872,0.5354672528647778,1.4572371405431002,1.4609867381998773,0.14011061935902047,0.5640031835757151,0.2241607862552026,0.25248638562822023,-1.8366107940673828,1.9911192655563354,1.9999181032180786,-2.34,0.39,1.65
1743704694.412669,2c08d2cc-7a1c-9d34-25ea-6265acb43d72,f64e581d-3ede-b4d1-2efd-3df172ae0d34,36,-66.0,-83.0,-70.0,-91.0,-55.0,-57.0,-49.0,-2.439033181163696,-1.0006273858466002,2.5197216358709165,0.17447460197156017,0.8621559637629105,2.336445331883765,0.34423521095197696,0.5970398368730324,1.3769235257593082,1.4708947627194082,0.17573627453798527,0.372759613952717,0.19616063601947495,0.4136278252538733,-1.9933488368988037,1.889365553855896,1.9260070323944092,-2.34,0.39,1.65
1743704695.413197,2c08d2cc-7a1c-9d34-25ea-6265acb43d72,4354af0e-cd9f-bdce-cf94-25a742a583a8,3,-71.0,-79.0,-71.0,-83.0,-50.0,-47.0,-48.0,-2.418746817876126,-1.0790513546789264,2.6457264396869253,0.033406426397844954,0.8844859170462942,2.325113298423546,0.29617307316298525,0.5822809310069496,1.3195316053197734,1.4927354799772026,0.1743693904637453,0.41761304100632757,0.24426660181217608,0.33500179277503617,-2.159510612487793,1.8210258483886719,1.84229052066803,-2.34,0.39,1.65
1743704696.405055,2c08d2cc-7a1c-9d34-25ea-6265acb43d72,4bec023b-bc10-077d-195a-3bfe411d5279,31,-66.0,-84.0,-72.0,-89.0,-59.0,-52.0,-48.0,-2.4235442362637944,-0.8975209737153104,2.6593128223040736,-0.07073382486861357,0.8171082019997791,2.3338626014578723,0.3228242387149019,0.5913896077252931,1.1767138660679308,1.5064394411564779,0.22430768893387973,0.30889501488387455,0.20823976654476112,0.5179342406144124,-2.230321168899536,1.7855924367904663,1.7925082445144653,-2.34,0.39,1.65
1743704697.411926,2c08d2cc-7a1c-9d34-25ea-6265acb43d72,bc1e1576-1159-80ee-cc1a-fb4815174786,27,-67.0,-87.0,-74.0,-80.0,-61.0,-51.0,-45.0,-2.413100117416831,-0.8965526483429576,2.8700322477632856,-0.0751307038283344,0.7112785080731993,2.336445331883765,0.34957067653400015,0.6045266484875177,1.2491498503472684,1.485019769667025,0.19841495543277302,0.2690332359210541,0.19616063601947495,0.5478357141298608,-2.2714638710021973,1.7805415391922,1.755831003189087,-2.34,0.39,1.65
1743704698.402534,2c08d2cc-7a1c-9d34-25ea-6265acb43d72,17391ebe-50b4-adb1-23e8-6b0649435b14,6,-75.0,-76.0,-77.0,-87.0,-51.0,-47.0,-49.0,-2.4186599988245896,-0.9113778003411561,3.0905856618637233,-0.10851342809247765,0.8208811525955748,2.3533277804323736,0.2664346610736714,0.6089858454167464,1.2958731474599456,1.4848461315639516,0.24164664861927454,0.4167006953268758,0.27751847681231684,0.40569215413431103,-2.3185925483703613,1.6813395023345947,1.7390007972717285,-2.34,0.39,1.65
1743704699.415464,2c08d2cc-7a1c-9d34-25ea-6265acb43d72,d078c6dc-ebe6-1cdb-f819-3e915db2af4f,34,-65.0,-90.0,-73.0,-96.0,-57.0,-55.0,-48.0,-2.4178607841814563,-0.9029373107403135,-2.9571021690745534,-0.09906453254487652,0.8131381547996035,2.3485607297283893,0.26309521786198387,0.6362241909928861,1.3596063207710682,1.4398047538377141,0.2505634778705915,0.29692573326474814,0.2241607862552026,0.5257220514552693,-2.36386775970459,1.6576884984970093,1.7061786651611328,-2.34,0.39,1.65
1743704700.401733,2c08d2cc-7a1c-9d34-25ea-6265acb43d72,55e1f999-bf1c-064d-26f3-f7a99350353a,27,-67.0,-88.0,-74.0,-81.0,-60.0,-51.0,-45.0,-2.4400025718004845,-0.9159348684404452,3.1255582932986443,-0.0656863356545864,0.728907046360238,2.3513120885253005,0.30924277283147633,0.6293292669306709,1.461518305153457,1.4849274911352537,0.2142731975520838,0.2650967402467875,0.21189674982302378,0.5539856231096542,-2.38940954208374,1.644791603088379,1.687101125717163,-2.34,0.39,1.65
1743704701.406879,2c08d2cc-7a1c-9d34-25ea-6265acb43d72,be300792-e659-ada6-e93a-f22f7db84e10,12,-69.0,-76.0,-74.0,-74.0,-58.0,-47.0,-54.0,-2.4416486716702623,-0.937591028634697,-3.0679669020934623,0.010229201746994354,0.867436535271119,2.356765382785963,0.30414332950177525,0.6231725045435985,1.4383309604904642,1.47646716098429,0.24459654893497126,0.3840834318604684,0.26519113514515136,0.40169649364216486,-2.396536111831665,1.689396858215332,1.6714707612991333,-2.34,0.39,1.65
1743704702.415396,2c08d2cc-7a1c-9d34-25ea-6265acb43d72,2969c00f-48f2-13cf-04c5-ab3898b442a6,14,-71.0,-79.0,-74.0,-74.0,-62.0,-47.0,-51.0,-2.4098981988382286,-1.0323285901984673,-2.6842469343260498,0.06678196012704499,1.0044996700106266,2.3634390046047336,0.9841738748136317,0.6204867065842536,1.4845061790508032,1.5079253518866873,0.20627912032896567,0.46389089273954026,0.3070671024916124,1.1475970569569371,-2.306130886077881,1.855757474899292,1.6940836906433105,-2.34,0.39,1.65
1743704703.413534,2c08d2cc-7a1c-9d34-25ea-6265acb43d72,4dcf156e-9913-15ff-2c70-776357ba381f,23,-70.0,-86.0,-72.0,-75.0,-63.0,-47.0,-44.0,-2.40704968173628,-1.084480208561053,3.049476042012824,0.08018112251956065,1.8246299077681198,2.345641239365875,0.5677821029580491,0.6575776163502232,1.5038561748991008,1.4957318025196509,0.18675413815229294,0.7889720381423646,0.23638956404204692,0.8414204710770532,-2.1643247604370117,2.0276007652282715,1.7248138189315796,-2.34,0.39,1.65
1743704704.414749,2c08d2cc-7a1c-9d34-25ea-6265acb43d72,dce214dc-a658-1ae6-7024-39960b8fae15,5,-70.0,-79.0,-75.0,-90.0,-51.0,-47.0,-47.0,-2.4286436571190784,-1.2913271314791805,-2.5279561299614413,0.09708873333214672,1.2610965886275884,2.3497131435046676,0.3533044942842296,0.670200267547899,1.4732805555819557,1.4885453954761263,0.21110937882182648,0.7534140492750574,0.2898021773600504,0.5642223182708744,-2.000013828277588,2.1797492504119873,1.752882719039917,-2.34,0.39,1.65
1743704706.401519,2c08d2cc-7a1c-9d34-25ea-6265acb43d72,c3992859-6cd4-05e0-bff4-d2b8cd032ddc,24,-71.0,-85.0,-72.0,-78.0,-61.0,-48.0,-45.0,-2.4167808723594297,-1.2073717770627594,-2.9892446592190476,-0.01704609518927018,2.0808996855935282,2.345641239365875,0.40541074222843565,0.6830915651205365,1.4177444589480428,1.5007822212108768,0.17806494259515054,0.7428327457364223,0.23638956404204692,0.5212461932864292,-1.8387959003448486,2.2140684127807617,1.7916553020477295,-2.34,0.39,1.65
1743704707.407097,2c08d2cc-7a1c-9d34-25ea-6265acb43d72,4a35e689-8618-d294-15cd-b9a8cde80377,10,-68.0,-74.0,-75.0,-74.0,-58.0,-47.0,-53.0,-2.4516578963112163,-1.315126337402619,-2.8284778800103427,0.4041567996565721,1.422644965618371,2.3425517930540276,0.30414332950177525,0.6601610157656543,1.4552903697862525,1.4513780529868714,0.2026255795637564,0.8099260988453248,0.2485808738424719,0.40169649364216486,-1.7936104536056519,2.2317709922790527,1.7846750020980835,-2.34,0.39,1.65
1743704708.401594,2c08d2cc-7a1c-9d34-25ea-6265acb43d72,3de48a28-7337-7be6-c465-ae22e37521fe,19,-73.0,-77.0,-77.0,-82.0,-61.0,-47.0,-44.0,-2.4476319956913435,-1.2764569720585595,1.672909912471805,0.3307885758376521,1.0359219742273709,2.3485607297283893,0.4400839318734222,0.6529666858178872,1.4289538371342407,1.4110030661226707,0.21429193954825526,0.7035284432499845,0.2241607862552026,0.30199059571460896,-1.791345477104187,2.25842022895813,1.7594250440597534,-2.34,0.39,1.65
1743704709.413956,2c08d2cc-7a1c-9d34-25ea-6265acb43d72,f1645d25-4b03-4f24-d25f-36672b461097,31,-66.0,-88.0,-73.0,-93.0,-58.0,-52.0,-48.0,-2.450607811893398,-1.0547818345069797,1.461850667657499,0.21102489003624372,0.862580141564384,2.353897040783973,0.4015485966735433,0.7299428937026192,1.4369397251370069,1.5152772743919602,0.19666153017106486,0.45575418621767066,0.19959962478258686,0.5051943008993133,-1.7767070531845093,2.2766873836517334,1.7299350500106812,-2.34,0.39,1.65
1743704710.401622,2c08d2cc-7a1c-9d34-25ea-6265acb43d72,1311f6e0-e165-8267-d13a-91f55240d600,1,-74.0,-76.0,-68.0,nan,nan,nan,nan,-2.4296854857375174,-1.0803231472574937,1.6445349963214466,nan,nan,nan,nan,0.6295708156415412,1.4406878580551847,1.4575737641048863,nan,nan,nan,nan,nan,nan,nan,-2.34,0.39,1.65
1743704711.401252,2c08d2cc-7a1c-9d34-25ea-6265acb43d72,dca2b836-6af4-e521-32e9-1e679f15b5ba,26,-68.0,-88.0,-74.0,-77.0,-62.0,-49.0,-45.0,-2.445366710868122,-0.9826967217012601,1.782520829249504,0.1267313141613827,0.7376786899323401,2.353897040783973,0.42104672422151096,0.616783714246553,1.3296381684985699,1.4905551499927545,0.14937607304178557,0.3605798816257584,0.19959962478258686,0.5016004666424818,-1.7966610193252563,2.263781785964966,1.6930118799209595,-2.34,0.39,1.65
1743704712.416045,2c08d2cc-7a1c-9d34-25ea-6265acb43d72,ec78a33d-67fa-76a9-6e48-aeb0b8a7b658,7,-70.0,-76.0,-80.0,nan,-53.0,-49.0,-51.0,-2.42774936762503,-1.0324754635325852,1.8710347165038137,nan,0.8388081387692902,2.3497131435046676,0.30414332950177525,0.6273131208274265,1.3827859422668995,1.5051005369184407,nan,0.4520489253557084,0.2898021773600504,0.40169649364216486,-1.8376425504684448,2.31539535522461,1.6602180004119873,-2.34,0.39,1.65
1743704713.401727,2c08d2cc-7a1c-9d34-25ea-6265acb43d72,5a2fc602-b685-41a0-96b9-f07c8daff3bc,25,-69.0,-86.0,-73.0,nan,-63.0,-48.0,-44.0,-2.448350250237338,-1.0002004811238603,1.9516576574482185,nan,1.7679605080644154,2.345641239365875,0.3878067141754209,0.7522416746679071,1.3708943953674777,1.4718634875659242,nan,0.8379060367987573,0.23638956404204692,0.4407429386979034,-1.913679838180542,2.375603199005127,1.6055656671524048,-2.34,0.39,1.65
1743704714.415882,2c08d2cc-7a1c-9d34-25ea-6265acb43d72,e75ed806-3dfb-7f28-b5d6-ef3d12c031b3,1,-76.0,-77.0,-69.0,nan,-51.0,-48.0,-50.0,-2.4004679454182583,-1.0524771348996254,2.266463538319869,nan,1.1844960227966386,2.3164402862203355,0.2794994236906649,0.5123845371431115,1.3461509656795516,1.492413237485303,nan,0.7022987807048301,0.20452129170634795,0.35347159662667815,-2.0233590602874756,2.336264133453369,1.5581756830215454,-2.34,0.39,1.65
1743704715.421398,2c08d2cc-7a1c-9d34-25ea-6265acb43d72,923f83ed-dcb9-4a3a-45d4-e7710f7056d5,26,-68.0,-86.0,-74.0,nan,-63.0,-51.0,-44.0,-2.4281104922688446,-1.0356242520474404,2.3414166093034954,nan,0.8830931144849229,2.319017659295765,0.34968000145403294,0.48949836270989283,1.3821509115049702,1.513935573834778,nan,0.48940985018362154,0.19266350629866266,0.44645488953908735,-2.0854179859161377,2.3208677768707275,1.5186302661895752,-2.34,0.39,1.65
1743704716.416003,2c08d2cc-7a1c-9d34-25ea-6265acb43d72,04c3cf7f-baec-7259-aef8-c93ab79730f1,19,-69.0,-77.0,-75.0,nan,-61.0,-46.0,-46.0,-2.446975792798748,-1.0120033447589825,2.314433461138812,nan,0.8731987144241007,2.336445331883765,0.4450010716035629,0.5300272469955867,1.3602251062503479,1.4716954421011403,nan,0.5092778561568747,0.19616063601947495,0.3335351650824699,-2.1354527473449707,2.2961490154266357,1.5016050338745117,-2.34,0.39,1.65
1743704717.414772,2c08d2cc-7a1c-9d34-25ea-6265acb43d72,acbaec04-e472-115d-7aa3-30526c1989b2,9,-68.0,-76.0,-77.0,nan,-56.0,-46.0,-52.0,-2.4411812868989533,-1.0125696659647878,2.3164217772086655,nan,0.9057140101563081,2.339290467269397,0.3292085365390006,0.5391926490451489,1.4330524420518729,1.4746432951117492,nan,0.5221929493884414,0.2607324645749327,0.2982967753260015,-2.147059440612793,2.3932080268859863,1.4840648174285889,-2.34,0.39,1.65
1743704718.40127,2c08d2cc-7a1c-9d34-25ea-6265acb43d72,17374218-0ffb-f530-3082-ba30ea1770ba,20,-70.0,-77.0,-74.0,nan,-61.0,-47.0,-45.0,-2.4138543246375415,-1.00455741266723,1.928215448268905,nan,0.8658504503339164,2.331114119231455,0.41774438297000666,0.47170098977711133,1.380493892674723,1.4101841440874712,nan,0.49801692611240767,0.22028527386980573,0.27248914477048947,-2.1558070182800293,2.503638982772827,1.497097373008728,-2.34,0.39,1.65
1743704719.415472,2c08d2cc-7a1c-9d34-25ea-6265acb43d72,8cc4d477-2fc1-1dc4-467b-5c89d6081bfb,21,-70.0,-79.0,-73.0,-75.0,-62.0,-47.0,-45.0,-2.4115525545073857,-1.0536336126029922,1.9046544621049741,0.04456853347469407,0.8308799418533757,2.336445331883765,0.4400839318734222,0.4313862902220872,1.4202494282693712,1.4443318613747398,0.18191474168794183,0.514849513871542,0.19616063601947495,0.30199059571460896,-2.215834617614746,2.5121169090271,1.5101914405822754,-2.34,0.39,1.65
1743704720.41412,2c08d2cc-7a1c-9d34-25ea-6265acb43d72,1badf9fe-878d-d707-f33e-ffee747b480b,31,-66.0,-89.0,-74.0,nan,-59.0,-52.0,-47.0,-2.434008062502825,-0.8958096263988254,1.8499222406461013,nan,0.7906439925428026,2.336445331883765,0.3978631140036888,0.4541064165613393,1.1285083866505699,1.5016027411427302,nan,0.34413305614354506,0.19616063601947495,0.48911666634580253,-2.190528154373169,2.64768385887146,1.5280675888061523,-2.34,0.39,1.65
1743704721.402269,2c08d2cc-7a1c-9d34-25ea-6265acb43d72,52d23ffc-dd8d-3697-f0bd-fbb355be66f9,15,-71.0,-79.0,-75.0,-75.0,-61.0,-47.0,-50.0,-2.403550820696134,-0.9286088520681323,1.8182737668838178,0.08770135680572641,0.9101469485787667,2.356765382785963,1.2807551062221818,0.4448172441001157,1.1898785371264649,1.5034463144073376,0.23303536716877377,0.46117059376713443,0.26519113514515136,1.1140396785545579,-2.0934338569641113,2.83686089515686,1.559347152709961,-2.34,0.39,1.65
1743704722.402318,2c08d2cc-7a1c-9d34-25ea-6265acb43d72,6cea390c-3af1-2acf-d3be-2281be983ba1,35,-65.0,-89.0,-73.0,-95.0,-57.0,-56.0,-52.0,-2.426770389608317,-0.8919304659550159,1.847850833950238,0.1428040239722289,0.842972274281722,2.3485607297283893,0.5628060098497469,0.46066638153744977,1.3051867544241704,1.5116545763611255,0.2860917112879298,0.32680604174517125,0.2241607862552026,0.9530995438691329,-1.9921497106552124,2.986900806427002,1.577487587928772,-2.34,0.39,1.65
1743704723.401879,2c08d2cc-7a1c-9d34-25ea-6265acb43d72,c9a78154-ea9d-9b56-0fda-69cb8b69778c,18,-70.0,-77.0,-84.0,-81.0,-61.0,-47.0,-46.0,-2.4331848794098816,-0.8944988185102885,1.643749363799873,0.21284516064131287,0.872916463755288,2.353897040783973,0.5678894953103704,0.4408050254703432,1.333078972626952,1.47250490991447,0.24378956119040684,0.3953356326761137,0.19959962478258686,0.5659537656333142,-1.8477376699447632,3.134829521179199,1.625523567199707,-2.34,0.39,1.65
1743704724.413621,2c08d2cc-7a1c-9d34-25ea-6265acb43d72,92970794-d3d7-f43c-ab60-4b9c6d433655,2,-73.0,-77.0,-69.0,-82.0,-51.0,-46.0,-48.0,-2.389342856280561,-0.8928577786465814,1.7653540928628533,0.1991493221033624,0.9126806190927942,2.301613942325161,0.38476974830142796,0.601265940627852,1.3515119089538812,1.5001603730963435,0.25229866047883265,0.39127638277664356,0.1891093770199188,0.42457563510071206,-1.7052292823791504,3.271190881729126,1.6595280170440674,-2.34,0.39,1.65
1743704725.402359,2c08d2cc-7a1c-9d34-25ea-6265acb43d72,e4b9db79-7c26-ca21-e057-3df4bc86ffee,28,-67.0,-89.0,-74.0,-85.0,-61.0,-52.0,-46.0,-2.3929852617034624,-0.9205517245062066,1.4675072218128273,0.30356787370373417,0.8131381547996035,2.3214315763746334,0.3623272590396493,0.5801351555376455,1.3796150495149968,1.4890226339434685,0.19719439541567607,0.29692573326474814,0.18077379809480634,0.5118951113035451,-1.606849193572998,3.38126277923584,1.6672332286834717,-2.34,0.39,1.65
1743704726.402673,2c08d2cc-7a1c-9d34-25ea-6265acb43d72,b9f90ad6-5828-6bb4-3377-62b72954335b,1,-75.0,-76.0,-69.0,-95.0,-51.0,-47.0,-50.0,-2.409809781890038,-0.932363642889035,1.669049926787844,0.3128998564794809,0.8694395170925473,2.2866300517707616,0.2645132856145756,0.5793367398428397,1.383266642843659,1.4946011574788574,0.22453305894112768,0.34349190367294263,0.1740613470905022,0.3888502437176601,-1.526976227760315,3.5024001598358154,1.6572152376174927,-2.34,0.39,1.65
1743704727.407809,2c08d2cc-7a1c-9d34-25ea-6265acb43d72,f2daca67-4e8d-cc0a-70df-6c3180a14b5a,35,-66.0,-87.0,-73.0,-96.0,-57.0,-56.0,-50.0,-2.437338878078187,-0.8254196156269411,2.2968171831601563,0.2704362855303854,0.8405445554958689,2.3040203415324974,0.24307242435863238,0.6308892801182121,1.0870581484962496,1.4898491459877745,0.26478757105551604,0.26325377986269966,0.17744387549629217,0.5279728417471553,-1.4855728149414062,3.6123008728027344,1.6443696022033691,-2.34,0.39,1.65
1743704728.414147,2c08d2cc-7a1c-9d34-25ea-6265acb43d72,2fddeea6-ef8e-5143-fe25-74b5091f11a7,25,-68.0,-85.0,-72.0,-78.0,-61.0,-49.0,-45.0,-2.4634959136727277,-0.8428968765966951,2.2058499919096657,0.1954155702550713,0.7434173246519734,2.3214315763746334,0.34260949995156476,0.6709965527138326,1.1141442278370641,1.4872777307972487,0.2570990749227277,0.24825146555028327,0.18077379809480634,0.5149982896131469,-1.4254199266433716,3.710416555404663,1.6295485496520996,-2.34,0.39,1.65
1743704729.415722,2c08d2cc-7a1c-9d34-25ea-6265acb43d72,e81f1c04-dc85-6228-a351-e3f4b31a6a92,5,-72.0,-78.0,-75.0,-81.0,-52.0,-47.0,-49.0,-2.423587113157345,-0.9071174083873018,2.20988894201888,0.21819465232295504,0.8328009821549605,2.3497131435046676,0.3019816219835152,0.6837735340966786,1.0866649327612994,1.510437778059068,0.27411352842929637,0.39798152906022266,0.2898021773600504,0.3850385528552998,-1.2977173328399658,3.899263381958008,1.6107722520828247,-2.34,0.39,1.65
1743704730.402303,2c08d2cc-7a1c-9d34-25ea-6265acb43d72,f41dbd42-fc57-0289-2af4-2cae31ec0454,33,-66.0,-93.0,-73.0,-92.0,-58.0,-54.0,-48.0,-2.413798131938541,-0.8876302597428651,3.1348404749620062,0.19628429340265513,0.8267673853597819,2.345641239365875,0.26309521786198387,0.71118991199169,1.0916291981912616,1.4754413113323914,0.27465449967047556,0.27993026694181733,0.23638956404204692,0.5257220514552693,-1.2931674718856812,3.9438867568969727,1.584460735321045,-2.34,0.39,1.65
1743704731.402597,2c08d2cc-7a1c-9d34-25ea-6265acb43d72,acfff8cd-b421-95ae-cf41-c430c060dc00,6,-74.0,-77.0,-78.0,-84.0,-53.0,nan,-50.0,-2.387421651870178,-0.9154778699973877,-2.27852179910353,0.22332070478913957,0.9126806190927942,nan,0.24753391597929747,0.7327099180752116,1.0945512851183241,1.467845043797104,0.23916639676181334,0.39127638277664356,nan,0.4074964346159973,-1.3354098796844482,3.9081456661224365,1.5351120233535767,-2.34,0.39,1.65
1743704732.410401,2c08d2cc-7a1c-9d34-25ea-6265acb43d72,25383fb3-b069-1d58-fb00-e02215eed0f8,15,-68.0,-79.0,-78.0,-77.0,-62.0,-47.0,-50.0,-2.3852210818614457,-0.9301564149775773,-1.885153731338978,0.1755396000914829,0.9901734690010927,2.3497131435046676,1.2013825616753055,0.6558956969637835,1.1206017276902338,1.4881665608110626,0.19797694865723905,0.4449507758079204,0.2898021773600504,1.157417311717073,-1.3840798139572144,3.80321717262268,1.4941684007644653,-2.34,0.39,1.65
1743704733.402487,2c08d2cc-7a1c-9d34-25ea-6265acb43d72,892254da-6b1a-02ee-0df1-f6438639eec6,21,-71.0,-79.0,-72.0,-75.0,-63.0,nan,nan,-2.4114050153829956,-0.9057818331006271,-2.1686308509372085,0.08592476204253455,0.8760263720236056,nan,nan,0.6198740463754808,1.1885940945327198,1.496051781324624,0.1364841180012539,0.4782833065467825,nan,nan,nan,nan,nan,-2.34,0.39,1.65
1743704734.413786,2c08d2cc-7a1c-9d34-25ea-6265acb43d72,52885303-9873-66e4-abc7-2891ec1a77c7,35,-65.0,-86.0,-73.0,-92.0,-57.0,-57.0,-52.0,-2.4190972898755803,-0.8771022513215638,-2.8288342109641955,-0.0497254786095235,0.8255997049529236,2.345641239365875,0.49195221125560434,0.7621390465430776,1.226508720023851,1.4873360540251213,0.13210401695640056,0.3326759586997372,0.23638956404204692,0.9908942381964577,-1.44061017036438,3.6485531330108643,1.4811214208602905,-2.34,0.39,1.65
1743704735.408091,2c08d2cc-7a1c-9d34-25ea-6265acb43d72,000767a9-662a-ab61-6068-813e6863ec00,11,-69.0,-75.0,-74.0,-73.0,nan,nan,nan,-2.440021746560333,-0.8835031590015692,-2.3766201368049256,0.08770641681179757,nan,nan,nan,0.7666963809584759,1.2763138271499674,1.4834650162226368,0.1789840494216073,nan,nan,nan,nan,nan,nan,-2.34,0.39,1.65
1743704736.407232,2c08d2cc-7a1c-9d34-25ea-6265acb43d72,35d0a808-6df2-fd8c-8ffc-52c239e640f1,13,-70.0,-77.0,-73.0,-74.0,-59.0,-46.0,-53.0,-2.44146677776781,-0.8846776130422942,-2.0446352690056098,0.2025672230463701,0.8968879445174833,2.3634390046047336,1.7822745877766317,0.6281371694477242,1.357536645129913,1.5068042942258184,0.22828480377153362,0.43956679687861505,0.3070671024916124,1.2492244648780106,-1.566058874130249,3.4581992626190186,1.4523736238479614,-2.34,0.39,1.65
1743704737.406085,2c08d2cc-7a1c-9d34-25ea-6265acb43d72,6d662828-f69a-4276-b0cf-bce0887d5b9b,12,-70.0,-75.0,-74.0,-74.0,-57.0,-49.0,-54.0,-2.392666215004871,-0.9190836569553004,-1.6726113721136067,0.2984042706661795,0.9242878940074684,2.3377829456934744,2.405107381425721,0.5389379176868827,1.3980810090394427,1.4800962506017412,0.19647600771162718,0.482396790603138,0.32636745951226936,1.0927333781822335,-1.7466007471084595,3.240555763244629,1.4163204431533813,-2.34,0.39,1.65
1743704738.406675,2c08d2cc-7a1c-9d34-25ea-6265acb43d72,9a387eaf-52aa-696a-b70d-6120ecb59ca4,13,-69.0,-76.0,-75.0,-75.0,-58.0,-46.0,-52.0,-2.402828837724613,-0.9457231241813084,-1.2613268881155468,0.310551747346358,0.9226148257538085,2.3592525398844235,2.497612493306089,0.48328950223399575,1.4158276487534582,1.4053024366513012,0.18282441093728563,0.512765054937859,0.37458943569128267,0.9646923296769703,-1.9534144401550293,3.008864164352417,1.37210738658905,-2.34,0.39,1.65
1743704739.40202,2c08d2cc-7a1c-9d34-25ea-6265acb43d72,e2016568-4f44-a28d-181e-ccb300ca8f8f,1,-75.0,-76.0,-69.0,nan,-54.0,-47.0,-50.0,-2.437094666206227,-0.9747324053033236,-1.527360302573759,nan,0.9306703438721929,2.3010480979396064,0.6011073084837654,0.639988569193713,1.3643430190858825,1.449736081016783,nan,0.42293308073642816,0.26325377989741644,1.0954612127191703,-2.1404035091400146,2.7959930896759033,1.3184678554534912,-2.34,0.39,1.65
1743704740.408109,2c08d2cc-7a1c-9d34-25ea-6265acb43d72,be809938-e8db-4f56-6aa2-461c9744f425,21,-73.0,-79.0,-72.0,-75.0,-62.0,-47.0,-45.0,-2.4577570678397156,-0.9990432044721664,-1.711392323907341,0.2744821598584338,0.8452243687816875,2.331114119231455,0.4901912285503695,0.5644806951759962,1.3221497589874305,1.4923390684489442,0.14118052768220296,0.46367234545845143,0.22028527386980573,0.7056378054854088,-2.313286781311035,2.57703685760498,1.2481614351272583,-2.34,0.39,1.65
1743704741.415533,2c08d2cc-7a1c-9d34-25ea-6265acb43d72,327be5a5-bb25-eb79-09d3-841310901d6e,25,-69.0,-86.0,-72.0,-77.0,-62.0,-48.0,-44.0,-2.445836492484412,-0.9592368025006976,-1.755833558281929,0.21018679324119577,1.7943913842792565,2.3338626014578723,0.48319589743131214,0.5828364664103401,1.3609347055227994,1.4973093259913588,0.16753904805796455,0.8510455641888108,0.20823976654476112,0.571696049325897,-2.483433246612549,2.360661745071411,1.1897485256195068,-2.34,0.39,1.65
1743704742.402,2c08d2cc-7a1c-9d34-25ea-6265acb43d72,99dc1a6d-f5e9-7448-a569-d0474387f07d,13,-70.0,-76.0,-74.0,-75.0,-59.0,-46.0,-52.0,-2.5574133547788076,-0.99973749056835,-1.4207590241439578,0.2309820866130795,1.2814167378008416,2.3600281990922407,1.125640496969683,0.5680052557206616,1.3906823480570387,1.4892316920890396,0.16586694907804467,0.816850388282035,0.25282247149890685,1.1821334150267548,-2.631690263748169,2.160581588745117,1.140905499458313,-2.34,0.39,1.65
1743704743.403012,2c08d2cc-7a1c-9d34-25ea-6265acb43d72,3c99571b-bf79-1f9c-2186-58d6d0f9b17c,0,-79.0,-77.0,-69.0,-85.0,-51.0,-46.0,-52.0,-2.4765065208622006,-0.9595035180838689,-1.759492475303589,0.23143775347559206,1.02904331916441,2.2789567841173315,0.35049050831632383,0.6653637672712333,1.4536836847006074,1.4841047075164737,0.18817240459081463,0.6000946450866815,0.20827524696590222,0.7889720380578958,-2.801884174346924,1.9990198612213135,1.1081311702728271,-2.34,0.39,1.65
1743704744.40317,2c08d2cc-7a1c-9d34-25ea-6265acb43d72,34ffdc14-7a85-81af-b7ae-1736a9e9bd7f,21,-73.0,-79.0,-73.0,-75.0,-62.0,-47.0,-45.0,-2.464427753738146,-0.9694570826580403,-1.872277480626499,0.20230410273067026,0.9305479861474818,2.301613942325161,0.4136917611797084,0.6429664493456124,1.4474102092787622,1.5232320034099722,0.1850350177343764,0.5539984587042127,0.1891093770199188,0.5532667799163778,-2.977818250656128,1.880234718322754,1.0744519233703613,-2.34,0.39,1.65
1743704745.414769,2c08d2cc-7a1c-9d34-25ea-6265acb43d72,0901e518-d5ce-b763-729c-d6eb672f0c05,29,-68.0,-83.0,-75.0,-86.0,-60.0,-52.0,-46.0,-2.4500586680766236,-1.0081638654154155,-1.283625802238889,0.13562707115057437,0.8099934805852852,2.319017659295765,0.38190458662892907,0.6867020791893842,1.3931200725608428,1.5063948332082189,0.14713583857756773,0.39276884061499673,0.19266350629866266,0.5931997760977545,-3.139019012451172,1.7974357604980469,1.024818778038025,-2.34,0.39,1.65
1743704746.416785,2c08d2cc-7a1c-9d34-25ea-6265acb43d72,e888101d-5dde-60e1-de84-596d917f42b0,12,-68.0,-78.0,-74.0,-73.0,-58.0,-47.0,-54.0,-2.4189572076022423,-0.9963190569931244,-1.153142360417694,0.23643970263497888,0.8968879445174833,2.339290467269397,1.071374643821492,0.6286222642402822,1.4035396903257782,1.4780436191915625,0.13159727565760734,0.43956679687861505,0.2607324645749327,1.2514058244103767,-3.2362914085388184,1.7338767051696777,0.995840311050415,-2.34,0.39,1.65
1743704747.401797,2c08d2cc-7a1c-9d34-25ea-6265acb43d72,e57d4fd5-49fd-4e4e-fd45-4edfe285ac53,0,-77.0,-75.0,-69.0,-84.0,-50.0,-47.0,-51.0,-2.4029643926240984,-1.001402632039922,-1.4209193464415808,0.19259821213787645,0.9186567689321812,2.2760728885317514,0.30757958729850815,0.8159239816022089,1.4072153852623055,1.4490632333673745,0.14803943249067483,0.36247040329758884,0.21960857592540595,0.8138047983677497,-3.285440444946289,1.6931638717651367,0.9895156025886536,-2.34,0.39,1.65
1743704748.401853,2c08d2cc-7a1c-9d34-25ea-6265acb43d72,11e9681d-0212-a138-56cc-fafbb3906802,6,-73.0,-77.0,-78.0,-85.0,-53.0,-47.0,-49.0,-2.43316384043727,-1.110934719249355,-1.5417974320011327,0.2200444840161241,0.9306703438721929,2.328454498638251,0.2657935994143269,0.7729052747238866,1.477056918007688,1.4573438001447578,0.21802562481751905,0.42293308073642816,0.2969257333049619,0.5425686748352663,-3.3124232292175293,1.6843757629394531,0.998055636882782,-2.34,0.39,1.65
1743704749.416773,2c08d2cc-7a1c-9d34-25ea-6265acb43d72,93c0f4a7-d4dd-24c8-95d1-c9bcab0503e8,12,-68.0,-79.0,-74.0,-73.0,-56.0,-47.0,-54.0,-2.445806665080203,-1.0824653940383535,-1.3794299598192363,0.346951833125561,0.9766602068639317,2.3377829456934744,0.9519897522038961,0.67461991653494,1.4202903077921039,1.324808392703657,0.16268002742533091,0.42560438511751497,0.32636745951226936,1.247454989769278,-3.3522839546203613,1.6526433229446411,0.9916961789131165,-2.34,0.39,1.65
1743704750.413793,2c08d2cc-7a1c-9d34-25ea-6265acb43d72,99ec11fe-7972-9d7a-563d-474758a9dccc,7,-70.0,-78.0,-79.0,-90.0,-54.0,-47.0,-50.0,-2.435268004014542,-1.1665017085519127,-1.385996649277099,0.3076928439161579,0.9810898580432396,2.333435563238102,0.3264087772371455,0.5877746328616196,1.47048623380819,1.41977192348592,0.12679340742667358,0.46423150125406204,0.3384523430331756,0.7932102870054074,-3.4100584983825684,1.6184914112091064,0.9815900325775146,-2.34,0.39,1.65
1743704751.402163,2c08d2cc-7a1c-9d34-25ea-6265acb43d72,c178167f-859d-dc41-695d-a1d15aaa6e97,18,-70.0,-79.0,-81.0,-80.0,-61.0,-47.0,-46.0,-2.4591613526825147,-1.1080134978496472,-1.314405819169698,0.3038802624996005,0.9722544445671115,2.339290467269397,0.45980545836959524,0.500728913026757,1.4665145285165004,1.4517247965608,0.12776915636056496,0.4837721533333602,0.2607324645749327,0.4939359452345272,-3.4529306888580322,1.589738368988037,0.9680320024490356,-2.34,0.39,1.65
1743704752.417642,2c08d2cc-7a1c-9d34-25ea-6265acb43d72,69d2263c-3d29-a490-5046-c9975923bcb7,20,-78.0,-78.0,-75.0,-76.0,-64.0,-47.0,-45.0,-2.4465337080577947,-1.1890628108845738,-1.2904291135596058,0.23141431765799936,0.9226148257538085,2.331114119231455,0.48724408971344146,0.48277111792781185,1.4028206368314569,1.516976504325485,0.1577653966601851,0.512765054937859,0.22028527386980573,0.35883835071695724,-3.485464334487915,1.5748283863067627,0.9559375047683716,-2.34,0.39,1.65
1743704753.415971,2c08d2cc-7a1c-9d34-25ea-6265acb43d72,57b9fc1c-7995-c69e-e237-35c208814bf7,9,-68.0,-76.0,-77.0,-75.0,-55.0,-47.0,-52.0,-2.4152295810244584,-1.2375666975020778,-1.305832570988515,0.30718231593518974,0.9305683935921855,2.339290467269397,0.34924047514259265,0.5185764865460866,1.4395285840326728,1.5200254242994624,0.2263305928083903,0.5232471050777611,0.2607324645749327,0.31291221353327064,-3.2967019081115723,1.7517399787902832,0.962223768234253,-2.34,0.39,1.65
1743704754.416151,2c08d2cc-7a1c-9d34-25ea-6265acb43d72,ea6b32c5-12ea-a419-3a44-b742ced76689,5,-69.0,-75.0,-75.0,nan,-51.0,-47.0,-47.0,-2.4082390494791093,-1.3039286771252172,-1.1967116758513903,nan,0.9226148257538085,2.3244844514369345,0.2913166840632339,0.6033679736762515,1.4574019902145758,1.5183670738886699,nan,0.512765054937859,0.3088950149254828,0.28488357491476235,-3.0838866233825684,1.9740124940872192,0.975982367992401,-2.34,0.39,1.65
1743704755.416063,2c08d2cc-7a1c-9d34-25ea-6265acb43d72,434a565c-044b-420c-4547-eac792a9527a,5,-69.0,-77.0,-75.0,nan,-52.0,-48.0,-48.0,-2.408802308049661,-1.2699862895579939,-1.3424983070864533,nan,0.9472082094228405,2.3377829456934744,0.25378327571052656,0.5665805311164965,1.4541508031558072,1.4812400782899298,nan,0.5134641669389921,0.32636745951226936,0.27074539063760544,-2.8745534420013428,2.223238706588745,0.986300766468048,-2.34,0.39,1.65
1743704756.411199,2c08d2cc-7a1c-9d34-25ea-6265acb43d72,1fa68d8b-39bb-5769-66b7-2f370af3bec9,3,-68.0,-80.0,-71.0,nan,-51.0,-47.0,-48.0,-2.3981632458109035,-1.6289347312879803,-1.8258611128294537,nan,0.9242878940074684,2.2763894621370118,0.25378327571052656,0.6529359263072968,1.3434577108691546,1.4887508583542264,nan,0.482396790603138,0.28108030861849875,0.27074539063760544,-2.66913890838623,2.4742584228515625,0.997601091861725,-2.34,0.39,1.65
1743704757.409488,2c08d2cc-7a1c-9d34-25ea-6265acb43d72,b809a651-72e0-cb5e-a3d0-8ae63b64d74c,32,-66.0,-84.0,-73.0,nan,-61.0,-53.0,-48.0,-2.42376820811147,-1.2502842238135878,-1.9936619662673298,nan,0.8474827249760208,2.3107893145028404,0.2777040695600294,0.7225420356123163,1.3300838485069946,1.4940243167867464,nan,0.3383875617594706,0.2281323343132087,0.48975386683945427,-2.48056697845459,2.707447052001953,1.0077588558197021,-2.34,0.39,1.65
1743704758.417362,2c08d2cc-7a1c-9d34-25ea-6265acb43d72,2d6df076-2c36-fd11-1ae7-44de582de059,1,-72.0,-76.0,-69.0,nan,-51.0,-46.0,-49.0,-2.4051553752529067,-1.263420399048458,-2.0907903806997186,nan,0.8914494311786743,2.2789567841173315,0.2253556077040351,0.7160983841968152,1.3831219000384132,1.4941055431999937,nan,0.3479795784593685,0.20827524696590222,0.37515907025440554,-2.2995569705963135,2.9016833305358887,1.0187900066375732,-2.34,0.39,1.65
1743704759.415645,2c08d2cc-7a1c-9d34-25ea-6265acb43d72,a884fb18-8d44-e3e3-74d7-3686ed877d14,23,-69.0,-84.0,-72.0,nan,-66.0,-47.0,-46.0,-2.40914612214639,-1.2069837544919353,-2.221617636617643,nan,1.7139287681752342,2.29904504185518,0.34423521095197696,0.721540287568283,1.4507394269574705,1.5145813903991228,nan,0.7928256220794903,0.2007425487429814,0.4136278252538733,-2.1307897567749023,3.1228275299072266,0.9962778091430664,-2.34,0.39,1.65
1743704760.417294,2c08d2cc-7a1c-9d34-25ea-6265acb43d72,547d96bb-0ec6-467f-6d3c-ab8852ebd69d,22,-71.0,-81.0,-73.0,nan,-66.0,-47.0,-44.0,-2.4286883982253915,-1.2155824358615281,-2.374283212948381,nan,1.1613686961567569,2.319017659295765,0.4164002034356015,0.6998247388817224,1.4372394639176953,1.5072184157753257,nan,0.7533257753966983,0.19266350629866266,0.38668434166050236,-1.9435420036315918,3.361405611038208,0.9756173491477966,-2.34,0.39,1.65
1743704761.409023,2c08d2cc-7a1c-9d34-25ea-6265acb43d72,ecad0540-8f04-d0a4-976c-58e82a7d54b8,12,-68.0,-78.0,-74.0,-73.0,-57.0,-47.0,-50.0,-2.411341365832943,-1.250854273444919,-1.9067852572931463,0.08748297759633993,1.0609226319195557,2.335855239679225,0.3145500532039133,0.6606577618879815,1.4353723216774403,1.4522674156329032,0.23869676494833467,0.6263827708658002,0.2728420409462208,0.3332071852316146,-1.7721490859985352,3.520400047302246,0.99113667011261,-2.34,0.39,1.65
1743704762.402387,2c08d2cc-7a1c-9d34-25ea-6265acb43d72,3381c81e-c1bc-0d42-3518-839f73137462,24,-70.0,-87.0,-72.0,-77.0,-63.0,-48.0,-45.0,-2.4484093724135376,-1.2055965138801126,-1.7178607427209795,0.002159291011836246,1.9223337031386245,2.345641239365875,0.3818821011953026,0.7277178891908853,1.4710570823878486,1.5130668506871943,0.21848610201475058,0.7576933579194501,0.23638956404204692,0.408388926140742,-1.58029842376709,3.58056092262268,1.0134140253067017,-2.34,0.39,1.65
1743704763.403539,2c08d2cc-7a1c-9d34-25ea-6265acb43d72,45b76be0-220e-3540-1d00-e864b5ffeb18,34,-65.0,-91.0,-74.0,nan,-56.0,-54.0,-49.0,-2.4580153944654533,-1.083274329219465,-2.1298289933289176,nan,1.1313363985013538,2.3338626014578723,0.32605590964209086,0.7538247241988777,1.3170649855181422,1.466384965729468,nan,0.6957176328976952,0.20823976654476112,0.534477048083717,-1.5998313426971436,3.533735513687134,1.028918981552124,-2.34,0.39,1.65
1743704764.408573,2c08d2cc-7a1c-9d34-25ea-6265acb43d72,f260ac73-71b6-f7ec-c0c5-78f81260a743,18,-69.0,-81.0,-82.0,-80.0,-59.0,-47.0,-47.0,-2.4653968780588262,-1.1455937634659188,-2.604366749009668,-0.07552298745690307,1.0443404721479372,2.336445331883765,0.4505056054511475,0.7518579131548268,1.319177671210902,1.4850169733478802,0.24402050719118715,0.5880971269560753,0.19616063601947495,0.3650014485065535,-1.6370280981063843,3.3788328170776367,1.0471752882003784,-2.34,0.39,1.65
1743704765.416812,2c08d2cc-7a1c-9d34-25ea-6265acb43d72,be4e1236-b7c3-1322-77da-78cdff6351dc,24,-70.0,-86.0,-72.0,-78.0,-64.0,-48.0,-45.0,-2.473195146362796,-1.1517431355809662,-1.898777664527496,0.015051387532800829,0.8863697283725518,2.3388638453002755,0.46340104677935007,0.8315299058529915,1.3979993831520319,1.5005782230713767,0.1791406765832176,0.4587969641792991,0.18405004137905576,0.4276581049375352,-1.7137876749038696,3.172454357147217,1.0715885162353516,-2.34,0.39,1.65
1743704766.402268,2c08d2cc-7a1c-9d34-25ea-6265acb43d72,b12fb083-0a4c-b41b-bd07-9f0e2c1b3a2f,20,-75.0,-79.0,-74.0,-79.0,-63.0,-48.0,-45.0,-2.4826648145669,-1.1134888238927956,-2.4781923018322205,0.03551085629122557,0.8903940448693058,2.3388638453002755,0.48143199527326835,0.8462467337738512,1.4375346753245306,1.502152018117559,0.19318783600321998,0.5004395108068708,0.18405004137905576,0.3279457931522917,-1.8448351621627808,2.946458101272583,1.0990476608276367,-2.34,0.39,1.65
1743704767.408366,2c08d2cc-7a1c-9d34-25ea-6265acb43d72,076dc071-3778-d0fd-086e-b74864a806b0,23,-71.0,-86.0,-72.0,-77.0,-66.0,-48.0,-44.0,-2.4761347435740255,-1.1707052420164936,-2.4467315809267873,0.04048857068469267,0.8518674444449167,2.3388638453002755,0.45662756938282667,0.8946136007532709,1.4624223151854845,1.507349443300958,0.17069910507318212,0.47521050724717717,0.18405004137905576,0.39637938864828165,-1.9882341623306274,2.7291862964630127,1.1272815465927124,-2.34,0.39,1.65
1743704768.402333,2c08d2cc-7a1c-9d34-25ea-6265acb43d72,28ec7e6d-1c4c-46e9-d80f-b51b85febda7,22,-72.0,-82.0,-73.0,-75.0,-65.0,-48.0,-45.0,-2.448659443239896,-1.1976869254425773,-1.5768221282353643,0.025520540094011324,0.8903940448693058,2.3388638453002755,0.4534873777296924,0.8132927784452105,1.4504105265628457,1.493120839386937,0.1306287671929296,0.5004395108068708,0.18405004137905576,0.3807021208198334,-2.136793613433838,2.517651081085205,1.1544268131256104,-2.34,0.39,1.65
1743704769.401851,2c08d2cc-7a1c-9d34-25ea-6265acb43d72,16a5176b-bb73-d5b0-3085-bf1df0e6292a,21,-75.0,-80.0,-74.0,-76.0,-64.0,-48.0,-45.0,-2.4446889363706967,-1.2262835497536846,-2.750358576806722,0.07358766829274248,0.8967217243562249,2.3214315763746334,0.447678127555163,0.6860611228940294,1.4668138678230251,1.5170103264713288,0.11712520888568281,0.5424452602864597,0.18077379809480634,0.3492787032066267,-2.274637222290039,2.285060167312622,1.2257049083709717,-2.34,0.39,1.65
1743704770.415634,2c08d2cc-7a1c-9d34-25ea-6265acb43d72,842161e3-6d1d-7501-a0fb-0c9dac7fdc11,20,-75.0,nan,-75.0,-79.0,-62.0,-48.0,-45.0,-2.4265621304110727,nan,2.83113624741046,0.05945587028434601,0.9136789447289347,2.3214315763746334,0.47386074236282993,0.6191411444434911,nan,1.5081161673787915,0.11483906818217472,0.5640031835735076,0.18077379809480634,0.281443490671161,-2.3246471881866455,2.0427145957946777,1.3103348016738892,-2.34,0.39,1.65
1743704771.408341,2c08d2cc-7a1c-9d34-25ea-6265acb43d72,a57c243d-5184-52c9-6fb1-0aa1ce750bbb,15,-69.0,nan,-76.0,-74.0,-61.0,-47.0,-51.0,-2.423656621661796,nan,-2.3692280005671926,0.06572894623202766,1.027545395968302,2.3497131435046676,1.082924433454747,0.5388015638390706,nan,1.4976824348600792,0.09828095565076954,0.4914778970990351,0.2898021773600504,1.0514995481890783,-2.44980001449585,1.8648314476013184,1.3452646732330322,-2.34,0.39,1.65
1743704772.408329,2c08d2cc-7a1c-9d34-25ea-6265acb43d72,520ddc74-a911-f7d7-a3ee-85cadf7653f3,29,-67.0,nan,-75.0,-84.0,-61.0,-51.0,-46.0,-2.4453017297375244,nan,-1.9458389167825045,-0.04795048174298569,0.8621559637629105,2.345641239365875,0.5891172480098431,0.5043134612749764,nan,1.5162171039406493,0.12339911707120509,0.372759613952717,0.23638956404204692,0.9077040718381322,-2.6004104614257812,1.782043218612671,1.3708431720733643,-2.34,0.39,1.65
1743704773.411221,2c08d2cc-7a1c-9d34-25ea-6265acb43d72,2d9ae13d-af2e-bac7-22f7-5959e6ccf601,29,-68.0,nan,-75.0,-86.0,-60.0,-53.0,-46.0,-2.4519678882621014,nan,-2.4205902579826786,0.023881098126958544,0.7743597238043891,2.3513120885253005,0.45204914196838014,0.561546690603056,nan,1.4988562231105316,0.08558317002083987,0.29461328251005825,0.21189674982302378,0.784925853469137,-2.629852056503296,1.617418885231018,1.3985968828201294,-2.34,0.39,1.65
1743704774.408376,2c08d2cc-7a1c-9d34-25ea-6265acb43d72,72be370a-520b-2323-9d36-92ba700991e1,21,-73.0,nan,-73.0,-75.0,-64.0,-47.0,-45.0,-2.4134625736411905,nan,2.5561494185254565,0.0773957223354468,0.8212938442993843,2.336445331883765,0.45347138929283193,0.5475264790443338,nan,1.5309379931821712,0.11632097584837092,0.45961953808291717,0.19616063601947495,0.5450661214721544,-2.6103131771087646,1.515711784362793,1.4281586408615112,-2.34,0.39,1.65
1743704775.416645,2c08d2cc-7a1c-9d34-25ea-6265acb43d72,fb60782c-de07-2ec0-16ef-6991fdc87711,11,-67.0,-76.0,-73.0,-73.0,-55.0,-46.0,-53.0,-2.428927550091281,-0.7788348028909481,3.0203048406965323,0.07907378013830571,0.8830931144849229,2.325113298423546,0.3253490519767478,0.5937044939238173,1.394238467060622,1.5025622780834857,0.10867439121323774,0.48940985018362154,0.24426660181217608,0.4160513923124053,-2.56151556968689,1.4512819051742554,1.457413673400879,-2.34,0.39,1.65
1743704776.402498,2c08d2cc-7a1c-9d34-25ea-6265acb43d72,c7037d2e-d2a6-075f-548c-9d06383a77fc,17,-67.0,-83.0,-89.0,-78.0,-62.0,-47.0,-48.0,-2.410846284186297,0.7963368312588397,2.128793556297095,0.15342950408942704,0.9647880295969468,2.345641239365875,0.46063046932698865,0.49246419205785963,1.393865624508011,1.4417528561751072,0.1326294419947164,0.4738842969996543,0.23638956404204692,0.3151672832423587,-2.561049461364746,1.41633403301239,1.4603263139724731,-2.34,0.39,1.65
1743704777.416493,2c08d2cc-7a1c-9d34-25ea-6265acb43d72,b356732a-9863-fb83-f240-61e44550d7bb,23,-69.0,-85.0,-72.0,-75.0,nan,nan,nan,-2.437127689403744,0.8640634146245358,-1.886129779878492,0.0794599384963672,nan,nan,nan,0.5049094767269361,1.3576797900385045,1.5120822800321925,0.1484055672062903,nan,nan,nan,nan,nan,nan,-2.34,0.39,1.65
1743704778.409023,2c08d2cc-7a1c-9d34-25ea-6265acb43d72,566a5e10-45af-8122-d742-34d8b7f66c19,2,-69.0,-77.0,-70.0,-89.0,-49.0,-46.0,-47.0,-2.4210275490336697,1.2508774429464027,-1.659046694259343,0.08101362667631944,0.9409923313056996,2.2816767351229936,0.36367178598438044,0.5126021174041709,1.445822166320748,1.4663435535745173,0.167951288749952,0.47319990531917466,0.1969047736511877,0.27831880110018153,-2.574878692626953,1.4024465084075928,1.4600919485092163,-2.34,0.39,1.65
1743704779.408658,2c08d2cc-7a1c-9d34-25ea-6265acb43d72,7303aa77-a0c9-eb43-9cfc-c4cffd044efa,18,-71.0,-80.0,-84.0,-79.0,-62.0,nan,-47.0,-2.4166391921894372,1.033629544390971,3.077970800412236,0.06893539218448307,0.9647880295969468,nan,0.4695404754789992,0.5158802356794631,1.3972192101106928,1.5075174887657419,0.18473554526979694,0.4738842969996543,nan,0.25034809138366243,-2.4867327213287354,1.4095820188522339,1.46737802028656,-2.34,0.39,1.65
1743704780.410753,2c08d2cc-7a1c-9d34-25ea-6265acb43d72,b5d30e76-9c1c-0409-ba7d-b5d7ef58ed25,23,-72.0,-88.0,-72.0,-75.0,nan,-47.0,-45.0,-2.386312178960051,1.0765754138134798,2.2542273783753908,0.04998353891915218,nan,2.319017659295765,0.46598807065757036,0.5216935501544562,1.40763829524341,1.5152957833615361,0.2296391210543798,nan,0.19266350629866266,0.34639470726297916,-2.3349735736846924,1.5056681632995605,1.5063185691833496,-2.34,0.39,1.65
1743704781.40923,2c08d2cc-7a1c-9d34-25ea-6265acb43d72,afcc7f4d-8bf5-47b9-b0c0-c4e6351167e6,19,-71.0,-80.0,-79.0,-84.0,-63.0,-47.0,-45.0,-2.401876225002692,0.9773862453295875,2.103465296433787,0.05411623229873714,0.9472082094228405,2.319017659295765,0.5122731445632105,0.4183643313084677,1.3320179692486644,1.4359863134667583,0.1749140235514233,0.5134641669389921,0.19266350629866266,0.29157344888196357,-2.3722333908081055,1.5648366212844849,1.5327718257904053,-2.34,0.39,1.65
1743704782.417056,2c08d2cc-7a1c-9d34-25ea-6265acb43d72,c4f5634f-0377-e8c6-5846-e52a4104773a,4,-68.0,-78.0,-74.0,-81.0,-50.0,-48.0,-47.0,-2.4083072264030156,1.3315342060366517,2.1370727914939334,0.05172125153042888,0.9226148257538085,2.3044660953791753,0.39974009958716217,0.5209714673143948,1.4288367912043318,1.4914845932131922,0.1641625426251508,0.512765054937859,0.2515890493175618,0.27451728070857145,-2.3842616081237793,1.6063177585601807,1.568077802658081,-2.34,0.39,1.65
1743704783.413902,2c08d2cc-7a1c-9d34-25ea-6265acb43d72,2e557426-ea85-11d9-bfd8-710332e51e55,18,-68.0,-80.0,-83.0,-80.0,-63.0,-46.0,-47.0,-2.405021151933967,1.1002874012112183,1.649150787122772,0.08346400119530134,0.9393360401967069,2.313698014120044,0.5052484821152634,0.49557922500589807,1.4017568371340243,1.3736548949953995,0.14339712659174636,0.503216348318645,0.21634497296108657,0.2458422530712961,-2.4245147705078125,1.6247297525405884,1.5947048664093018,-2.34,0.39,1.65
1743704784.403535,2c08d2cc-7a1c-9d34-25ea-6265acb43d72,fbf521f8-2eed-ac88-6508-0d95b0c5b8c3,13,-68.0,-77.0,-73.0,-73.0,-58.0,-47.0,-54.0,-2.419146292039638,1.0273596642365974,1.5383244036235604,0.20381864244259829,0.9878499227864126,2.3322439896047324,0.7709980040039,0.39646452516398717,1.392783182682948,1.4499993344905375,0.11082536816904587,0.5032163483205662,0.2849072609456239,1.057779569404373,-2.57966423034668,1.6366403102874756,1.581876277923584,-2.34,0.39,1.65
1743704785.408338,2c08d2cc-7a1c-9d34-25ea-6265acb43d72,ac1877c8-9076-abac-0a2d-d9cb6acf8391,36,-66.0,-85.0,-72.0,-96.0,-55.0,-56.0,-49.0,-2.4383897614443324,0.9769375026859093,1.6933342275038405,0.20125082251954388,0.8743033039811757,2.345641239365875,0.41049650799569337,0.3893075793400219,1.3779070311498745,1.4954179489851849,0.11981860517651287,0.3547214658718158,0.23638956404204692,0.865099713859636,-2.7793917655944824,1.65088427066803,1.5520532131195068,-2.34,0.39,1.65
1743704786.403098,2c08d2cc-7a1c-9d34-25ea-6265acb43d72,17eaabbc-f0ab-87d3-6d26-4a548fb64102,0,-71.0,-76.0,-70.0,-88.0,-50.0,-46.0,-51.0,-2.4226371635965136,0.9504403814201658,1.9100494938412564,0.24248134988393263,0.8846065250834388,2.29904504185518,0.25098324788163884,0.4624103858668018,1.4368032381311404,1.5169052647663257,0.1194153193636908,0.3769785346428155,0.2007425487429814,0.5787443453583402,-2.969090223312378,1.6578969955444336,1.5121684074401855,-2.34,0.39,1.65
1743704787.409885,2c08d2cc-7a1c-9d34-25ea-6265acb43d72,76c85cbc-30ff-cfe8-103c-2dae776c113c,23,-69.0,-83.0,-72.0,-76.0,nan,-47.0,-45.0,-2.4579930239122967,1.0189414120308569,2.076897068766939,0.5387321884926741,nan,2.319017659295765,0.3623272590396493,0.4750798754101494,1.409434464240614,1.5216329083334341,0.11430513767312746,nan,0.19266350629866266,0.5118951113035451,-3.030670166015625,1.6809502840042114,1.495634913444519,-2.34,0.39,1.65
1743704788.415872,2c08d2cc-7a1c-9d34-25ea-6265acb43d72,77049165-d44e-de88-3ead-7399c27e78ec,18,-68.0,-80.0,-83.0,-78.0,-63.0,-47.0,-47.0,-2.4677923914593523,1.0130678102466872,1.7451582770523464,0.23217784594252508,0.9602412775881299,2.3214315763746334,0.48724408971344146,0.5184422632271466,1.3657512986703164,1.4939048740118563,0.1551019858987536,0.4346550316490766,0.18077379809480634,0.35883835071695724,-3.065911293029785,1.6852596998214722,1.480473279953003,-2.34,0.39,1.65
1743704789.417212,2c08d2cc-7a1c-9d34-25ea-6265acb43d72,35d83c85-e121-69da-3a02-56035690ac4f,10,-65.0,-74.0,-74.0,-72.0,-56.0,-47.0,-52.0,-2.42139533158021,1.0247859853591448,2.031992976994895,0.4348643786057307,0.9393360401967069,2.3164402862203355,0.34924047514259265,0.4414801035171647,1.409212489763756,1.4912509008275379,0.1342298603294211,0.503216348318645,0.20452129170634795,0.31291221353327064,-3.187532663345337,1.6780314445495605,1.4564851522445679,-2.34,0.39,1.65
1743704790.402789,2c08d2cc-7a1c-9d34-25ea-6265acb43d72,9f593348-1f5c-8aaa-00e6-af322f5eeaba,5,-69.0,-76.0,-78.0,-81.0,-50.0,-48.0,-47.0,-2.420298109211097,1.1009033903713537,1.8512836485953499,0.3059543323565542,0.9057140101563081,2.3497131435046676,0.3094308356538036,0.5375055697840972,1.5015372273799144,1.4980454237166572,0.1837672698317146,0.5221929493884414,0.2898021773600504,0.283373772159967,-3.3631227016448975,1.5972234010696411,1.4023561477661133,-2.34,0.39,1.65
1743704791.409583,2c08d2cc-7a1c-9d34-25ea-6265acb43d72,72a555e8-38d4-1f7e-45b1-66f2f8d44e17,28,-66.0,-90.0,-74.0,-83.0,-62.0,-51.0,-46.0,-2.447890322317081,1.0612808796731548,1.4884700280172771,-0.1852865033650639,0.764674238491198,2.345641239365875,0.3305411018946112,0.5478963588302321,1.4526164228937584,1.5142184015425446,0.22787768966464458,0.38050103415286407,0.23638956404204692,0.44909813324884745,-3.240795850753784,1.574130654335022,1.3658411502838135,-2.34,0.39,1.65
1743704792.417541,2c08d2cc-7a1c-9d34-25ea-6265acb43d72,67671ae6-4b63-b058-7cb4-f5c9df6f8cf4,35,-64.0,-86.0,-72.0,nan,-56.0,-55.0,nan,-2.429937953408857,1.0334881305370878,2.160427116357274,nan,0.7707461217600707,2.3513120885253005,nan,0.5653646649208208,1.4151128563168809,1.501042278891323,nan,0.28211426105582077,0.21189674982302378,nan,nan,nan,nan,-2.34,0.39,1.65
1743704793.417256,2c08d2cc-7a1c-9d34-25ea-6265acb43d72,208c353d-b44a-3541-17b3-44aaf5baf755,18,-68.0,-79.0,-83.0,-77.0,-62.0,-47.0,-47.0,-2.431441041528098,0.9959647234100895,1.729277847472204,0.21396262303471011,0.872916463755288,2.336445331883765,0.46323401428641037,0.5157746413422414,1.3935813320616448,1.478729116856149,0.23475037633175755,0.3953356326761137,0.19616063601947495,0.33079144072670363,-3.072333335876465,1.577980637550354,1.3313833475112915,-2.34,0.39,1.65
1743704794.416759,2c08d2cc-7a1c-9d34-25ea-6265acb43d72,2c37f7ac-1fed-49d2-c438-859c45f759e8,34,-65.0,nan,-73.0,nan,-56.0,-53.0,-48.0,-2.418812065322833,nan,2.3337930443670345,nan,0.8131381547996035,2.336445331883765,0.3750535092387359,0.6006035458857221,nan,1.506396963737091,nan,0.29692573326474814,0.19616063601947495,0.47619013511682334,-2.881584644317627,1.5751628875732422,1.3047590255737305,-2.34,0.39,1.65
1743704795.415969,2c08d2cc-7a1c-9d34-25ea-6265acb43d72,63d706ba-dddd-443f-48a7-3f178fd48f1e,4,-66.0,-78.0,-74.0,-83.0,-50.0,-48.0,-48.0,-2.376298693261353,1.0917719436256899,2.635796577246456,0.248979729259835,0.8328009821549605,2.321857429758642,0.318514123576736,0.5836895434865197,1.4953316625658664,1.5007308222018385,0.24093129026096566,0.39798152906022266,0.25619791660460933,0.3663800234524172,-2.683979034423828,1.5965166091918945,1.2968120574951172,-2.34,0.39,1.65
1743704796.418219,2c08d2cc-7a1c-9d34-25ea-6265acb43d72,7b1862dd-c72d-10dd-17a9-cae9cc9d2c59,27,-68.0,-87.0,-76.0,-81.0,-63.0,-49.0,-45.0,-2.3985286315124625,1.1195085000627565,2.3647464330848074,0.21563668609593395,0.7605783112908646,2.3485607297283893,0.35569711967965806,0.6182523144296771,1.4084894415277995,1.50732733906391,0.297584649551194,0.31200562028282564,0.2241607862552026,0.47921342920224724,-2.48064112663269,1.6248669624328613,1.2991242408752441,-2.34,0.39,1.65
1743704797.41662,2c08d2cc-7a1c-9d34-25ea-6265acb43d72,42a28f7c-7ac5-76dd-3f77-2063274a2df4,5,-68.0,-77.0,-76.0,-82.0,-50.0,-48.0,-50.0,-2.383818128599192,1.210475691313247,2.925019600054587,0.20212886673094302,0.7914300032476127,2.3594621510830667,0.2999348444264581,0.6207741282449004,1.4533320142786625,1.468579144151584,0.29552392878920436,0.4426843706220697,0.3194733207224177,0.36836968977676543,-2.3087737560272217,1.6585429906845093,1.3011877536773682,-2.34,0.39,1.65
1743704798.419028,2c08d2cc-7a1c-9d34-25ea-6265acb43d72,07e92a8f-2a49-0d3f-a86a-64291d5a1fec,6,-68.0,-75.0,-80.0,-81.0,-51.0,-48.0,nan,-2.4214531221758646,1.2046678696080022,-2.9519633334351374,0.19122561891204962,0.8413037360799406,2.350948660895975,nan,0.5578768879104403,1.4916180175838052,1.481339946830808,0.3494058029120145,0.4949119044803864,0.344133056191007,nan,-2.1536433696746826,1.6787636280059814,1.302025318145752,-2.34,0.39,1.65
1743704799.410433,2c08d2cc-7a1c-9d34-25ea-6265acb43d72,7ce4acad-efbc-56d5-0a40-8066ee121cae,33,-64.0,nan,-72.0,-88.0,-58.0,-52.0,-48.0,-2.4232693980392987,nan,-2.3812138233692033,0.0749493425581,0.8081570901983913,2.356765382785963,0.3029745812046376,0.6011026222740028,nan,1.5092207134409017,0.3801140476514457,0.3384523429873006,0.26519113514515136,0.5207012548575866,-1.9757905006408691,1.7112606763839722,1.307532548904419,-2.34,0.39,1.65
1743704800.416865,2c08d2cc-7a1c-9d34-25ea-6265acb43d72,b252849d-6a74-f636-f635-ff5572f076a5,24,-68.0,-85.0,-73.0,-77.0,nan,-48.0,-45.0,-2.4223639232686716,1.216028115869953,-2.228307896750086,0.03748878603282742,nan,2.3485607297283893,0.37843162553304865,0.6123179925726535,1.4827094774213812,1.490453284081059,0.19648056837499395,nan,0.2241607862552026,0.49241947144535525,-2.1684510707855225,1.699400782585144,1.3401618003845215,-2.34,0.39,1.65
1743704801.403634,2c08d2cc-7a1c-9d34-25ea-6265acb43d72,3f8d9273-fa2e-f9f2-4a26-8b084f8e9a4d,31,-65.0,-95.0,-73.0,-93.0,-59.0,-51.0,-48.0,-2.392466211607006,1.3786657657444379,-2.291392856651883,0.03429246009251432,0.7848272706573696,2.3338626014578723,0.38190458662892907,0.6842467112433585,1.454536162565542,1.5062976278284308,0.17343641855486325,0.2651911351080645,0.20823976654476112,0.5931997760977545,-2.479440450668335,1.655238151550293,1.3983889818191528,-2.34,0.39,1.65
1743704802.417319,2c08d2cc-7a1c-9d34-25ea-6265acb43d72,3dc6d8a9-46e0-cb5a-f6c9-f1624e53e465,17,-68.0,-80.0,nan,-76.0,-62.0,-48.0,-49.0,-2.3944571908379495,1.5193360650512955,nan,0.10628143278288224,0.9254900523655357,2.3338626014578723,0.47858590908730464,0.6692198247925862,1.461685817986023,nan,0.17082152725954172,0.33421691381302654,0.20823976654476112,0.40857190240598434,-3.0267720222473145,1.58471417427063,1.45168936252594,-2.34,0.39,1.65
1743704803.416779,2c08d2cc-7a1c-9d34-25ea-6265acb43d72,8b5170b2-f867-f340-0317-e6d135508994,32,-64.0,-92.0,-72.0,-91.0,-58.0,-52.0,-48.0,-2.4233735276379207,1.3547537749488345,-2.909754893318471,-0.16452396687458812,0.8405445554958689,2.336445331883765,0.40945612915375723,0.646262510668749,1.5033656206263082,1.5020492200994824,0.12296423950995199,0.26325377986269966,0.19616063601947495,0.5372708708961398,-3.431736946105957,1.5313050746917725,1.5056272745132446,-2.34,0.39,1.65
1743704804.416927,2c08d2cc-7a1c-9d34-25ea-6265acb43d72,816c14bb-5bc6-d4b1-b1af-0753b23fedc0,20,-71.0,-79.0,-73.0,-79.0,-61.0,-47.0,-45.0,-2.422372978016378,1.3810807202209219,-2.9585914087561265,0.019814451142407548,0.8900510520441863,2.336445331883765,0.45662756938282667,0.6473994807171312,1.4824410307835012,1.5073467801398677,0.05842546413026994,0.3880002448716914,0.19616063601947495,0.39637938864828165,-3.778061628341675,1.5084537267684937,1.549417495727539,-2.34,0.39,1.65
1743704805.41046,2c08d2cc-7a1c-9d34-25ea-6265acb43d72,4836b840-3e03-99fb-237f-ac614bdb3ddb,8,-66.0,-74.0,-79.0,-77.0,-54.0,-47.0,-50.0,-2.4362160893626097,1.7694010324553378,-2.636270353604381,0.09738008315540139,0.9074228048787796,2.335855239679225,0.3349241776003182,0.7309743359928069,1.5156049763640942,1.4677668800191104,0.11171752713422244,0.49147789709436973,0.2728420409462208,0.3477976750695038,-4.076786994934082,1.4834173917770386,1.5755136013031006,-2.34,0.39,1.65
1743704806.417154,2c08d2cc-7a1c-9d34-25ea-6265acb43d72,1a3cb238-74e1-8b4e-7885-8e21ee8ea4e3,36,-66.0,-84.0,-72.0,nan,-54.0,-55.0,-48.0,-2.424067813734104,1.7887835188689343,-2.3479386908130992,nan,0.8126943356077836,2.345641239365875,0.29463835917752146,0.7849770510500794,1.4791893110925145,1.486287966978121,nan,0.35048116948319036,0.23638956404204692,0.4706600958145782,-4.228718280792236,1.5211668014526367,1.59460711479187,-2.34,0.39,1.65
1743704807.403785,2c08d2cc-7a1c-9d34-25ea-6265acb43d72,8121b462-b125-3ff5-eb0d-574bf2d40c34,10,-65.0,-74.0,-76.0,-72.0,-57.0,-47.0,-53.0,-2.418510861803545,2.0516652153350923,-1.9174183274194512,0.16111884910481286,0.8587414268513541,2.3281982579771294,0.24403666757679277,0.6840556294351453,1.4970511325236755,1.4726737543275812,0.1317638896733054,0.48665990417589156,0.23229496321363016,0.3736386576670095,-4.351956367492676,1.551526665687561,1.6138554811477661,-2.34,0.39,1.65
1743704808.403218,2c08d2cc-7a1c-9d34-25ea-6265acb43d72,914f2ea9-aa13-06a9-894c-37812ba02d7d,11,-65.0,-75.0,-74.0,-72.0,-58.0,-47.0,-55.0,-2.430960340951338,2.049822840492975,-1.5833153144471412,0.24158386459657596,0.9149008054087097,2.345641239365875,0.20160693878944258,0.687061872252654,1.4704425579663127,1.4578043938552874,0.17591289205252794,0.5021740092526361,0.23638956404204692,0.3081953184635931,-4.4733662605285645,1.5751194953918457,1.6284836530685425,-2.34,0.39,1.65
1743704809.404101,2c08d2cc-7a1c-9d34-25ea-6265acb43d72,77e72675-cacd-dc38-3ebd-71f30f9a4d2a,13,-68.0,-79.0,-74.0,-73.0,-59.0,-47.0,-53.0,-2.391452079863904,1.9589525883061636,-1.0132182788482766,0.2774507855255451,0.931696985213276,2.345919117010725,0.496992864978203,0.6388076569873447,1.478133900352516,1.4370751468784375,0.18668827484958392,0.49285927046162664,0.3020398666518934,1.1590614990643815,-4.616835594177246,1.5848066806793213,1.616960883140564,-2.34,0.39,1.65
1743704810.410026,2c08d2cc-7a1c-9d34-25ea-6265acb43d72,e6d453d6-1019-ed19-1e55-df378c010229,27,-68.0,-95.0,-74.0,-81.0,-62.0,-50.0,-44.0,-2.434746557073104,1.8367827364598688,-1.1201655019036787,0.2377238789126151,1.807504438922533,2.345641239365875,0.41049650799569337,0.6409293974278109,1.4150053977668962,1.500862515517743,0.20699572704403557,0.7932102870896168,0.23638956404204692,0.865099713859636,-4.312126636505127,1.6992805004119873,1.5883857011795044,-2.34,0.39,1.65
1743704811.409393,2c08d2cc-7a1c-9d34-25ea-6265acb43d72,175fb37a-cc47-a188-231c-7f2957fa6589,28,-67.0,-89.0,-74.0,-84.0,-59.0,-52.0,-46.0,-2.4326554429851734,1.1726481511897615,-1.0799861242215443,0.11795087204739144,1.0512137236864172,2.3513120885253005,0.40188391318568617,0.6500963973740269,1.0230336253618728,1.5184083528855663,0.18166155829205938,0.6905995185069728,0.21189674982302378,0.7265637580584703,-3.8505430221557617,1.8668993711471558,1.5444937944412231,-2.34,0.39,1.65
1743704812.417578,2c08d2cc-7a1c-9d34-25ea-6265acb43d72,585c10b2-cba7-d2b0-110e-cc2af3197cae,14,-67.0,-81.0,-75.0,-73.0,-61.0,-47.0,-51.0,-2.4325662270886563,1.1418710637361513,-0.9252637885809383,0.20176348102938416,1.0443404721479372,2.3533277804323736,1.3087276886144619,0.6266884763937484,1.0213977120832642,1.4709799838742905,0.21666065489031258,0.5880971269560753,0.27751847681231684,1.2451290843758456,-3.3622536659240723,2.043020248413086,1.4885656833648682,-2.34,0.39,1.65
1743704813.415693,2c08d2cc-7a1c-9d34-25ea-6265acb43d72,4616515a-decb-6acc-7e78-738f2f2c30ff,10,-65.0,-75.0,-75.0,-72.0,-57.0,-47.0,-53.0,-2.400960097587705,1.151359640383995,-0.892263094775167,0.2773069748266808,0.9577003624260343,2.3281982579771294,0.37001942985490677,0.6411851940505131,1.081100790295797,1.4851241655817562,0.21684218260811514,0.5847124734124513,0.23229496321363016,0.8379745027094441,-3.01717472076416,2.1951591968536377,1.4280803203582764,-2.34,0.39,1.65
1743704814.415988,2c08d2cc-7a1c-9d34-25ea-6265acb43d72,9d67232d-7507-ecb3-3722-8edc35bcfeeb,33,-63.0,-88.0,-72.0,-89.0,-56.0,-52.0,-48.0,-2.4278489698497987,1.1452538109527706,-0.83311348801618,0.05788939893116141,0.8501683769784573,2.3338626014578723,0.3336486528412032,0.6882604279012441,1.0629096024168199,1.5244615848852618,0.35386276944383027,0.39108532475348934,0.20823976654476112,0.7396427463705324,-2.6873972415924072,2.3846662044525146,1.3898930549621582,-2.34,0.39,1.65
1743704815.403529,2c08d2cc-7a1c-9d34-25ea-6265acb43d72,05ba5163-b081-e727-f4e1-14ca3d0e649a,29,-66.0,-86.0,-74.0,-83.0,-58.0,-52.0,-46.0,-2.4140258322117427,1.0540080530522573,-0.7335730485845063,-0.09423409095969079,0.7956735364294273,2.336445331883765,0.3460523075250789,0.6945656615190885,1.084426878760224,1.4999574402212799,0.2789749625516679,0.3020398666102595,0.19616063601947495,0.7027656856600591,-2.3885862827301025,2.565993547439575,1.3871451616287231,-2.34,0.39,1.65
1743704816.40999,2c08d2cc-7a1c-9d34-25ea-6265acb43d72,091f6c3f-761f-efe2-344d-ac4cf1248f69,15,-68.0,-80.0,-76.0,-75.0,-63.0,-47.0,-50.0,-2.4372893432819116,1.0945062111168744,-1.0286030941495556,0.006694388032132181,0.9795643556258375,2.3497131435046676,1.5276269415618615,0.6705731101005101,1.1322678380033804,1.4452626361757224,0.2476474163454956,0.3596124464220347,0.2898021773600504,1.1864470993239014,-2.2685306072235107,2.6571218967437744,1.3886823654174805,-2.34,0.39,1.65
1743704817.416804,2c08d2cc-7a1c-9d34-25ea-6265acb43d72,2f3a76a2-5391-f2bf-45b1-0dad2cdaa827,20,-72.0,-78.0,-74.0,-79.0,-63.0,-48.0,-45.0,-2.4518893250099443,0.969940313237835,-0.9584466426052711,-0.001397626940073584,0.9669830623141754,2.3281982579771294,0.6699722718193761,0.6780669125128569,1.115626210404666,1.4532423989079815,0.17394063817299932,0.44461336028823584,0.23229496321363016,0.7870295067571893,-2.1655635833740234,2.73003625869751,1.3971288204193115,-2.34,0.39,1.65
1743704818.403508,2c08d2cc-7a1c-9d34-25ea-6265acb43d72,6a847f20-d5ae-7766-5a70-3e9aef15323f,8,-67.0,-74.0,-78.0,-78.0,-54.0,-47.0,-51.0,-2.4376243689470436,0.9548521740819911,-1.1620526316348265,-0.006973220998263477,0.9558813241193606,2.335855239679225,0.3895796342979528,0.6863557350896194,1.3568660611674308,1.4021753528993306,0.1769134083845571,0.493550762750134,0.2728420409462208,0.5409683638711968,-2.0533454418182373,2.7964882850646973,1.4116545915603638,-2.34,0.39,1.65
1743704819.403756,2c08d2cc-7a1c-9d34-25ea-6265acb43d72,bf5b6995-f328-672c-d554-a36ce0c2fe28,6,-70.0,-74.0,-80.0,-82.0,-51.0,-48.0,-50.0,-2.422236624168566,0.9322629753998299,-1.3353437248179556,0.005021390235344403,0.8967217243562249,2.3594621510830667,0.30642350873970836,0.707920149384318,1.4506757774074177,1.2575095130090272,0.20349774817600058,0.5424452602864597,0.3194733207224177,0.41834282641628806,-1.9224441051483154,2.8621902465820312,1.443375825881958,-2.34,0.39,1.65
1743704820.415705,2c08d2cc-7a1c-9d34-25ea-6265acb43d72,f6b511f6-8f0a-374d-4131-9ad997208428,6,-69.0,-74.0,-81.0,-85.0,-52.0,-48.0,-50.0,-2.4353047556375844,0.9340744575733019,-1.39461477172265,-0.08165837797622762,0.9050699068052795,2.328898317827381,0.2609755888086072,0.7847937589880547,1.5210299686626403,1.2201913024440196,0.3722466037381609,0.5532824127255123,0.35048116953040404,0.3551413412035351,-1.863853096961975,2.87469482421875,1.4683406352996826,-2.34,0.39,1.65
1743704821.410069,2c08d2cc-7a1c-9d34-25ea-6265acb43d72,27bda9be-b890-9699-0e64-38e33d6bcb7b,13,-71.0,-78.0,-73.0,-73.0,-58.0,-47.0,-53.0,-2.4102193760656925,1.0050945722590992,-1.0947634724781758,0.028625519608934707,0.8967217243562249,2.3719842617376594,0.7143391354844943,0.6916465706482526,1.501662129635039,1.3954937480404306,0.3232911115788065,0.5424452602864597,0.39306581237008714,1.1646498283876148,-1.8437970876693726,2.8487706184387207,1.4573209285736084,-2.34,0.39,1.65
1743704822.418131,2c08d2cc-7a1c-9d34-25ea-6265acb43d72,0f1394b0-fd10-36a1-9896-ac6bad6afe43,28,-68.0,-83.0,-74.0,-81.0,-61.0,-53.0,-46.0,-2.4224028054205866,1.1378129388670888,-1.05865273915141,-0.14624509441672026,0.7872775544194179,2.3533277804323736,0.43702822044846984,0.7116669507219504,1.4862634658960918,1.4627970219508588,0.1861423934051449,0.3869382422839162,0.27751847681231684,0.9128343153630395,-1.8198394775390625,2.8115389347076416,1.4590022563934326,-2.34,0.39,1.65
1743704823.410331,2c08d2cc-7a1c-9d34-25ea-6265acb43d72,81398115-1e2e-46c5-cab1-a2d2f54444e9,28,-67.0,-82.0,-74.0,-81.0,-61.0,-52.0,-46.0,-2.4515074277096267,1.0883899953573983,-1.0239404317130447,-0.17364396202756452,0.7179118618016956,2.3631183711609456,0.35049050831632383,0.6604989043289583,1.4567782778872795,1.5185865183624925,0.17679464804469636,0.2954015192830881,0.2404147567047194,0.7889720380578958,-1.7929408550262451,2.7637171745300293,1.486795425415039,-2.34,0.39,1.65
1743704824.417622,2c08d2cc-7a1c-9d34-25ea-6265acb43d72,aaabb2e9-bc5c-658b-c638-8ac9888451b9,13,-67.0,-76.0,-74.0,-74.0,-57.0,-49.0,-53.0,-2.4220214407524874,1.133848557268397,-0.8967854086222304,-0.164216904400902,0.8153333882898302,2.3634390046047336,1.1738138961791802,0.6163190592153613,1.4111094594082194,1.4845160327468363,0.22823402061849718,0.4047693502033382,0.3070671024916124,1.3053684389878906,-1.8067094087600708,2.66379451751709,1.5117878913879395,-2.34,0.39,1.65
1743704825.410527,2c08d2cc-7a1c-9d34-25ea-6265acb43d72,f1ef7116-4785-d95f-5481-d904d4ab7085,11,-67.0,-74.0,-74.0,-73.0,-56.0,-47.0,-55.0,-2.4417751718220413,1.1341715987086236,-0.7484896801661491,-0.05506085553738825,0.8561931277201613,2.355299648366956,0.3448180848047227,0.5602530601035499,1.43203711188628,1.4730908053542875,0.23600847027546784,0.4443586694216641,0.3318294786313438,0.8426522447657523,-1.8268449306488037,2.559860944747925,1.5218793153762817,-2.34,0.39,1.65
1743704826.409769,2c08d2cc-7a1c-9d34-25ea-6265acb43d72,703a6bcf-eea7-1d36-1392-e675adb11c50,6,-74.0,-74.0,-79.0,-87.0,-52.0,-48.0,-49.0,-2.4221945462233427,1.142354960106219,-0.9396291458169347,-0.10503880181825126,0.8760263720236056,2.350948660895975,0.2889682995683805,0.5443276896800123,1.4868672045152127,1.4733323540651573,0.28287694295706795,0.4782833065467825,0.344133056191007,0.5567866441228401,-1.8279497623443604,2.4715805053710938,1.5302308797836304,-2.34,0.39,1.65
1743704827.417187,2c08d2cc-7a1c-9d34-25ea-6265acb43d72,3dcc53b8-37f9-3419-c127-ad1389be4ced,4,-71.0,-76.0,-73.0,nan,-50.0,-48.0,-48.0,-2.4195303198688274,1.3451994182220661,-0.8926689605252949,nan,0.8587414268513541,2.341943239906031,0.30414332950177525,0.8466247694905881,1.4434122718503355,1.4991145497362692,nan,0.48665990417589156,0.31422912082428944,0.40169649364216486,-1.8136546611785889,2.4007458686828613,1.5274523496627808,-2.34,0.39,1.65
1743704828.411249,2c08d2cc-7a1c-9d34-25ea-6265acb43d72,87c23ff3-7864-86f8-471d-76f1002d61b4,20,-71.0,-77.0,-73.0,-77.0,-63.0,-47.0,-45.0,-2.4592662812294637,1.3398656391908557,-0.708054106387149,0.09678752981285876,0.9101469485787667,2.3425517930540276,0.38781205333777774,0.8216069676313563,1.4549115351211885,1.5095276427565336,0.21939968278194547,0.46117059376713443,0.2485808738424719,0.3249942229738026,-1.8070623874664307,2.34079360961914,1.524531602859497,-2.34,0.39,1.65
1743704829.417663,2c08d2cc-7a1c-9d34-25ea-6265acb43d72,da2fbb85-3361-457b-fdb9-a5575416030f,14,-68.0,-78.0,-77.0,-74.0,-61.0,-47.0,-51.0,-2.423009473516907,1.2679368539411235,-0.7102751827362751,0.1220936854391187,0.9558813241193606,2.3634390046047336,1.073061067486256,0.7842332301576204,1.4048238666034143,1.4465156534686048,0.1801715030174032,0.493550762750134,0.3070671024916124,1.0895295784914487,-1.8511279821395874,2.261286973953247,1.5128728151321411,-2.34,0.39,1.65
1743704830.403611,2c08d2cc-7a1c-9d34-25ea-6265acb43d72,be97c7c6-cffb-6b4f-efe7-2fea1e66ee68,9,-67.0,-75.0,-81.0,-75.0,-55.0,-46.0,-52.0,-2.425607919792497,1.36541494142464,-1.1928229280276565,0.15209153195777125,0.9472082094211703,2.335855239679225,0.45315545909834637,0.7814829836998954,1.4914284005141916,1.4238809147318032,0.17829745320307128,0.5438679928293289,0.2728420409462208,0.7323011104200389,-1.8663021326065063,2.1687216758728027,1.4796133041381836,-2.34,0.39,1.65
1743704831.404397,2c08d2cc-7a1c-9d34-25ea-6265acb43d72,1777c57f-fd06-a5d3-c35f-ecaea27ca6f5,9,-67.0,-74.0,-81.0,-75.0,-55.0,-45.0,-52.0,-2.427180782732298,1.4902223880145493,-1.3604963492073723,0.20206894560641622,0.9393360401933148,2.3533277804323736,0.3197437617250626,0.7170059229172868,1.4511775169567884,1.3239961285711823,0.26174768918448826,0.5643636300690953,0.27751847681231684,0.5013739587332307,-1.8741066455841064,2.1048457622528076,1.4713325500488281,-2.34,0.39,1.65
1743704832.404186,2c08d2cc-7a1c-9d34-25ea-6265acb43d72,946452d9-a67e-4974-e5b9-f1f02c8715f5,15,-68.0,-79.0,-79.0,-76.0,-62.0,-47.0,-49.0,-2.438104270575476,1.3805715238204987,-1.291776673071186,0.24151595398877893,1.0200924590815272,2.355299648366956,0.4505056054511475,0.6602678085253667,1.4125562216704048,1.2085458316293212,0.1314927049729297,0.5113685063793599,0.3318294786313438,0.3650014485065535,-1.8986732959747314,2.0321154594421387,1.451823353767395,-2.34,0.39,1.65
1743704833.41794,2c08d2cc-7a1c-9d34-25ea-6265acb43d72,1e73956a-6473-070d-f5fa-e037f61f7da0,7,-73.0,-75.0,-80.0,-84.0,-53.0,-48.0,-51.0,-2.4075530191823047,1.5117657633366361,-1.2594769232643233,0.22654446128868047,0.9884004323000951,2.350948660895975,0.3512324495848389,0.6793334453482711,1.4740287706902133,1.2576587831881263,0.2524680375241617,0.5329088445663526,0.344133056191007,0.3293060017849674,-1.9696712493896484,1.9803529977798462,1.4019899368286133,-2.34,0.39,1.65
1743704834.418132,2c08d2cc-7a1c-9d34-25ea-6265acb43d72,b87dbed5-a0bd-80e4-a476-85c11286f8e5,10,-68.0,-75.0,-78.0,-74.0,-57.0,-46.0,-53.0,-2.394517910910803,1.3609120686535336,-1.2729352078330387,0.3243021806866551,0.9472082094211703,2.3497131435046676,0.2913166840632339,0.6780339558943671,1.4815166475691348,1.2916618908282034,0.1867375433297504,0.5438679928293289,0.2898021773600504,0.28488357491476235,-2.0591399669647217,1.9301000833511353,1.331498622894287,-2.34,0.39,1.65
1743704835.417963,2c08d2cc-7a1c-9d34-25ea-6265acb43d72,c9f1bffe-220a-c8c0-3028-a13c689fd22c,32,-66.0,-87.0,-72.0,-95.0,-58.0,-53.0,-49.0,-2.4292764241940814,1.2442427097226885,-1.2383419436953997,0.23310435968576365,0.8448617368668315,2.345641239365875,0.29728212570210394,0.6787431556926552,1.4292188216627035,1.373568608576081,0.2099635537628199,0.3795336926427656,0.23638956404204692,0.48735461379917083,-2.1564080715179443,1.8962059020996094,1.2749370336532593,-2.34,0.39,1.65
1743704836.409886,2c08d2cc-7a1c-9d34-25ea-6265acb43d72,a8f2956d-6658-cc99-1f5a-1e041dd13141,10,-67.0,-75.0,-77.0,-74.0,-56.0,-46.0,-54.0,-2.4214411379509593,1.4133065673075347,-1.221597052025418,0.28413558617775303,0.8587414268513541,2.3281982579771294,0.2626946045862578,0.5981925861508732,1.4837285360124999,1.4814460738002475,0.1726040142666454,0.48665990417589156,0.23229496321363016,0.37199980078529016,-2.2611303329467773,1.8581898212432861,1.2152183055877686,-2.34,0.39,1.65
1743704837.418375,2c08d2cc-7a1c-9d34-25ea-6265acb43d72,ce80f97c-67f9-0a60-144d-1bbbdb4c3136,3,-68.0,nan,nan,nan,-50.0,-49.0,-49.0,-2.4426833097537584,nan,nan,nan,0.8691899781189448,2.2963122894279064,0.276148185176907,0.6077213099521496,nan,nan,nan,0.4670635589761637,0.21234119077655958,0.31990321624908996,nan,nan,nan,-2.34,0.39,1.65
1743704838.417467,2c08d2cc-7a1c-9d34-25ea-6265acb43d72,4858b5b8-8373-2295-d6be-8c1b7f185b7b,33,-67.0,-88.0,-73.0,-91.0,-57.0,-53.0,-49.0,-2.477300409183153,1.529066723042227,-1.2454994554410972,0.0934449963287003,0.8255997049529236,2.319017659295765,0.2580775415326144,0.6147148375537249,1.498744769818912,1.5189613582859216,0.11699235875917989,0.3326759586997372,0.19266350629866266,0.49199361190373647,-2.37596845626831,1.8079898357391357,1.1821743249893188,-2.34,0.39,1.65
1743704839.411656,2c08d2cc-7a1c-9d34-25ea-6265acb43d72,d6d4cd8b-06b9-7937-6e13-45363426fc2e,29,-69.0,-85.0,-74.0,-83.0,-58.0,-52.0,-46.0,-2.4768103875425784,1.3384823933206684,-1.2693248935012729,-0.05236280703702897,0.7848272706573696,2.336445331883765,0.27159619812062435,0.6456806765495939,1.4873923798821767,1.5098912974033838,0.12441540431031457,0.2651911351080645,0.19616063601947495,0.5762231307522788,-2.483417510986328,1.75153386592865,1.1535630226135254,-2.34,0.39,1.65
1743704840.408772,2c08d2cc-7a1c-9d34-25ea-6265acb43d72,7f0b51d7-1c3e-535e-4d79-de8c3697f668,22,-70.0,-79.0,-72.0,-75.0,nan,-48.0,-45.0,-2.4926993392382095,1.3537082179048694,-1.3104299859783186,-0.06760381163944344,nan,2.3214315763746334,0.35261460011900764,0.6692931283015907,1.4840421232308567,1.4661230438362587,0.1116236007715267,nan,0.18077379809480634,0.46284322610773637,-2.4655237197875977,1.6970171928405762,1.145243763923645,-2.34,0.39,1.65
1743704841.418157,2c08d2cc-7a1c-9d34-25ea-6265acb43d72,33c0e1ab-551f-f9ef-7031-4a2e32b09667,31,-70.0,-87.0,-73.0,-88.0,-58.0,-52.0,-47.0,-2.470867010937849,1.2819450812749402,-1.328373433296891,-0.15986503286360357,0.7755547194754181,2.3214315763746334,0.357216448393868,0.7223329108877179,1.4618362865876124,1.5173160573644704,0.15559195760505773,0.2279702158947156,0.18077379809480634,0.580585837546387,-2.4505093097686768,1.6534560918807983,1.1699330806732178,-2.34,0.39,1.65
1743704842.40455,2c08d2cc-7a1c-9d34-25ea-6265acb43d72,86121129-30ac-4bdb-8b77-919de6e5f53e,18,-66.0,-78.0,nan,-79.0,-62.0,-47.0,-46.0,-2.4511681409867503,1.2418517236960154,nan,-0.14262346165032153,0.8866176677552078,2.3040203415324974,0.4751909380164328,0.6742224397422457,1.4451518486743749,nan,0.1614123627464532,0.3369809635090729,0.17744387549629217,0.3930658123085204,-2.445547342300415,1.60583770275116,1.1985608339309692,-2.34,0.39,1.65
1743704843.404834,2c08d2cc-7a1c-9d34-25ea-6265acb43d72,39dd801d-334f-4a24-b45c-6c7146445165,28,-66.0,-87.0,nan,-81.0,-61.0,-53.0,-46.0,-2.4844699051537553,1.1479470657631674,nan,-0.10162090087524357,0.8057374137607588,2.3214315763746334,0.42104672422151096,0.6304090455946436,1.4035840319579278,nan,0.19103673421173575,0.27284204090889497,0.18077379809480634,0.5016004666424818,-2.4345946311950684,1.5994781255722046,1.2309316396713257,-2.34,0.39,1.65
1743704844.410337,2c08d2cc-7a1c-9d34-25ea-6265acb43d72,6a7e5b45-37d6-ae50-8038-2fc7768a1bb7,19,-71.0,-77.0,nan,-81.0,-61.0,-47.0,-46.0,-2.468992145530433,1.0616425369491875,nan,-0.011113104912791652,0.8866176677552078,2.3040203415324974,0.48724408971344146,0.6260978538429961,1.3247330252448073,nan,0.1827548192090505,0.3369809635090729,0.17744387549629217,0.35883835071695724,-2.415397882461548,1.5872873067855835,1.276271104812622,-2.34,0.39,1.65
1743704845.418699,2c08d2cc-7a1c-9d34-25ea-6265acb43d72,d3294289-1985-23f0-4384-fbffb6428234,9,-67.0,-74.0,nan,-75.0,-54.0,-44.0,-52.0,-2.4415482704971665,1.230910925305752,nan,-0.001860484337529356,0.8760263720236056,2.3164402862203355,0.3309992991555308,0.6484654775224625,1.4117781791579382,nan,0.17251586363456373,0.4782833065467825,0.20452129170634795,0.31480779192786434,-2.409210205078125,1.579932451248169,1.328513264656067,-2.34,0.39,1.65
1743704846.404797,2c08d2cc-7a1c-9d34-25ea-6265acb43d72,42356cdc-dc83-49a4-b36e-9125a5ec987f,19,-73.0,-77.0,nan,-80.0,-62.0,-47.0,-46.0,-2.4472287931023056,1.144411186783869,nan,0.1038973709750433,0.9171056033156971,2.319017659295765,0.453689861389943,0.5427983361345207,1.299048700743756,nan,0.16549059448174605,0.47183267368006626,0.19266350629866266,0.26818188727261033,-2.423496961593628,1.5568996667861938,1.370032787322998,-2.34,0.39,1.65
1743704847.405221,2c08d2cc-7a1c-9d34-25ea-6265acb43d72,8e51f4f7-9cba-7277-2e49-b10cae5a12bb,34,-65.0,-92.0,-73.0,-92.0,-56.0,-53.0,-48.0,-2.440797791701982,0.9361911380076969,0.21351361407492275,0.10312319004615726,0.842972274281722,2.319017659295765,0.35261460011900764,0.6401241906722255,1.2591313781128854,1.4959649622730868,0.15796932822065787,0.32680604174517125,0.19266350629866266,0.46284322610773637,-2.4419682025909424,1.5412548780441284,1.4146441221237183,-2.34,0.39,1.65
1743704848.419145,2c08d2cc-7a1c-9d34-25ea-6265acb43d72,0cabf39d-b008-1689-58cf-174a6d0dd0df,1,-79.0,-76.0,-69.0,nan,-50.0,-47.0,-50.0,-2.4164961804389,0.9924983529352421,-0.03562830169529806,nan,0.8501683769784573,2.2692605931187235,0.2794994236906649,0.6732403325112516,1.2690479247479045,1.4876364585960822,nan,0.39108532475348934,0.17062729833716658,0.35347159662667815,-2.4014089107513428,1.5394996404647827,1.440443754196167,-2.34,0.39,1.65
1743704849.411893,2c08d2cc-7a1c-9d34-25ea-6265acb43d72,876a8edf-657f-b30e-b41a-006d78f8db73,9,-66.0,-74.0,-80.0,-75.0,-54.0,-47.0,-52.0,-2.402440282521571,1.060379932276381,-0.6885499135117358,0.11646269763025517,0.8658504503339164,2.301613942325161,0.23814280738563431,0.6773046492298488,1.4225694410529937,1.502218330828702,0.13924425976690408,0.49801692611240767,0.1891093770199188,0.3058427351150502,-2.395918846130371,1.5343303680419922,1.4615144729614258,-2.34,0.39,1.65
1743704850.417618,2c08d2cc-7a1c-9d34-25ea-6265acb43d72,7be89a72-2058-9402-06b6-39c98e23674a,19,-74.0,-76.0,-75.0,-81.0,-62.0,-47.0,-45.0,-2.398657528509222,1.0479387089279668,0.702644160948762,0.12910578858929733,0.903408774472184,2.301613942325161,0.39974009958716217,0.6601391112656887,1.3813391800047141,1.4393058106074879,0.0977183545481119,0.4504141357025876,0.1891093770199188,0.27451728070857145,-2.488330602645874,1.5391616821289062,1.4694091081619263,-2.34,0.39,1.65
1743704851.418727,2c08d2cc-7a1c-9d34-25ea-6265acb43d72,2e249dc1-3c28-1867-f3f6-0983d2639c94,35,-65.0,-89.0,-72.0,-96.0,-56.0,-55.0,-50.0,-2.399298817699713,1.0391603973428476,2.56798131061646,0.15097327061604698,0.842972274281722,2.3214315763746334,0.3278788276341541,0.7414557390950318,1.4021720239479678,1.471739117943018,0.10195484463118269,0.32680604174517125,0.18077379809480634,0.4325820580565221,-2.5852084159851074,1.5429219007492065,1.4656071662902832,-2.34,0.39,1.65
1743704852.417479,2c08d2cc-7a1c-9d34-25ea-6265acb43d72,a47ad815-b45c-2692-eb71-4bcfd40b797e,18,-71.0,-77.0,-78.0,-78.0,-61.0,-47.0,-46.0,-2.437405457105439,1.0387135189119323,2.4331502583157105,0.15354721580960856,0.913490517270157,2.3040203415324974,0.46323401428641037,0.720892673370203,1.38762450649341,1.3891150777555274,0.09383085508113916,0.3518422024507007,0.17744387549629217,0.33079144072670363,-2.69052243232727,1.5287907123565674,1.4635809659957886,-2.34,0.39,1.65
1743704853.417894,2c08d2cc-7a1c-9d34-25ea-6265acb43d72,564e7a78-9bf7-212e-e8f6-82a8be00e13c,20,-81.0,-77.0,-74.0,-77.0,-61.0,-47.0,-46.0,-2.4123989071018133,1.033062557394893,2.325348160550393,0.07291362222084344,0.913843792348113,2.3214315763746334,0.47386074236282993,0.6216971132996946,1.3841303059851715,1.473767381429222,0.0762063545926174,0.4313041147851945,0.18077379809480634,0.281443490671161,-2.8085851669311523,1.4920570850372314,1.458390474319458,-2.34,0.39,1.65
1743704854.410262,2c08d2cc-7a1c-9d34-25ea-6265acb43d72,73186f3a-f626-0917-20a0-06612347c5b1,3,-73.0,-79.0,-70.0,-86.0,-50.0,-48.0,-49.0,-2.3828010673788906,1.0424398139091713,2.2804296877084624,0.12576245615681186,0.8931607689300669,2.2789567841173315,0.3619563543684098,0.686232497310176,1.4192110617603495,1.50670589042354,0.1148336419914537,0.46978569161618206,0.20827524696590222,0.2620016284239318,-2.903092622756958,1.463280439376831,1.4453355073928833,-2.34,0.39,1.65
1743704855.418278,2c08d2cc-7a1c-9d34-25ea-6265acb43d72,7ad64b3a-a901-0a1d-0eb1-d1af9ebe1dc1,15,-72.0,-79.0,-80.0,-74.0,-60.0,-47.0,-50.0,-2.3757671263077733,1.0191938797021964,2.0721763494186645,0.19471515888838045,0.9575392433730189,2.3322439896047324,0.4695404754789992,0.6025911295862754,1.384205140811803,1.4741303702858,0.15093382254240018,0.4638908927377941,0.2849072609456239,0.25034809138366243,-2.9836509227752686,1.44562029838562,1.4286409616470337,-2.34,0.39,1.65
1743704856.418445,2c08d2cc-7a1c-9d34-25ea-6265acb43d72,bab55e05-4385-da1d-c48a-395e998d91de,34,-65.0,-94.0,-73.0,-91.0,-56.0,-53.0,-49.0,-2.4078081500147346,1.0928017880192236,2.3109138274421634,0.2208580797291433,0.8474827249760208,2.345641239365875,0.3687692321946982,0.6341146345144071,1.364674848957707,1.503597848273363,0.153689411967062,0.3383875617594706,0.23638956404204692,0.4436693609948912,-3.0337677001953125,1.4444659948349,1.4141435623168945,-2.34,0.39,1.65
1743704857.405175,2c08d2cc-7a1c-9d34-25ea-6265acb43d72,00f6a9e0-1e69-ce8b-c3f3-e2967f498632,21,-72.0,-78.0,-72.0,-75.0,-64.0,nan,nan,-2.4374781614031984,1.065388273022384,2.1194746230106896,0.17232782781684736,0.8673151662725811,nan,nan,0.7217197180467271,1.398240132914575,1.5071671499243422,0.20547358067824398,0.42530250778166595,nan,nan,nan,nan,nan,-2.34,0.39,1.65
1743704858.404144,2c08d2cc-7a1c-9d34-25ea-6265acb43d72,7e7e0813-9d12-a542-7d7c-0cfc78addff0,10,-68.0,-73.0,-76.0,-74.0,-56.0,-47.0,-54.0,-2.41155947872622,1.0827275822476718,2.053639682967277,0.3515654933980143,0.8658504503339164,2.3164402862203355,0.2794994236906649,0.6641236663096379,1.394328615063521,1.4976251768966424,0.17408321715985944,0.49801692611240767,0.20452129170634795,0.35347159662667815,-3.314443588256836,1.405617594718933,1.4048999547958374,-2.34,0.39,1.65
1743704859.410783,2c08d2cc-7a1c-9d34-25ea-6265acb43d72,2be8b73e-f4a7-8e64-57b5-53fb5599ab6b,12,-69.0,-74.0,-74.0,-73.0,-57.0,-47.0,-54.0,-2.442819397285461,1.0694796874050727,1.8036791114779656,0.45687007869305546,0.8903940448693058,2.339290467269397,0.7143391354844943,0.6880155502390112,1.3490570070610461,1.5099838422512641,0.12234781758613952,0.5004395108068708,0.2607324645749327,1.1646498283876148,-3.68410587310791,1.3546446561813354,1.4003976583480835,-2.34,0.39,1.65
1743704860.412032,2c08d2cc-7a1c-9d34-25ea-6265acb43d72,af68181b-6642-698b-49bf-35cd188666cf,31,-66.0,-87.0,-73.0,-92.0,nan,nan,nan,-2.4340506730802662,1.023004064273773,1.7749771591457457,0.21866203709426396,nan,nan,nan,0.7629767438639621,1.2541129173547403,1.4992141519610382,0.11398746416697304,nan,nan,nan,nan,nan,nan,-2.34,0.39,1.65
1743704861.411665,2c08d2cc-7a1c-9d34-25ea-6265acb43d72,ebe41579-707c-cfd2-698a-150dbfcce8a7,27,-67.0,-91.0,-74.0,-82.0,-61.0,-50.0,-45.0,-2.435143634391635,0.9994273654594104,1.8041717962796302,0.18856192518975234,1.8156182365134323,2.331114119231455,0.5049799675751009,0.7690019460931847,1.2141121046236956,1.4760656894499609,0.17676553636503045,0.809725778371846,0.22028527386980573,0.8779340055932991,-3.992039203643799,1.32015585899353,1.4398692846298218,-2.34,0.39,1.65
1743704862.418163,2c08d2cc-7a1c-9d34-25ea-6265acb43d72,f47a8bfd-729a-bb48-1ea2-3c8dc41c8f66,31,-65.0,-86.0,-73.0,-90.0,-57.0,-51.0,-48.0,-2.4186488135480113,0.9581257316939165,1.6354472254176602,0.14257099737684695,1.0512137236864172,2.336445331883765,0.42858319853776455,0.7855461019960023,1.2788253212159666,1.5104922397033602,0.16297713633444288,0.6905995185069728,0.19616063601947495,0.7904542643205965,-3.8951303958892822,1.3140907287597656,1.481492042541504,-2.34,0.39,1.65
1743704863.409658,2c08d2cc-7a1c-9d34-25ea-6265acb43d72,c062fdf0-edb0-fe57-1f72-72cc1b76f0ce,1,-75.0,-81.0,-69.0,-87.0,-51.0,-47.0,-52.0,-2.3924843211024185,1.0970878794775971,1.814380225370122,0.13448297714627633,0.9648479778695344,2.2668779094554163,0.3029745812046376,0.7930425675694389,1.320483685409477,1.5036302056806072,0.17800244153331776,0.5640031835757151,0.1818347476899402,0.5207012548575866,-3.756253719329834,1.330148696899414,1.519909143447876,-2.34,0.39,1.65
1743704864.404744,2c08d2cc-7a1c-9d34-25ea-6265acb43d72,b5437e0e-98d8-64d7-5f3c-a3f00b642459,16,-69.0,-77.0,-80.0,-74.0,-64.0,-46.0,-48.0,-2.4082758011021523,1.0505115888570922,1.6532216951650671,0.07118922541501713,0.9972340066940533,2.3107893145028404,0.4320731533285392,0.7402989950755559,1.3094608616576389,1.4837935171430978,0.23198275274791996,0.45447334125386973,0.2281323343132087,0.3679140947100855,-3.5946884155273438,1.357730507850647,1.558887004852295,-2.34,0.39,1.65
1743704865.418831,2c08d2cc-7a1c-9d34-25ea-6265acb43d72,41fb5e58-e3c2-3b35-0651-9ad8f50afeab,34,-64.0,nan,-72.0,-99.0,-56.0,-54.0,-48.0,-2.4097495944494023,nan,1.8136606392435826,0.005578789851497988,0.8866176677552078,2.3338626014578723,0.3623272590396493,0.8115105910437297,nan,1.5070571613713215,0.21846979015307386,0.3369809635090729,0.20823976654476112,0.5118951113035451,-3.4114809036254883,1.3865509033203125,1.6049573421478271,-2.34,0.39,1.65
1743704866.428193,2c08d2cc-7a1c-9d34-25ea-6265acb43d72,eb2935d6-d98a-7989-5798-100d13832964,9,-67.0,-74.0,-79.0,-77.0,-55.0,-46.0,-52.0,-2.404301299491318,1.1434138329556345,1.881265516147462,0.05851231231013094,0.9001772974345872,2.313698014120044,0.2645132856145756,0.7316257451954404,1.383271170217512,1.4960702902941998,0.1672212663608908,0.48068054755619627,0.21634497296108657,0.3888502437176601,-3.2215819358825684,1.3882837295532227,1.656152606010437,-2.34,0.39,1.65
1743704867.405853,2c08d2cc-7a1c-9d34-25ea-6265acb43d72,5b8541d5-d635-397c-18b9-fe27dccb15ae,16,-67.0,-79.0,-82.0,-74.0,-64.0,-47.0,-49.0,-2.42358045525462,1.0497821490345196,2.0992505776926276,0.2695049780971847,0.9639444061275984,2.3281982579771294,0.4400839318734222,0.6683247363502107,1.4110474077548205,1.4925121739197993,0.12690702453667907,0.40587865240382154,0.23229496321363016,0.30199059571460896,-3.029270887374878,1.3806672096252441,1.70461368560791,-2.34,0.39,1.65
1743704868.416931,2c08d2cc-7a1c-9d34-25ea-6265acb43d72,36a610da-143c-cd8e-ebb9-3127c4a4eed8,31,-67.0,-88.0,-72.0,-88.0,-57.0,-52.0,-48.0,-2.4316748670718065,0.9155660206294691,1.9549530529810826,0.15995531402455723,0.8559701904116415,2.3338626014578723,0.3978631140036888,0.7600014602941256,1.3056075338764033,1.484764239360432,0.1708163008059024,0.309432550831364,0.20823976654476112,0.48911666634580253,-2.8312346935272217,1.372867465019226,1.749436855316162,-2.34,0.39,1.65
1743704869.41179,2c08d2cc-7a1c-9d34-25ea-6265acb43d72,27342e8c-b940-6c76-143d-dd23933ceb25,24,-70.0,-85.0,-73.0,-79.0,nan,-48.0,-45.0,-2.4312223960026023,0.8449171505996291,2.0910373888908236,0.025913888987016027,nan,2.336445331883765,0.4135786355632386,0.907169739502722,1.204771466574406,1.5072301336841223,0.12423034790406767,nan,0.19616063601947495,0.46968876030128437,-2.37905216217041,1.565476655960083,1.8038485050201416,-2.34,0.39,1.65
1743704870.405616,2c08d2cc-7a1c-9d34-25ea-6265acb43d72,c7e22688-312d-8f40-adc7-7e291554a6ea,17,-67.0,-79.0,-85.0,-75.0,-65.0,-48.0,-48.0,-2.433006713932955,0.8460511245917849,2.034018044687791,0.03305329123730045,0.9331569689718341,2.336445331883765,0.5024906661994528,0.7613414963756262,1.2498370790665634,1.4680887230368458,0.09984418127637562,0.306549189174903,0.19616063601947495,0.3403074419517871,-1.9045096635818481,1.6842023134231567,1.8592610359191895,-2.34,0.39,1.65
1743704871.419059,2c08d2cc-7a1c-9d34-25ea-6265acb43d72,a57507bf-fc59-6467-4007-335bfcd0c00a,2,-73.0,-80.0,-69.0,-87.0,-51.0,-47.0,-49.0,-2.398786425505982,0.9561882820008839,2.700053860660106,0.04315732441306108,0.9186567689321812,2.339290467269397,0.3674587178083783,0.7037935812752403,1.3621748064843948,1.4836081611312286,0.11328265858448358,0.36247040329758884,0.2607324645749327,0.31091930484489083,-1.4846413135528564,1.7522165775299072,1.8681527376174927,-2.34,0.39,1.65
1743704872.412854,2c08d2cc-7a1c-9d34-25ea-6265acb43d72,a262038e-6324-70cd-3260-025c0da92722,24,-69.0,-84.0,-73.0,-79.0,-66.0,-47.0,-45.0,-2.4164735435696345,0.9404058567488564,2.450886911175638,0.10516903039555614,1.70908117285013,2.3485607297283893,0.39779076406617486,0.7235859947596274,1.4294799446075859,1.5164804905724578,0.14788342118506662,0.7757129817386322,0.2241607862552026,0.3894950876589209,-1.4222103357315063,1.954625129699707,1.8730943202972412,-2.34,0.39,1.65
