1743699616.302959,2c08d2cc-7a1c-9d34-25ea-6265acb43d72,008cad5b-826d-60c3-101f-72d44aa4730b,30,-76.0,-72.0,-67.0,-80.0,-53.0,-52.0,-73.0,-2.625232882466548,3.112360732200647,-2.8546642103768742,0.3387453022264818,-0.774417117641459,2.2587649802759766,-0.9186567689321812,1.0637200689155584,1.1133143868413955,0.533846319867301,0.9055362230690946,0.4940968454500311,0.21525026774572917,0.36247040329758884,-4.0218353271484375,6.4614434242248535,1.7537153959274292,-3.54,6.84,1.65
1743699617.305453,2c08d2cc-7a1c-9d34-25ea-6265acb43d72,59630f8b-c7dc-d236-8e6f-e19b5327b8ee,20,-88.0,-77.0,-66.0,-74.0,-53.0,-51.0,-73.0,-2.650995237587538,3.0799133101113396,-2.8616390292717915,0.3339817059846571,-0.7687108208923518,2.3164402862203355,-1.6870498599134256,1.1216205199652436,1.1665726817949635,0.5165720250621247,0.9985140343635678,0.3371966396578048,0.20452129170634795,0.6899933388999717,-4.055938720703125,6.401033878326416,1.7302354574203491,-3.54,6.84,1.65
1743699618.305129,2c08d2cc-7a1c-9d34-25ea-6265acb43d72,b1749a99-ec63-dd8b-d91a-1dbc5cd2906d,30,-76.0,-73.0,-67.0,-80.0,-53.0,-52.0,-72.0,-2.6496215790972752,3.102206631596393,-2.840342795298864,0.37679335208822584,-0.7800943117817438,2.301613942325161,-1.251745475219289,0.9586697489255924,1.1970136783190053,0.5820323914982178,0.8889618402879047,0.4180090236986143,0.1891093770199188,0.5715160115933235,-4.097210884094238,6.32817268371582,1.6636310815811157,-3.54,6.84,1.65
1743699619.306855,2c08d2cc-7a1c-9d34-25ea-6265acb43d72,83afdc82-aa2e-08f8-6a20-bf034a16a674,3,-76.0,-73.0,-63.0,-69.0,-51.0,-53.0,-62.0,-2.688695212294809,-3.0756298818140566,-2.8649450774490157,0.3551703482495455,-0.6949772713942042,3.101687045897026,-1.0380265206034915,1.034758857851219,1.3631005212793061,0.5678384752573954,0.860445710020745,0.5089906099446901,0.5058078446186874,0.4157872926068989,-4.113644123077393,6.268924236297607,1.5910248756408691,-3.54,6.84,1.65
1743699620.305219,2c08d2cc-7a1c-9d34-25ea-6265acb43d72,febef70c-8da3-d7cc-a29c-118ebff123a2,14,-71.0,-70.0,-62.0,-73.0,-48.0,-50.0,-60.0,-2.6886137195654523,3.096008923107561,-2.8556977831959336,0.2529310613691856,-0.7469114648089293,2.7122622505317144,-1.750982401691306,1.1759165156375608,1.3527818373196854,0.5512997788348125,0.779595201961193,0.32968432564166833,0.3520546744477794,0.6600937995685426,-4.207439422607422,6.145024299621582,1.501632809638977,-3.54,6.84,1.65
1743699621.304421,2c08d2cc-7a1c-9d34-25ea-6265acb43d72,b5d90dcd-ebaa-095d-ad9a-55e9f18851c3,14,-71.0,-70.0,-62.0,-73.0,-48.0,-50.0,-59.0,-2.6704688041104157,3.1031563148411156,-2.841334023856591,0.050651992352762076,-0.7815644543520484,2.5602937253173708,-2.0985381296283414,1.154662492767911,1.3603260400556618,0.5716836803973062,0.8303374088958814,0.2528224714633967,0.26515750705817454,0.4806805476082169,-4.3141703605651855,5.993812084197998,1.4081348180770874,-3.54,6.84,1.65
1743699622.305386,2c08d2cc-7a1c-9d34-25ea-6265acb43d72,49666ea1-b919-d7fa-40f2-d6b3ccb3b9ee,32,-80.0,-73.0,-67.0,-76.0,-52.0,-54.0,-78.0,-2.6405591082238447,3.1311615842321707,-2.8400988497430126,0.2370021622572036,-0.7821305023582558,2.4565811054265545,-1.555083402601837,1.14424860079932,1.33771287292369,0.5587467761910011,1.044875940516321,0.31947332067785705,0.2324805495292073,0.7329011584045546,-4.461656093597412,5.835442543029785,1.299176573753357,-3.54,6.84,1.65
1743699623.305011,2c08d2cc-7a1c-9d34-25ea-6265acb43d72,a2720556-410b-3a22-ae8c-57d30506c02f,5,nan,-76.0,-62.0,-68.0,-50.0,-51.0,-61.0,nan,-3.088123569435945,-2.868766447297171,0.06340240870373444,-0.7160646865896807,-3.1033857144056216,-0.09857711561963149,nan,1.344519513195769,0.5216988764766363,1.0119113325433202,0.4107725765508037,0.41860781560427385,1.0101015969402447,-4.625946521759033,5.673913955688477,1.204817295074463,-3.54,6.84,1.65
1743699624.305449,2c08d2cc-7a1c-9d34-25ea-6265acb43d72,bc57d913-41e7-d81b-cdea-9de1fe7f5ae2,32,-80.0,-73.0,-67.0,-75.0,-52.0,-54.0,-73.0,-2.6220786344714577,-3.053942163160887,-2.867433268855477,0.12423060589779829,-0.7569807098282513,2.7537806001722043,-0.6490948970189546,1.131614830904093,1.2028041894771642,0.47280876492204343,1.0476774528250299,0.4118002848741117,0.3249942230329209,0.7594410420173988,-4.734548568725586,5.564762115478516,1.2024056911468506,-3.54,6.84,1.65
1743699625.307727,2c08d2cc-7a1c-9d34-25ea-6265acb43d72,dbfff9d3-6c18-369c-8842-d77d4edbfae2,31,-78.0,-73.0,-67.0,-77.0,-52.0,-52.0,-72.0,-2.557465819052282,3.1282400965163535,-2.868558987048253,0.2872829099540086,-0.7678765533541423,2.527299796473606,-0.8444770815666769,0.9587110279224886,1.1096865622254624,0.4996373165854472,1.0286214033820498,0.43704495402874605,0.24482559921158753,0.5702600266332587,-4.824349403381348,5.479225158691406,1.1429320573806763,-3.54,6.84,1.65
1743699626.30581,2c08d2cc-7a1c-9d34-25ea-6265acb43d72,829fd0fa-de34-c766-af06-8511226540cd,20,-87.0,-76.0,-66.0,-75.0,-53.0,-50.0,-76.0,-2.4867237383842897,3.074903371468683,-2.9768793359617,0.2080701128068008,-0.7781536488377773,2.4389683242814937,-1.8081577367022716,1.0332037715116946,1.1001816737159422,0.5181504806402147,0.9949869438158667,0.3070671024485573,0.22921742783614846,0.7561183299277587,-4.916874885559082,5.399972915649414,1.1066269874572754,-3.54,6.84,1.65
1743699627.307594,2c08d2cc-7a1c-9d34-25ea-6265acb43d72,2f137b47-6e61-2921-a716-31f88aa87550,13,-70.0,-70.0,-62.0,-74.0,-49.0,-49.0,-61.0,-2.574640012289985,2.9959417104122696,-2.887863442841911,0.09450972813251399,-0.7959514140769243,2.423944831855199,-2.169915899680231,1.198483210608511,1.1747477873931798,0.6546958763136757,0.9205934695562935,0.23638956400927819,0.21275181238452862,0.5134641669953751,-4.927603721618652,5.347272872924805,1.1796255111694336,-3.54,6.84,1.65
1743699628.305209,2c08d2cc-7a1c-9d34-25ea-6265acb43d72,04511ed6-c67a-b599-39be-777a916afc99,14,-71.0,-70.0,-62.0,-73.0,-49.0,-50.0,-59.0,-2.6144124589575557,2.8825549638410557,-2.8538364999100776,0.06167295189183698,-0.8077300519841852,2.436253147724284,-2.267289349445013,1.2161117391281815,1.1374330389375893,0.6229925414329365,0.7855327861905519,0.20823976651618412,0.2425217187353828,0.3547214659163803,-4.880298137664795,5.315393447875977,1.3284910917282104,-3.54,6.84,1.65
1743699629.307501,2c08d2cc-7a1c-9d34-25ea-6265acb43d72,ecd2d6d3-3e08-84ab-7ec7-fbf2c6145f86,4,nan,nan,nan,-68.0,nan,nan,nan,nan,nan,nan,0.03946405261333919,nan,nan,nan,nan,nan,nan,0.8140943899333245,nan,nan,nan,nan,nan,nan,-3.54,6.84,1.65
1743699630.305702,2c08d2cc-7a1c-9d34-25ea-6265acb43d72,a05d036d-8f6a-7699-ab23-c7ee1c3f52cd,3,-77.0,-74.0,-63.0,-68.0,-51.0,-53.0,-65.0,-2.701066927138772,-3.030567065641044,-2.8430589532946358,-0.005589176179749297,-0.7243876057426389,-3.121440009352232,-1.6713975291578782,1.194921498966639,1.254293879150811,0.6403925041520508,0.7924950216493187,0.3789537379003809,0.523510844637708,0.7626681464484284,-4.845376014709473,5.253824710845947,1.4479162693023682,-3.54,6.84,1.65
1743699631.305972,2c08d2cc-7a1c-9d34-25ea-6265acb43d72,0f6bd985-25fe-851d-4094-82e4941b03f8,27,-74.0,-73.0,-66.0,-77.0,-52.0,-52.0,-63.0,-2.7262516426193244,2.980277529512642,-2.8280216805156124,0.03170573172572035,-0.7856538975213185,2.651774366962,-1.090131764770063,0.9092625180663335,1.115774681635438,0.6075305610390725,0.8960160213833065,0.43038168016373846,0.45491586169980286,0.6009208750977252,-4.619969367980957,5.355521202087402,1.5155153274536133,-3.54,6.84,1.65
1743699632.268801,2c08d2cc-7a1c-9d34-25ea-6265acb43d72,52f0c288-872c-18cb-7182-43536fb9c88e,18,-78.0,nan,-63.0,-77.0,-53.0,-50.0,-64.0,-2.64548089623442,nan,-2.8367933341980063,0.03253637166971607,-0.7781536488377773,2.494773016548157,-1.8795364780683292,1.2032125852303284,nan,0.5928347720908246,0.8719393140742817,0.3070671024485573,0.3118918448601827,0.6956295311758073,-4.396694660186768,5.4562668800354,1.5904825925827026,-3.54,6.84,1.65
1743699633.278462,2c08d2cc-7a1c-9d34-25ea-6265acb43d72,3993e0c1-efb2-04b3-d53e-ada0974b7a56,7,nan,nan,-62.0,nan,-52.0,-52.0,nan,nan,nan,-2.8401901961684026,nan,-0.7376786899323401,-3.064589511482967,nan,nan,nan,0.5598230261665293,nan,0.3605798816257584,0.43519671145085526,nan,nan,nan,nan,-3.54,6.84,1.65
1743699634.307732,2c08d2cc-7a1c-9d34-25ea-6265acb43d72,aee33688-8d6e-32ad-ff74-64eb3368f284,10,-74.0,nan,-62.0,-75.0,-51.0,-52.0,-63.0,-2.60091396065638,nan,-2.851654572028975,0.021779065078559,-0.7673103525749911,-2.8247838329942283,-2.983410235467056,1.248799112031705,nan,0.5725956133335767,0.879559350322298,0.2695723828006178,0.48479717741924294,1.11204157720745,-4.203309535980225,5.550285816192627,1.6499502658843994,-3.54,6.84,1.65
1743699635.306212,2c08d2cc-7a1c-9d34-25ea-6265acb43d72,01acbcef-622d-6ca2-278f-96004cdff894,21,-90.0,nan,-67.0,-74.0,-51.0,-51.0,-70.0,-2.5600163284282513,nan,-2.87749096302827,0.027885693458110695,-0.7784742822842502,2.860264811872748,-2.5746314065088103,1.444367281417238,nan,0.5859901817732119,0.9705509760757902,0.24041475667081386,0.37024322148796013,0.6159493630068713,-4.063180923461914,5.591837406158447,1.654704213142395,-3.54,6.84,1.65
1743699636.304762,2c08d2cc-7a1c-9d34-25ea-6265acb43d72,91d24bbb-2224-5aa8-c5b9-690a68e5dbee,12,-70.0,nan,-62.0,-72.0,-47.0,-51.0,-61.0,-2.4944796624269276,nan,-2.881179174821921,0.034247186353982974,-0.790280564919132,-3.0069347336540964,-2.4395807436846955,1.328731095831289,nan,0.637765095999606,0.936083080246467,0.21189674979342638,0.4328593316914274,0.3710272071606146,-4.020707607269287,5.56379747390747,1.5904638767242432,-3.54,6.84,1.65
1743699637.304718,2c08d2cc-7a1c-9d34-25ea-6265acb43d72,31826df4-bbd7-5da0-fec6-a3ccf25eec1f,36,-78.0,nan,-68.0,-73.0,-52.0,-54.0,-60.0,-2.742637007542146,nan,-2.891064029839968,0.055319981111452955,-0.7876956126612034,-2.6628339110749444,-1.4511246614495206,1.3054046010013391,nan,0.5862340607500359,1.0015357235153988,0.19959962475461077,0.3124654824063361,0.848932132205661,-4.0625834465026855,5.50683069229126,1.5962011814117432,-3.54,6.84,1.65
1743699638.304886,2c08d2cc-7a1c-9d34-25ea-6265acb43d72,a1feb2f5-e820-ffd7-ac7a-c230a6bec56f,10,-74.0,-73.0,-62.0,-74.0,nan,nan,nan,-2.7592210442822873,1.6246784672338157,-2.8906653546247827,0.07322281522340163,nan,nan,nan,1.2794552919718252,0.5129723300852056,0.5879703086227132,0.951877223407291,nan,nan,nan,nan,nan,nan,-3.54,6.84,1.65
1743699639.308044,2c08d2cc-7a1c-9d34-25ea-6265acb43d72,ae2b4dea-8baa-9fed-cc96-94dbfda1de06,7,-84.0,-76.0,-62.0,-74.0,-53.0,-52.0,-61.0,-2.880653999454957,1.1438444661039002,-2.893155143927898,0.06534518471894724,-0.7464975727751336,-2.4734182410594987,-0.05317790682697914,1.2329676846156201,0.6038052647272427,0.5364182344005315,0.9279624362925427,0.2610818381340087,0.321624442447525,0.8545108422287595,-4.054784774780273,5.479680061340332,1.638671875,-3.54,6.84,1.65
1743699640.268398,2c08d2cc-7a1c-9d34-25ea-6265acb43d72,891e2748-f071-ca45-3266-edb93af850c9,24,-78.0,-72.0,-66.0,-75.0,-50.0,-54.0,-64.0,-2.778441344185498,1.3657467712964637,-2.8689680485916895,0.06637982280244302,-0.7862930050731217,3.0270453826367882,-0.4640727473697248,1.1873101845711926,0.7044816089428623,0.4545406449770768,1.0214119599950962,0.33182947858531375,0.41644133162799435,0.5095600716759214,-4.141561031341553,5.405632495880127,1.5537464618682861,-3.54,6.84,1.65
1743699641.305592,2c08d2cc-7a1c-9d34-25ea-6265acb43d72,2901f47d-028d-01c7-ddd7-18b99b878587,22,-83.0,-80.0,-67.0,-73.0,-50.0,-51.0,-66.0,-2.708296344233901,1.649587545541545,-2.884814922342097,0.09703467116201811,-0.7821305023582558,2.6447378148315477,-0.6179808254144848,1.2381106481547266,0.8097200812638421,0.46178038182142994,1.0382297556999194,0.31947332067785705,0.3096677209686998,0.3481060317577347,-4.26450490951538,5.342830657958984,1.4556829929351807,-3.54,6.84,1.65
1743699642.305112,2c08d2cc-7a1c-9d34-25ea-6265acb43d72,f7a9e66a-0065-893f-3878-42747486aef4,29,-77.0,-72.0,-67.0,-79.0,-54.0,-52.0,-64.0,-2.723690746915104,-2.9579913985625317,-2.8670204788865146,0.15364708435048655,-0.8033218497763994,2.4565811054265545,-0.7434173246519734,1.2514505552129878,0.784084093136576,0.48144995700053717,0.9938835295972197,0.4235993128718051,0.2324805495292073,0.24825146555028327,-4.370851516723633,5.322530269622803,1.3844135999679565,-3.54,6.84,1.65
1743699643.305161,2c08d2cc-7a1c-9d34-25ea-6265acb43d72,dcb16ece-7a2d-a966-f3ad-0d35ead85943,15,-71.0,-71.0,-62.0,-71.0,-51.0,-50.0,-60.0,-2.7772842006918586,-2.9669329619224722,-2.8158254679874855,0.14239496242879274,-0.7956735364294273,2.423944831855199,-1.6069200922642572,1.2063081105233817,0.8222174973112572,0.4883005727201161,0.9412726491046499,0.3020398666102595,0.21275181238452862,0.8022208446900578,-4.472509860992432,5.309532165527344,1.3629589080810547,-3.54,6.84,1.65
1743699644.267878,2c08d2cc-7a1c-9d34-25ea-6265acb43d72,eb12e975-492e-96b0-4480-77390af54258,2,-75.0,-71.0,-63.0,-69.0,-50.0,-53.0,-62.0,-2.7491175437387443,-2.9329531569419336,-2.81742150042877,0.09894469029582294,-0.7264667793789538,3.141592653589793,-1.146507315545637,1.2022880688579074,0.8628622623938829,0.5690637290959136,0.9152701434323615,0.4369879081266198,0.5410520681697462,0.7462587699706682,-4.568373680114746,5.24213409423828,1.3259873390197754,-3.54,6.84,1.65
1743699645.305205,2c08d2cc-7a1c-9d34-25ea-6265acb43d72,bb5a06e5-cd02-b54a-3aaf-8684c11f0844,35,-77.0,-70.0,-68.0,-74.0,-52.0,-55.0,-62.0,-2.7527524923105937,-2.986853140560156,-2.8554804692509834,0.13625770769670514,-0.7292111011844178,-2.7095195001714965,-0.9411146027614503,1.2339541194833856,0.7053066562485688,0.49537798989602905,0.9557824162507558,0.33464732055105695,0.3679140947754087,0.5954224058492372,-4.612572193145752,5.257778644561768,1.303627848625183,-3.54,6.84,1.65
1743699646.305165,2c08d2cc-7a1c-9d34-25ea-6265acb43d72,7fe15849-2701-17b9-07f4-ce48ec44894e,23,-79.0,-74.0,-67.0,-74.0,-48.0,-52.0,-67.0,-2.676410050186273,-3.113249162740298,-2.869788834839652,0.1873459258360222,-0.7645512382514545,2.902107612475163,-0.8501683769784573,1.3271413218185661,0.7404972674187122,0.5307629119572074,1.018331548141229,0.3246256926778205,0.32280071763102225,0.39108532475348934,-4.637096881866455,5.30725908279419,1.3087077140808105,-3.54,6.84,1.65
1743699647.308446,2c08d2cc-7a1c-9d34-25ea-6265acb43d72,a758216c-d4c5-ff82-87d5-7de9046300d7,17,-74.0,-72.0,-63.0,-74.0,nan,-50.0,-65.0,-2.612909370838315,-3.058683655165664,-2.8638521161376476,0.17099092094962756,nan,2.6318107758643747,-1.6998559802342208,1.3148356533696368,0.7993370819638957,0.46701013112255935,0.9312658213086771,nan,0.2763498422419288,0.7414543622266316,-4.76780128479004,5.2764081954956055,1.2987284660339355,-3.54,6.84,1.65
1743699648.306253,2c08d2cc-7a1c-9d34-25ea-6265acb43d72,f7e5474c-1308-cc88-0b33-75f502306733,22,-82.0,-80.0,-67.0,-73.0,-50.0,-51.0,-66.0,-2.532327975206915,3.0829903264348175,-2.9007044066699454,0.15923785842688987,-0.7781536488377773,2.476732636366056,-1.0720783348830278,1.4049655467734066,0.7880105912687616,0.4733668969074968,1.022668772292532,0.3070671024485573,0.22195161283894818,0.6348163410784018,-4.789216041564941,5.309163570404053,1.2700397968292236,-3.54,6.84,1.65
1743699649.266748,2c08d2cc-7a1c-9d34-25ea-6265acb43d72,7f677bd9-252a-d8a1-7784-46bd916fb6ec,34,-79.0,-70.0,-67.0,-74.0,-51.0,-56.0,-62.0,-2.5407680653335944,3.0843661154539523,-2.8677171618276796,0.19673836236851364,-0.7673103525749911,2.3888727449403135,-0.9305683935921855,1.404127982610577,0.7833910054628828,0.44301315219866877,0.9984225547801235,0.2695723828006178,0.20629867989440479,0.5232471050777611,-4.851224899291992,5.320990562438965,1.202548623085022,-3.54,6.84,1.65
1743699650.308062,2c08d2cc-7a1c-9d34-25ea-6265acb43d72,0a05438f-2b45-75a8-c4ce-dd1e1324f231,18,-78.0,-73.0,-63.0,-75.0,-54.0,-49.0,-70.0,-2.4776119990306924,3.0406396735159413,-2.9139981078832946,0.21411016215910053,-0.7755547194754181,2.3835457832150087,-1.824057890121083,1.3374968905592846,0.8467425477897967,0.42638387500950964,0.9717265619599784,0.2279702158947156,0.23171228242386108,0.7518794143120988,-4.8369598388671875,5.407626152038574,1.2115354537963867,-3.54,6.84,1.65
1743699651.267705,2c08d2cc-7a1c-9d34-25ea-6265acb43d72,9ce6d2b1-dbec-647a-e7e7-70603f497e96,5,nan,-79.0,-62.0,-69.0,-51.0,-51.0,-59.0,nan,3.0522425337531987,-2.8939370480239455,0.19366214499336312,-0.7243876057426389,2.319017659295765,-0.11898643446244148,nan,0.7524516649198599,0.4277295703083267,1.0040351667774654,0.3789537379003809,0.19266350629866266,1.114208895036843,-4.81427812576294,5.485722064971924,1.2078005075454712,-3.54,6.84,1.65
1743699652.30814,2c08d2cc-7a1c-9d34-25ea-6265acb43d72,07dab117-fb24-650f-1b45-9a6fe0c76e3c,22,-81.0,-80.0,-67.0,-73.0,-50.0,-51.0,-68.0,-2.5175343816676343,2.9891943254744446,-2.8931018807060966,0.1561200957387341,-0.7469114648089293,2.301613942325161,-0.49991877650079936,1.2696446059901367,0.7846094016615941,0.41556558202938976,1.0611629682158916,0.32968432564166833,0.1891093770199188,0.6178604205281985,-4.744134426116943,5.565377235412598,1.2841459512710571,-3.54,6.84,1.65
1743699653.309909,2c08d2cc-7a1c-9d34-25ea-6265acb43d72,f11e9b99-ca2d-0ae8-eb4f-1f0fbe05099f,5,-87.0,-79.0,-62.0,-69.0,-52.0,-51.0,-63.0,-2.5302038379214684,3.120692697987069,-2.8729228428104574,0.15574166054783384,-0.7083843354199706,2.2692605931187235,-0.7079460653409663,1.2519942395495276,0.7805781081405139,0.4945994480408579,0.9535186627451612,0.4430685049255056,0.17062729833716658,0.5356574292716433,-4.683923244476318,5.631371021270752,1.3047223091125488,-3.54,6.84,1.65
1743699654.30643,2c08d2cc-7a1c-9d34-25ea-6265acb43d72,f4dd65c7-1db8-9f43-3a11-9e2a91326790,33,-79.0,-73.0,-66.0,-74.0,-52.0,-56.0,-63.0,-2.527684221214144,3.1287109433970794,-2.909514409872037,0.1477966520678005,-0.7554050169714736,2.3040203415324974,-0.7974268710846885,1.2987147403430603,0.806009032863844,0.47730374807842,0.9815617490236954,0.3551989461667703,0.17744387549629217,0.4549139777476497,-4.639751434326172,5.74672269821167,1.3283731937408447,-3.54,6.84,1.65
1743699655.267737,2c08d2cc-7a1c-9d34-25ea-6265acb43d72,9431d320-dc93-883c-35a0-7d6974ab9c40,10,-74.0,-74.0,-62.0,-73.0,-51.0,-52.0,-66.0,-2.5509410743815883,2.976384520631164,-2.8798617090306586,0.10379324137642121,-0.7673103525749911,2.969925731791796,-0.8863492146005427,1.3029652786008812,0.8292041672730254,0.5391717765201053,0.9729871026829402,0.2695723828006178,0.4134041618796359,0.28669827423166655,-4.63227128982544,5.773268222808838,1.3382843732833862,-3.54,6.84,1.65
1743699656.304899,2c08d2cc-7a1c-9d34-25ea-6265acb43d72,0344c087-5e0f-fcf7-0636-9d7572ad8bf6,19,-81.0,-75.0,-64.0,-75.0,-54.0,-49.0,-71.0,-2.514900249033437,2.955090949819326,-2.902975550447565,0.11306477039542305,-0.7755547194754181,2.6628339110749444,-1.6491112086613318,1.3185940394580116,0.8550802393725623,0.5571755777268816,0.9451425550636712,0.2279702158947156,0.3124654824063361,0.7296172389040092,-4.742380619049072,5.698027610778809,1.3500570058822632,-3.54,6.84,1.65
1743699657.306137,2c08d2cc-7a1c-9d34-25ea-6265acb43d72,056fffb7-68fe-0ffe-b6cf-8840f8e745ed,23,-79.0,-74.0,-66.0,-74.0,nan,-52.0,nan,-2.4880891410751733,3.0027295753986634,-2.9118087231511405,0.10421215661589067,nan,2.4715438475841554,nan,1.2950827212484102,0.8870480927285738,0.5502783566882263,0.993050492808243,nan,0.24936840007431743,nan,-4.718470573425293,5.714447021484375,1.363633155822754,-3.54,6.84,1.65
1743699658.307026,2c08d2cc-7a1c-9d34-25ea-6265acb43d72,de284850-d98b-780b-1653-e39740c06cc4,16,-73.0,-71.0,-63.0,nan,-52.0,-50.0,-66.0,-2.517749298767604,2.995224254814602,-2.9165789772956905,nan,-0.7876956126612034,2.4063967553456465,-2.126321192137212,1.2884979222951345,0.9168454697961705,0.48560289040440674,nan,0.19959962475461077,0.20955653115050962,0.561125190161407,-4.807734489440918,5.66366958618164,1.3696638345718384,-3.54,6.84,1.65
1743699659.272273,2c08d2cc-7a1c-9d34-25ea-6265acb43d72,fe6b4bb6-4252-31de-8900-eb61885a6492,6,nan,-78.0,-62.0,-71.0,-52.0,-52.0,-59.0,nan,3.0840023276490474,-2.90082957524118,0.05714158329706716,-0.7292111011844178,2.319017659295765,-0.17736688177001528,nan,0.9409903540291015,0.5324228269751401,0.905786293895453,0.33464732055105695,0.19266350629866266,1.2696401379550375,-4.86946439743042,5.62635087966919,1.3943743705749512,-3.54,6.84,1.65
1743699660.268395,2c08d2cc-7a1c-9d34-25ea-6265acb43d72,ccb28562-040d-31cc-9c29-3c66df23df3a,14,-70.0,-71.0,-63.0,-71.0,-50.0,-50.0,-61.0,-2.541363548153336,2.9884720761868153,-2.893533312802689,0.06339255500770115,-0.764050041478135,2.3563172120550138,-2.3756449082756608,1.2802931224507643,1.1155727474457826,0.5575232201176779,0.8557129398685379,0.2569899398654227,0.18727154426891499,0.915183797238292,-4.972002983093262,5.550490379333496,1.4259837865829468,-3.54,6.84,1.65
1743699661.306648,2c08d2cc-7a1c-9d34-25ea-6265acb43d72,af8483b8-1474-375a-263a-5b3c703178f2,10,-74.0,-74.0,-63.0,-74.0,-51.0,-52.0,-62.0,-2.5436930151588286,2.900941960639181,-2.8555845988496054,0.07041717501500315,-0.7728038377761298,3.026138696834654,0.30447209880383436,1.3067485652454478,1.072116682937442,0.5189482971237752,0.9133960103942453,0.2154910312309926,0.4337793477351675,1.1521585404596744,-4.795079231262207,5.608549118041992,1.5018413066864014,-3.54,6.84,1.65
1743699662.306572,2c08d2cc-7a1c-9d34-25ea-6265acb43d72,9b486144-20aa-cbbb-f4e4-d2dda19a2d73,32,-78.0,-74.0,-67.0,-76.0,-52.0,-55.0,-66.0,-2.5531941086637953,2.851821019597106,-2.880939490323814,0.14957857315317247,-0.7848272706573696,2.6628339110749444,-0.5154078547195616,1.3004432650485762,1.1008547876814596,0.48732152812437574,1.0077850973293787,0.2651911351080645,0.3124654824063361,0.8931649175340236,-4.57852840423584,5.595507621765137,1.499855875968933,-3.54,6.84,1.65
1743699663.305368,2c08d2cc-7a1c-9d34-25ea-6265acb43d72,51fb49d2-f20f-0815-142c-057c11a127ee,11,-70.0,-71.0,-63.0,-73.0,-47.0,-51.0,-61.0,-2.4632040312172547,2.8771295720683465,-2.64667559029943,0.13880129285383982,-0.7930319237152506,3.1221745554579745,-0.7072715593519646,1.3412926940609748,1.1492426936334907,0.5608095941923493,0.958470411318,0.22416078622400717,0.4537113228722894,0.4891166663534025,-4.358526229858398,5.581513404846191,1.5646401643753052,-3.54,6.84,1.65
1743699664.307372,2c08d2cc-7a1c-9d34-25ea-6265acb43d72,dcf1ec26-c3ad-091f-0646-e8db59e739d4,13,nan,nan,-63.0,-72.0,-49.0,-50.0,-63.0,nan,nan,-2.8285188926911298,0.10304116468458283,-0.8051473215590226,2.733158633523824,-1.7679605080644154,nan,nan,0.6287568870333857,0.8776545243526189,0.19616063599246095,0.33871245483435797,0.8379060367987573,-4.535305976867676,5.41178035736084,1.59617805480957,-3.54,6.84,1.65
1743699665.30851,2c08d2cc-7a1c-9d34-25ea-6265acb43d72,bf94bbc5-6e19-6b00-2a8a-0a1d87b54f9f,22,-83.0,-79.0,-66.0,-73.0,-50.0,-51.0,-67.0,-2.683062626589291,2.749780937166283,-2.9526522932091406,0.10879199474249993,-0.7959514140769243,2.5069551123275153,-1.0421844522617356,1.4652453990990228,1.0650527813040613,0.5180282748356937,1.0092541635656938,0.23638956400927819,0.2559162278369668,0.660313930332833,-4.635839939117432,5.29699420928955,1.5214240550994873,-3.54,6.84,1.65
1743699666.267777,2c08d2cc-7a1c-9d34-25ea-6265acb43d72,45c62250-ad1f-77d2-0c83-c43f6b243714,18,-78.0,-73.0,-63.0,-74.0,-54.0,-49.0,-66.0,-2.470958357363238,2.807384578912479,-2.9710145226091282,0.15367584649025942,-0.790280564919132,2.441516907407209,-1.926144211862387,1.3912563924300057,1.1072627527383538,0.4571321337443192,0.9618655422336875,0.21189674979342638,0.21588345326478597,0.7363142909282805,-4.703180313110352,5.216461181640625,1.49571430683136,-3.54,6.84,1.65
1743699667.26743,2c08d2cc-7a1c-9d34-25ea-6265acb43d72,78a4e589-25f3-e34f-468b-7fc2f710397a,32,-80.0,-74.0,-67.0,-77.0,-52.0,-55.0,-62.0,-2.682394705787899,2.7807609574949574,-2.966675434245062,0.22577480773364758,-0.7882648730099512,2.3888727449403135,-1.3928797288620238,1.3591242886137636,1.1807823772652448,0.4374101941602783,1.0240790492477834,0.2775184767736829,0.20629867989440479,0.7872448968358942,-4.693771839141846,5.1978936195373535,1.47613787651062,-3.54,6.84,1.65
1743699668.306319,2c08d2cc-7a1c-9d34-25ea-6265acb43d72,ef376c5f-0ea6-7547-0195-9c375c439bce,11,-72.0,-71.0,-63.0,-72.0,nan,nan,nan,-2.726919829736825,2.7195380798273434,-2.901834652236576,0.16741482823786916,nan,nan,nan,1.3631262207838257,1.1792013916841193,0.47820499508081643,0.9568330333007922,nan,nan,nan,nan,nan,nan,-3.54,6.84,1.65
1743699669.305729,2c08d2cc-7a1c-9d34-25ea-6265acb43d72,ff1b54ba-a390-b6a7-4a7f-69f5b5c7ce26,10,-74.0,-74.0,-62.0,-72.0,-51.0,-52.0,-70.0,-2.733293040541494,2.751916259728309,-2.858535647653522,0.1433883215153923,-0.7930319237152506,3.045357780643324,-0.9648479778695344,1.304719103336753,1.1648171260043831,0.5836168391887606,0.870952013679162,0.22416078622400717,0.4345586042008413,0.5640031835757151,-4.609589576721191,5.168649673461914,1.46747624874115,-3.54,6.84,1.65
1743699670.306684,2c08d2cc-7a1c-9d34-25ea-6265acb43d72,6166c653-f681-1f43-9f82-2f49f16f2d5b,24,-78.0,-72.0,-66.0,-74.0,-50.0,-54.0,-61.0,-2.69431075376935,3.0336920188641425,-2.829420106404013,0.15712916747576514,-0.8081570901983913,2.629431776582135,-0.8621559637629105,1.2254909930132771,1.0474233206780093,0.505268537420906,0.946915954033555,0.3384523429873006,0.3860754324450402,0.372759613952717,-4.415085315704346,5.139805793762207,1.4437463283538818,-3.54,6.84,1.65
1743699671.306005,2c08d2cc-7a1c-9d34-25ea-6265acb43d72,9c3115d5-6caf-9568-88f8-dfaeca5cd52d,6,-93.0,-79.0,-62.0,-71.0,-49.0,-51.0,-61.0,-2.813824102428291,3.008609835085559,-2.834450551387064,0.06860036651935109,-0.7391182306331684,2.4479806014246033,-0.07700314208985921,1.1662135545219663,1.0597148743731608,0.5174006676353029,0.9257466196865696,0.41791474159397474,0.27288993155899965,0.4351967113667874,-4.048684120178223,4.831249713897705,1.450506329536438,-3.54,6.84,1.65
1743699672.306611,2c08d2cc-7a1c-9d34-25ea-6265acb43d72,3a3bc3af-3e97-058a-d0ef-de76b85045c1,28,-75.0,-72.0,-66.0,-77.0,-54.0,-52.0,-63.0,-2.7895597754204697,2.8227648668399046,-2.8656063403476826,0.09200955250114759,-0.7923294050200435,2.331114119231455,-0.5149180189031142,1.0447357916639557,1.0152343583724939,0.520434740486203,0.9103074758990531,0.4866847064790007,0.22028527386980573,0.3067750866746816,-3.9908483028411865,4.44932222366333,1.4322623014450073,-3.54,6.84,1.65
1743699673.307256,2c08d2cc-7a1c-9d34-25ea-6265acb43d72,38d40969-c01d-d4bc-e0e0-976d2b438846,3,-76.0,-73.0,-62.0,-70.0,-51.0,-53.0,-62.0,-2.9957851165401728,-3.08009866612321,-2.878840120436504,0.06055176107291363,-0.7264675944734252,3.0601939529191764,-0.6824576238636508,1.1310541023365768,1.0521249984244896,0.5558311474295824,0.8757484999604492,0.5285947190192561,0.5395890444312039,0.30382702240433546,-4.032602787017822,4.2700042724609375,1.4050836563110352,-3.54,6.84,1.65
1743699674.306803,2c08d2cc-7a1c-9d34-25ea-6265acb43d72,fe568ca2-b503-5806-72a1-fc129c888854,14,-71.0,-71.0,-62.0,-71.0,-50.0,-50.0,-62.0,-3.031579599487492,2.9694608344291757,-2.8752461845454422,0.04198819669451629,-0.7687108208923518,2.7095195001714965,-1.6309293722512772,1.1813104821094076,1.1213593970203612,0.5739870484241159,0.7901222116970854,0.3371966396578048,0.3679140947754087,0.8536362199306764,-4.3990068435668945,4.02765655517578,1.3656940460205078,-3.54,6.84,1.65
1743699675.308231,2c08d2cc-7a1c-9d34-25ea-6265acb43d72,0091d4e2-eec4-8b28-999c-3bfcf81fff3e,4,-78.0,-75.0,-62.0,-70.0,-51.0,-52.0,-61.0,-3.043231994521024,3.0762956720865766,-2.861587363946644,0.03643364160893803,-0.7083843354199706,-2.9569562740995377,-1.0240266069477943,1.1342247287723706,1.1211456783428824,0.5327640777793202,0.8692902011589526,0.4430685049255056,0.5508305100640499,0.621134489736626,-4.252132415771484,4.0467658042907715,1.347701907157898,-3.54,6.84,1.65
1743699676.305359,2c08d2cc-7a1c-9d34-25ea-6265acb43d72,598d3954-214b-b248-c17f-aa54d5294922,35,-77.0,-71.0,-67.0,-74.0,-55.0,-55.0,-66.0,-3.0802805600256615,2.8556857989710283,-2.8571561302088613,0.11406212422365773,-0.7469114648089293,-2.632822606391757,-0.8844859170462942,1.1728657314508206,1.1435730899888212,0.5251624839218525,0.9529078667491515,0.32968432564166833,0.3708470206189812,0.41761304100632757,-4.13868236541748,4.129697799682617,1.4206902980804443,-3.54,6.84,1.65
1743699677.306067,2c08d2cc-7a1c-9d34-25ea-6265acb43d72,22eda9b1-1d08-0a15-c147-80c48272c12f,13,-70.0,-70.0,-63.0,-72.0,-49.0,-50.0,-61.0,-3.06008341263461,2.6665784583900276,-2.8695387640132934,0.10562869199970382,-0.7815644543520484,-2.603565219665339,-1.7369406075348492,1.1642484079535969,1.2198968899855114,0.589004946706209,0.9482662432852524,0.2528224714633967,0.4124442623896734,0.7533758579919172,-3.887866258621216,4.31916046142578,1.4448485374450684,-3.54,6.84,1.65
1743699678.302474,2c08d2cc-7a1c-9d34-25ea-6265acb43d72,a4f66659-1257-eba9-a141-47ed57d69bcd,2,-75.0,-70.0,-63.0,-70.0,nan,nan,nan,-3.0692888952585777,3.0441603724770263,-2.8451777642579024,0.11702622251691593,nan,nan,nan,1.1767528813779005,1.3526626608609043,0.6296141585882822,0.9803028727764151,nan,nan,nan,nan,nan,nan,-3.54,6.84,1.65
1743699679.306819,2c08d2cc-7a1c-9d34-25ea-6265acb43d72,de30c9c8-53f2-cec1-e79f-695a0830bf79,34,-78.0,-71.0,-67.0,-74.0,-52.0,-56.0,-66.0,-3.082294708758089,3.1212871155423754,-2.83739094754662,0.11702808672967899,-0.7784742822842502,2.973540060418233,-1.1703215382388996,1.1962171268369626,1.3834461399011304,0.5503019589533872,0.9313784064437601,0.24041475667081386,0.3617974012381086,0.6531171677974748,-3.72571873664856,4.443925380706787,1.4455467462539673,-3.54,6.84,1.65
1743699680.306708,2c08d2cc-7a1c-9d34-25ea-6265acb43d72,ffb7560c-b30c-ab62-3d64-75b4c0c7e4da,25,-76.0,-72.0,-66.0,-75.0,-50.0,-53.0,-62.0,-3.0540156664069733,-3.139189150705996,-2.8436536371660504,0.0751307038283344,-0.8081570901983913,2.603565219665339,-0.9269873649449009,1.0819492734190963,1.2288068948865345,0.48480617247479585,0.9116766735944902,0.3384523429873006,0.4124442623896734,0.4524415002106093,-3.5831289291381836,4.593584060668945,1.4655661582946777,-3.54,6.84,1.65
1743699681.305378,2c08d2cc-7a1c-9d34-25ea-6265acb43d72,ed400734-9d23-62b7-f4f5-9e4bbb080c59,10,-72.0,-74.0,-62.0,-75.0,-51.0,-52.0,-64.0,-3.036388469467848,-3.112608139865916,-2.8430962375498967,0.056659551139762815,-0.8023021861715741,-3.121440009352232,-1.2938661457004739,1.229707709125254,1.185892450764889,0.6249490327277631,0.9064685957667312,0.2607324645390974,0.523510844637708,1.4437583233175884,-3.633939504623413,4.6917986869812,1.4857414960861206,-3.54,6.84,1.65
1743699682.306766,2c08d2cc-7a1c-9d34-25ea-6265acb43d72,0c0b8cff-b8d8-7501-9e19-89f9bce7cadc,34,-79.0,-71.0,-67.0,-75.0,-52.0,-56.0,-64.0,-3.0144573378910455,-3.074872745116147,-2.8229709955082773,0.06744801671567381,-0.7848272706573696,2.7279925720218654,-0.7521010751150976,1.326276859728726,1.1524161163884292,0.5916677749011519,0.9622859887907838,0.2651911351080645,0.3707124683376571,0.8439306861766538,-3.7516868114471436,5.06180715560913,1.4911421537399292,-3.54,6.84,1.65
1743699683.305645,2c08d2cc-7a1c-9d34-25ea-6265acb43d72,963998d7-1bd1-a9ea-a2c3-a664afde217d,11,-71.0,-71.0,-63.0,-72.0,-49.0,-51.0,-62.0,-2.993786680458178,-3.1326388396888376,-2.7673918888227593,0.004949751202021273,-0.810478534209826,-3.082841717625951,-0.7679621374981878,1.3471252831643572,1.2012437102364326,0.6307043901595334,0.9515437290597858,0.2202852738396887,0.47054073528613666,0.481581183670704,-3.8805723190307617,5.26721954345703,1.459557294845581,-3.54,6.84,1.65
1743699684.306743,2c08d2cc-7a1c-9d34-25ea-6265acb43d72,74606479-f206-cf8d-3565-8a08a81c2ebf,4,-78.0,-76.0,-62.0,-69.0,-51.0,-52.0,-61.0,-3.0406870777833443,-2.6887492744649375,-2.7822890793284447,0.017186443778717357,-0.7290933567157764,-2.692654561237606,nan,1.2470902947182556,1.3659206757156457,0.5934889110335753,0.8758509650833901,0.3919975356165604,0.52935939602169,0.6457718231777206,-3.98858118057251,5.38229513168335,1.4662768840789795,-3.54,6.84,1.65
1743699685.307145,2c08d2cc-7a1c-9d34-25ea-6265acb43d72,36bd6dd8-3e85-8f2a-b82b-33f767de1f5c,16,-73.0,-70.0,-63.0,-72.0,-52.0,-50.0,-61.0,-2.8928219824755295,-2.657559397042365,-2.8200702804489626,0.027672640570904357,-0.7707461217600707,2.93194345054196,-1.9437077906871056,1.2856451441354415,1.4149260355664117,0.5287119117331964,0.8539298203606752,0.28211426105582077,0.41071366710700297,1.0806854425364087,-3.820488214492798,5.52898120880127,1.4318439960479736,-3.54,6.84,1.65
1743699686.307349,2c08d2cc-7a1c-9d34-25ea-6265acb43d72,43052935-9da1-e146-49fb-4228e6513f8e,27,-74.0,-73.0,-66.0,-76.0,-52.0,-52.0,-64.0,-2.8480750172078,-2.933518812357466,-2.822557672907097,0.007214769709133664,-0.7977647435209255,2.552308975246774,-0.9229554067045689,1.1239784827943995,1.2896385541900155,0.5254257041060932,0.8611710219436282,0.4114460850292195,0.38521394563266104,0.7679754008947567,-3.72639274597168,5.582682132720947,1.4652265310287476,-3.54,6.84,1.65
1743699687.307412,2c08d2cc-7a1c-9d34-25ea-6265acb43d72,01e0b3d9-bd7f-71c1-c3ed-c312da9a7021,29,-75.0,-72.0,-67.0,-79.0,-54.0,-52.0,-63.0,-2.758668172039987,-3.0641894744032943,-2.8413286975344114,0.07834007925798889,-0.7974268710846885,2.430314145381162,-0.8036488721580325,0.9912866812182834,1.1982315418854987,0.5447785961420764,0.9054788985266305,0.4549139777476497,0.2690332359613242,0.4670672854455853,-3.6592228412628174,5.51803970336914,1.5162627696990967,-3.54,6.84,1.65
1743699688.305482,2c08d2cc-7a1c-9d34-25ea-6265acb43d72,41c2b621-c0dc-7853-487f-d0ea65780f85,23,-78.0,-74.0,-67.0,-73.0,-49.0,-52.0,-60.0,-2.7674249120202763,-3.0752951224650333,-2.8648627857713325,0.18678533042656048,-0.7924178914883764,2.3485607297283893,-0.7862930050731217,1.2006081468422851,1.077241603560163,0.5524871492068244,0.9903254132228194,0.3992247461655081,0.2241607862552026,0.33182947858531375,-3.6312928199768066,5.428361892700195,1.5332838296890259,-3.54,6.84,1.65
1743699689.306884,2c08d2cc-7a1c-9d34-25ea-6265acb43d72,bb37dfd5-a8d5-9726-5a34-e1e7bdd8173d,2,-75.0,-70.0,-63.0,-69.0,-50.0,-53.0,-64.0,-2.80560452203987,-3.067780214501048,-2.8610150506283856,0.18238339146076854,-0.7255552026937158,3.0994954800997996,-0.785871994721283,1.2164748611428138,1.2744524107060569,0.5983106973452182,0.9854821218853739,0.4825427476666032,0.5930011102822185,0.47438892243630865,-3.6945173740386963,5.2999267578125,1.5328642129898071,-3.54,6.84,1.65
1743699690.30752,2c08d2cc-7a1c-9d34-25ea-6265acb43d72,ef7f844f-cb0d-3b67-63dd-8dd126779313,14,-71.0,-71.0,-62.0,-71.0,-50.0,-50.0,-59.0,-2.8250309506114535,-3.083324553151622,-2.880144803054534,0.12988130109872842,-0.7645512382514545,2.7066264686097847,-1.7658720637477547,1.226030283134018,1.3281278898443856,0.5972215310384031,0.973174922118818,0.3246256926778205,0.38375292090415625,0.784008561908352,-3.900125026702881,5.111237525939941,1.5207507610321045,-3.54,6.84,1.65
1743699691.307547,2c08d2cc-7a1c-9d34-25ea-6265acb43d72,99f66dc9-f48c-9822-041c-9bdc199b5a57,7,-84.0,-79.0,-62.0,-73.0,-53.0,-52.0,-67.0,-2.8613407552297025,-3.0154698717374937,-2.863104833135771,-0.04813690301929124,-0.7333492572916475,-2.964098894948099,-0.1785383052734313,1.2692248918023403,1.2571005846236458,0.5394717150378755,0.7512722174520913,0.34763833150280626,0.4821572719948237,1.0578278364657718,-4.005507946014404,5.006982326507568,1.4946584701538086,-3.54,6.84,1.65
1743699692.306714,2c08d2cc-7a1c-9d34-25ea-6265acb43d72,d60885da-c8be-3856-cdbc-1460dd80acd8,2,-76.0,-70.0,-63.0,-69.0,-50.0,-53.0,-61.0,-2.901552357161027,-2.9795853739453295,-2.8386897712102517,-0.04786952164584728,-0.6901983410488935,-2.6072592574706794,-0.5348238085763197,1.2067536573737523,1.2999043744019985,0.5688960831052932,0.7988270866151456,0.44902173315618865,0.591948181461031,0.7451735082645142,-4.220953941345215,4.906002044677734,1.4383766651153564,-3.54,6.84,1.65
1743699693.307242,2c08d2cc-7a1c-9d34-25ea-6265acb43d72,fb15b2ab-438f-8e4c-97d6-145daa83dba1,3,-77.0,-74.0,-62.0,-69.0,-51.0,-53.0,-63.0,-2.8798071142283117,-2.927461452458081,-2.8517602995242517,-0.05566672468538128,-0.682981361377579,-2.4764564685441397,-0.6849525093541441,1.200284439611786,1.326403093564396,0.6349835573990728,0.7955523305807296,0.4820447900148958,0.5835339435448968,0.43553386991295684,-4.4095048904418945,4.89498233795166,1.3975152969360352,-3.54,6.84,1.65
1743699694.307209,2c08d2cc-7a1c-9d34-25ea-6265acb43d72,193f8d6c-38b5-eac3-2237-dfb0ee6364e4,23,-77.0,-74.0,-67.0,-74.0,-50.0,-52.0,-61.0,-2.8669043650629873,-2.9529212724792386,-2.8933162651738478,-0.021893048373214395,-0.7444457530804557,2.964098894948099,-0.7567891668666914,1.2671401693010262,1.2546585990620978,0.529021870394568,0.8466560616333965,0.43078265220756734,0.4821572719948237,0.2993388547542619,-4.545044898986816,4.78543758392334,1.3332122564315796,-3.54,6.84,1.65
1743699695.307148,2c08d2cc-7a1c-9d34-25ea-6265acb43d72,bafcf81e-09ed-773c-75aa-da4d9fff0943,19,-84.0,-74.0,-64.0,-75.0,-54.0,-49.0,-65.0,-2.860888550476607,-2.9723919095249167,-2.908002799637308,0.010542123175078664,-0.7567891668666914,2.6419985018409355,-1.6404399853867353,1.308728758673976,1.216497897486243,0.47688679692025454,0.8578627766585043,0.2993388547542619,0.32499936186879014,0.7829651709864396,-4.743792533874512,4.708142280578613,1.347886085510254,-3.54,6.84,1.65
1743699696.304919,2c08d2cc-7a1c-9d34-25ea-6265acb43d72,a26e8b20-61a0-bae6-e120-ee8f4791fb89,14,-70.0,-70.0,-62.0,-72.0,nan,nan,nan,-2.864418570501507,-3.058062605999458,-2.894710163688395,-0.003031209952728189,nan,nan,nan,1.2433715897301232,1.2777518009805564,0.4995116486715091,0.8285760607299303,nan,nan,nan,nan,nan,nan,-3.54,6.84,1.65
1743699697.30687,2c08d2cc-7a1c-9d34-25ea-6265acb43d72,8e8f9d41-66be-1c82-2aec-7adf790ce038,0,-73.0,-65.0,-64.0,-69.0,-51.0,-54.0,-77.0,-2.889923930577305,-2.909676862698532,-2.9024130908253407,-0.0076235649364608275,-0.6849525093541441,2.328454498638251,-1.4064325747059994,1.2510577389522013,1.4154697199029516,0.5203383007652285,0.8864950873282188,0.43553386991295684,0.2969257333049619,0.8611453750817132,-4.745203971862793,4.755794048309326,1.3568283319473267,-3.54,6.84,1.65
1743699698.305509,2c08d2cc-7a1c-9d34-25ea-6265acb43d72,d968d964-906e-a9c4-335b-f3f08e61ba83,17,-75.0,nan,-63.0,-75.0,-54.0,-50.0,-64.0,-2.8955213625564333,nan,-2.8664415076655314,0.004612062375799224,-0.7391677630941388,2.3600281990922407,-2.1265477216326527,1.286572589985062,nan,0.47799260798388266,0.8666248429609741,0.30397718539726354,0.25282247149890685,0.6637753621760749,-4.68950605392456,4.89098024368286,1.3672043085098267,-3.54,6.84,1.65
1743699699.267755,2c08d2cc-7a1c-9d34-25ea-6265acb43d72,821f78f4-8424-105b-4acc-6b4ca90f978a,15,nan,nan,-62.0,nan,-51.0,-50.0,nan,nan,nan,-2.8776108052773237,nan,-0.7784742822842502,2.368788815670728,nan,nan,nan,0.451724352124318,nan,0.24041475667081386,0.2154910312616108,nan,nan,nan,nan,-3.54,6.84,1.65
1743699700.267569,2c08d2cc-7a1c-9d34-25ea-6265acb43d72,c17480b8-0153-22f1-0b5c-3bd31ef73efd,21,-85.0,nan,-67.0,-74.0,-52.0,-51.0,-66.0,-2.9510658481477803,nan,-2.8963714435763865,0.03298218483619533,-0.7784742822842502,2.336445331883765,-1.2038950198337657,1.408940980490622,nan,0.3977859191178572,0.9718022623139639,0.24041475667081386,0.19616063601947495,0.7515574485999795,-4.668939590454102,5.03317642211914,1.3859800100326538,-3.54,6.84,1.65
1743699701.30696,2c08d2cc-7a1c-9d34-25ea-6265acb43d72,cc0158d1-8d2a-4508-fb53-ab11ce32178a,3,-75.0,nan,-62.0,-69.0,-51.0,nan,-59.0,-2.911804195777287,nan,-2.9193638448475863,0.010574081108159616,-0.7111780299286478,nan,-0.9483249144326851,1.2759777362203997,nan,0.4670477149834431,0.9197487814375477,0.39757776760539476,nan,0.483428114811908,-4.544968128204346,5.22866153717041,1.3409775495529175,-3.54,6.84,1.65
1743699702.308742,2c08d2cc-7a1c-9d34-25ea-6265acb43d72,95f1d3c4-c7c2-5d49-0c97-1223afae1b74,2,-75.0,nan,-63.0,-69.0,-50.0,-53.0,-62.0,-2.884830634992529,nan,-2.9442545473437938,0.044624726173694736,-0.682981361377579,3.099978448226995,-0.879800717493757,1.1884964896787684,nan,0.5261646314400493,0.9042859355163296,0.4820447900148958,0.5755631024461159,0.44771790627111496,-4.268380165100098,5.480299949645996,1.347123622894287,-3.54,6.84,1.65
1743699703.306213,2c08d2cc-7a1c-9d34-25ea-6265acb43d72,9d0eeeab-7e80-935e-7f3e-dea3c273dbd2,17,-75.0,nan,-63.0,-74.0,-54.0,-50.0,-62.0,-2.8637445244296083,nan,-2.9461592401554184,0.10948148714872145,-0.7429474111497854,2.725192450066849,-1.746885704080821,1.2322692706197471,nan,0.5003814370835289,0.853538934891679,0.31685361165161896,0.38668434172948135,0.7334925606932732,-4.315858840942383,5.442224502563477,1.3738445043563843,-3.54,6.84,1.65
1743699704.30801,2c08d2cc-7a1c-9d34-25ea-6265acb43d72,9acbc637-9214-1fba-7f82-8e6c5d2b4b61,5,-86.0,-79.0,-62.0,-70.0,-51.0,-52.0,-60.0,-2.9014887076109743,-2.558657583640093,-2.9486330504919924,0.10418872079829797,-0.7031041972621606,2.468699346067883,-1.0835007797843739,1.223645688693961,1.4284623507550667,0.530908919763971,0.8478474267470434,0.42978410914561704,0.2630328584932135,0.6430768756983033,-4.420721054077148,5.418819427490234,1.4027833938598633,-3.54,6.84,1.65
1743699705.307532,2c08d2cc-7a1c-9d34-25ea-6265acb43d72,3cc57a62-8761-28a4-6918-cb5c96658d6a,14,-70.0,-70.0,-62.0,-72.0,-49.0,-50.0,-61.0,-2.7654003769595983,-2.260542265952187,-2.9249141388754203,0.12021216212897771,-0.7391677630941388,2.403824097326796,-1.8961101910866738,1.1554706290006957,1.4164311210564702,0.588586430940903,0.8366786617674691,0.30397718539726354,0.22248671693703098,0.6692616649620114,-4.540401935577393,5.38628625869751,1.421396017074585,-3.54,6.84,1.65
1743699706.304745,2c08d2cc-7a1c-9d34-25ea-6265acb43d72,4bb05bcd-5198-56e2-df52-e5c0fc9bf042,23,-78.0,-74.0,-67.0,-73.0,-50.0,-52.0,-62.0,-2.715617906702747,-2.3387694271799564,-2.9167086732407768,0.09836278959764062,-0.7821305023582558,2.353897040783973,-1.25179176472567,1.3319764239356593,1.4178629696165512,0.48936956558167394,0.9181707253336212,0.31947332067785705,0.19959962478258686,0.7112290520323531,-4.6165008544921875,5.470518589019775,1.4443082809448242,-3.54,6.84,1.65
1743699707.307037,2c08d2cc-7a1c-9d34-25ea-6265acb43d72,64e862e1-72d3-0969-1212-a347582798d6,31,-77.0,-74.0,-67.0,-78.0,-53.0,-53.0,-65.0,-2.633178423578799,-2.4974059438327063,-2.906182795348348,0.11771491597481042,-0.7730600576769111,2.336445331883765,-1.1071487176809534,1.1449767090413476,1.3655162747041172,0.51382444176549,0.9586977121170382,0.34971596559796014,0.19616063601947495,0.659058035799023,-4.475560665130615,5.58436155319214,1.4829883575439453,-3.54,6.84,1.65
1743699708.306035,2c08d2cc-7a1c-9d34-25ea-6265acb43d72,86934343-790b-5948-75b8-3e48cb80d893,14,-70.0,-71.0,-62.0,-72.0,nan,-50.0,nan,-2.725975206498174,-2.5620310097928964,-2.9137823918349977,0.09884588701938099,nan,2.3563172120550138,nan,1.2606537741500292,1.3396954631971996,0.5121555718683919,0.9592880017726543,nan,0.18727154426891499,nan,nan,nan,nan,-3.54,6.84,1.65
1743699709.267319,2c08d2cc-7a1c-9d34-25ea-6265acb43d72,41a770c5-3094-10a3-f58a-ddc71e71d62b,15,-71.0,-71.0,-63.0,-73.0,-50.0,-50.0,-62.0,-2.8302813727005445,-2.630916334548886,-2.897250819368331,0.07435306079003126,-0.8023021861715741,2.373791714864879,-1.9316034999277127,1.2691760227963376,1.324833559575958,0.5424033227658347,0.8805202188435988,0.2607324645390974,0.19043725859310148,0.6937649953586775,-4.7473726272583,5.38438081741333,1.4601178169250488,-3.54,6.84,1.65
1743699710.307372,2c08d2cc-7a1c-9d34-25ea-6265acb43d72,d7ad3d7c-dc06-332e-5a97-867bce8dadc4,10,-74.0,-75.0,-62.0,-74.0,-51.0,-51.0,-68.0,-2.8340715835639454,-2.5779319457134324,-2.9359239131379167,0.07236288050741504,-0.7930319237152506,3.0270453826367882,-0.15818241805159322,1.3110624867372125,1.289486221375663,0.5564379153944433,0.8913199362751154,0.22416078622400717,0.41644133162799435,1.1120415770303675,-4.79090929031372,5.178622722625732,1.4506216049194336,-3.54,6.84,1.65
1743699711.30679,2c08d2cc-7a1c-9d34-25ea-6265acb43d72,d0de0993-d808-278e-81d1-502cf774041d,19,-81.0,-74.0,-64.0,-75.0,-53.0,-49.0,-71.0,-2.804111021300554,-2.5533483056909105,-2.92603080232049,0.0711346306126705,-0.790280564919132,2.6756045828366872,-2.2238035202658164,1.3530767824104115,1.3175190544840008,0.4924622279765557,0.9337533469248657,0.21189674979342638,0.34639470732364114,0.9383989113621638,-4.855632305145264,4.99854850769043,0.9090293049812317,-3.54,6.84,1.65
1743699712.307324,2c08d2cc-7a1c-9d34-25ea-6265acb43d72,d1ab9714-3f3c-0366-6018-435762262743,12,-70.0,-70.0,-62.0,-73.0,nan,nan,nan,-2.878466212619457,-2.746213632886122,-2.914999456453164,0.056697368027241936,nan,nan,nan,1.329581975799569,1.3290533383231884,0.6685471768802596,0.8431211813395071,nan,nan,nan,nan,nan,nan,-3.54,6.84,1.65
1743699713.306972,2c08d2cc-7a1c-9d34-25ea-6265acb43d72,17ae2af8-0486-0885-8156-5e187f3403af,6,-81.0,-78.0,-62.0,-71.0,-52.0,-51.0,-61.0,-2.931932367296106,-2.7539021789531812,-2.900234891369765,0.04062199505530564,-0.719880986583779,2.4538833324703035,0.05642581607173013,1.2242536883708262,1.2349639901687437,0.562894782746854,0.8544889510315374,0.3658566663622604,0.2459818268847939,1.2561686528459501,-4.927277565002441,4.8140869140625,0.981496274471283,-3.54,6.84,1.65
1743699714.271622,2c08d2cc-7a1c-9d34-25ea-6265acb43d72,9369c521-09ea-2749-5b48-d0d2b014790c,27,-75.0,-72.0,-66.0,-75.0,-52.0,-53.0,-62.0,-2.9411655467954105,-3.0464730615676507,-2.879883280635488,0.05581453012588067,-0.7974268710846885,2.328454498638251,-0.5331004488826168,1.1339962295508417,1.050872713500907,0.5510905875311868,0.8698823550273318,0.4549139777476497,0.2969257333049619,0.6937649952810329,-4.994112014770508,4.645361423492432,1.0125737190246582,-3.54,6.84,1.65
1743699715.306827,2c08d2cc-7a1c-9d34-25ea-6265acb43d72,7e52140a-c981-3998-44f4-0bbf99b10896,11,-71.0,-71.0,-63.0,-74.0,-47.0,-51.0,-60.0,-2.939264582409312,-3.0887661902069814,-2.846267796092072,-0.006093845206319313,-0.7996494135329556,2.964098894948099,0.1791480397352732,1.2482812603577391,1.1031982362826749,0.6048518204566163,0.8252923831058625,0.31422912078120585,0.4821572719948237,0.49933382566287493,-4.83068037033081,4.650294303894043,1.0247217416763306,-3.54,6.84,1.65
1743699716.306645,2c08d2cc-7a1c-9d34-25ea-6265acb43d72,e9b6e1f5-6c38-2559-0a2b-6abbcf119d56,8,-82.0,-81.0,-62.0,-72.0,-52.0,-52.0,-62.0,-2.9691322003506597,3.1080613249368234,-2.836723026745228,-0.017251424909315288,-0.7781536488377773,-2.827578532608326,0.37843162553304865,1.2142933327358754,1.0060707539566676,0.5579837805386934,0.8764657558210348,0.3070671024485573,0.4682048197189086,0.49241947144535525,-4.598023891448975,4.734986782073975,1.0450879335403442,-3.54,6.84,1.65
1743699717.307421,2c08d2cc-7a1c-9d34-25ea-6265acb43d72,1afd1a6c-926a-6a99-4264-6aa0725bea56,20,-86.0,-77.0,-66.0,-74.0,-53.0,-50.0,-73.0,-2.9787113244755656,3.1005794401703546,-2.8505759917874935,-0.024024642509713815,-0.7784742822842502,2.8788980489477853,-1.9976534693094055,1.398933486904377,1.0549189207240917,0.47767629102540854,0.9252854933438225,0.24041475667081386,0.3719998008554921,1.2824870145197473,-4.392766952514648,4.79227876663208,1.0230648517608643,-3.54,6.84,1.65
1743699718.307453,2c08d2cc-7a1c-9d34-25ea-6265acb43d72,581ec222-a68b-9aa8-0209-6046445778cd,35,-78.0,-70.0,-67.0,-73.0,-52.0,-55.0,-68.0,-2.960308082394791,3.1146361370360114,-2.851399973828764,0.058847071659153906,-0.7728038377761298,2.578131079239787,-0.9578344731939952,1.3881241155139088,1.0405967066977544,0.43467139929524085,0.9515022503258077,0.2154910312309926,0.2680787108489079,0.9823899453486948,-4.22261667251587,4.808228015899658,1.068103313446045,-3.54,6.84,1.65
1743699719.307394,2c08d2cc-7a1c-9d34-25ea-6265acb43d72,256cac3b-5a44-1474-2097-7c10cf0d25ee,8,-81.0,-81.0,-62.0,-73.0,-52.0,-51.0,-61.0,-2.916347548596962,3.0439510480153458,-2.8740882421034764,0.04550809670727402,-0.749751358561313,-3.046833085740647,0.10032563835345153,1.2890799561513713,0.926720404539157,0.45829293908445756,0.9040896605439906,0.2738746756605917,0.3998110258263013,0.8003322393523352,-4.136343955993652,4.738661766052246,1.0757485628128052,-3.54,6.84,1.65
1743699720.308408,2c08d2cc-7a1c-9d34-25ea-6265acb43d72,75ca017b-5ef4-28ba-3191-eee6baa03ebc,3,-75.0,-73.0,-63.0,-69.0,nan,-52.0,-61.0,-2.972400964272623,-3.0331774961415396,-2.886251431434086,0.056971140987302084,nan,-2.7079611632143217,-0.4011526221453045,1.2964653013283247,1.0741484085330635,0.49328394633089967,0.9243449980048609,nan,0.5492545265507427,0.6577367644601705,-3.85355544090271,4.92353868484497,1.0928460359573364,-3.54,6.84,1.65
1743699721.307267,2c08d2cc-7a1c-9d34-25ea-6265acb43d72,0cd8cab7-e524-d4a5-86cd-a3f3f9ecabcc,28,-77.0,-72.0,-67.0,-76.0,-54.0,-52.0,-64.0,-2.9873370369302235,3.1212104165029806,-2.8674348667521308,0.11244185701645353,-0.7800943117817438,2.8351691447840612,-0.6569329135728876,0.9610157941088704,1.0524849246458137,0.5162066726500795,0.9133303634733749,0.4180090236986143,0.4183428264937527,0.41361858502238574,-3.888634443283081,5.056039333343506,1.0788249969482422,-3.54,6.84,1.65
1743699722.307438,2c08d2cc-7a1c-9d34-25ea-6265acb43d72,cf0517fb-de76-c0c5-fccc-ac0a8683578c,3,-77.0,-73.0,-63.0,-69.0,-51.0,-53.0,-60.0,-3.0883723086817585,-3.1089633375980332,-2.9044120595395544,0.10977283697197612,-0.6827057950656965,-2.9295722975609295,-0.7469253908507205,1.030691145602232,1.1922275783659693,0.5524837869659481,0.9466274005294448,0.5290628587416367,0.6002666408489803,0.3863045140477549,-3.88943862915039,5.124565601348877,1.6256232261657715,-3.54,6.84,1.65
1743699723.266155,2c08d2cc-7a1c-9d34-25ea-6265acb43d72,e4a55c32-0715-89a7-dabe-3b7bbb8a85b7,36,-77.0,-71.0,-68.0,-73.0,-52.0,-54.0,-62.0,-3.110834474579923,-3.1378490480454686,-2.8704218682307636,0.14001436273037088,-0.7155697089303732,-2.611027491061198,-0.7882648730099512,1.1424119517535467,1.1917536688499897,0.5702160123205636,0.9067962977388657,0.35270886243372823,0.3824017060061256,0.2775184767736829,-3.873295545578003,5.24036407470703,1.61246132850647,-3.54,6.84,1.65
1743699724.266184,2c08d2cc-7a1c-9d34-25ea-6265acb43d72,b034f9bc-6694-a87f-3564-da3efe74e6a9,5,-79.0,-77.0,-62.0,-69.0,-51.0,-51.0,-60.0,3.086939261699187,-3.1415393903679916,-2.853420780463916,0.1174019945467261,-0.6719088622556804,2.919138260676119,-0.07832016197755826,1.103582996481164,1.2507380264633372,0.5853375075690608,0.8442238631888543,0.4548448913217516,0.3411236234270117,0.46999811150881765,-3.854586601257324,5.350865840911865,1.5833756923675537,-3.54,6.84,1.65
1743699725.306607,2c08d2cc-7a1c-9d34-25ea-6265acb43d72,43d48573-fa9a-8112-f2a8-3d9414ad600d,9,-77.0,-78.0,-62.0,-73.0,-51.0,-51.0,-64.0,3.0963913530400964,3.10587966337183,-2.9068006487212465,0.06832552829485491,-0.7075188215836107,-2.911225937016371,0.28132784165748337,1.1835479368992379,1.2124179346962416,0.5902459797741858,0.8675335801039363,0.3262708489436845,0.4261662925744763,0.3702432214184367,-3.847386121749878,5.457921504974365,1.5773017406463623,-3.54,6.84,1.65
1743699726.306614,2c08d2cc-7a1c-9d34-25ea-6265acb43d72,6de2a90a-e8b4-7c4b-c229-3ffa872fc6d8,29,-75.0,-71.0,-67.0,-79.0,-54.0,-52.0,-64.0,3.1256781355476977,3.071956317406401,-2.903535080592591,0.11706190887552298,-0.7569807098282513,2.8086890962440574,-0.3305411018946112,1.1326320252824487,1.1788678307575868,0.5965838371153837,0.8851409364929407,0.4118002848741117,0.3313083297448314,0.44909813324884745,-3.84642505645752,5.47864532470703,1.5592052936553955,-3.54,6.84,1.65
1743699727.307736,2c08d2cc-7a1c-9d34-25ea-6265acb43d72,ae464029-aa25-ca9a-746c-4046539d3f0f,32,-78.0,-74.0,-67.0,-76.0,-52.0,-54.0,-65.0,3.113221465864961,3.099900866724603,-2.908608136153083,0.1831589039701996,-0.7906439925428026,2.5628164592368132,-0.6458503976431641,1.2272809035819194,1.261285209644487,0.6065112361318448,0.8990458331764624,0.34413305614354506,0.2505587160996286,0.590372366961151,-3.800257444381714,5.539741039276123,1.5819244384765625,-3.54,6.84,1.65
1743699728.306658,2c08d2cc-7a1c-9d34-25ea-6265acb43d72,cbbedf1b-61f7-e6fc-8449-6d96c2265570,22,-81.0,-78.0,-67.0,-72.0,-51.0,-51.0,-69.0,-3.126425951181792,3.1231252293267477,-2.8859736637323907,0.11423656127505792,-0.7956735364294273,2.423944831855199,-0.7064951505304347,1.470884642707266,1.2035847619926667,0.5852662680099012,0.9696841837199968,0.3020398666102595,0.21275181238452862,0.38432845037717983,-3.8398256301879883,5.566781997680664,1.5347809791564941,-3.54,6.84,1.65
1743699729.309254,2c08d2cc-7a1c-9d34-25ea-6265acb43d72,2f2722e7-3121-d4c4-68dc-4e8c01878af0,31,-79.0,-74.0,-67.0,-78.0,-52.0,-53.0,-69.0,-3.129429464259183,3.1043297036174042,-2.884739288567139,0.2351765653299543,-0.7951864145957602,2.3713728376801697,-0.789376422754789,1.384226312942469,1.2369071656581194,0.5744419163383013,0.9553123683183569,0.3563814688609685,0.20297934429046777,0.63012860314918,-3.9082274436950684,5.649804592132568,1.4523112773895264,-3.54,6.84,1.65
1743699730.310094,2c08d2cc-7a1c-9d34-25ea-6265acb43d72,67873c03-677b-4bcd-9347-4d3622ef5780,28,-78.0,-72.0,-67.0,-76.0,-54.0,-55.0,-61.0,-2.9256608892450786,3.1030790831695034,-2.8726898162150754,0.18050000393786447,-0.8150823708591345,2.3040203415324974,-0.8274745199963088,1.190069618934678,1.121060989820218,0.5657265219339354,0.8476309783294471,0.44768921108406556,0.17744387549629217,0.3862042946568501,-3.9500553607940674,5.697839736938477,1.4068571329116821,-3.54,6.84,1.65
1743699731.306552,2c08d2cc-7a1c-9d34-25ea-6265acb43d72,3e1e8f07-d92f-b25f-6bd0-0d61019857dc,23,-77.0,-75.0,-66.0,-74.0,-50.0,-52.0,-64.0,-2.893972468066444,3.040595465041846,-2.909891247166283,0.18702208544746854,-0.8048579277118322,2.2866300517707616,-0.8093486638342122,1.3700347269676,1.047076310787972,0.48914839005314287,1.02764016167841,0.3807021208274771,0.1740613470905022,0.28490726090683816,-3.960015296936035,5.74576997756958,1.3823013305664062,-3.54,6.84,1.65
1743699732.309495,2c08d2cc-7a1c-9d34-25ea-6265acb43d72,332402df-02c5-61b0-d86b-ca44640aafa0,27,-75.0,-73.0,-66.0,-75.0,-52.0,-52.0,-66.0,-2.9090949620003497,2.9810599662409065,-2.907897338458141,0.13396685652701898,-0.8388081387692902,2.245648637795417,-0.7781536488377773,1.172604741663993,0.9793963993203794,0.4894327157890224,0.9827440593896362,0.4520489253557084,0.25923654809013835,0.3070671024485573,-3.9357082843780518,5.83346939086914,1.3870761394500732,-3.54,6.84,1.65
1743699733.306377,2c08d2cc-7a1c-9d34-25ea-6265acb43d72,a37049cb-e5a9-57df-0c18-1da8a6b17c04,36,-79.0,-71.0,-68.0,-73.0,-52.0,-54.0,-63.0,-2.9914079449725186,2.9652445177913624,-2.8768049327314658,0.12334830062865504,-0.8038097077442928,3.1046765045164375,-0.8057374137607588,1.1973970403579222,0.9596940006808368,0.47093909267875333,0.979416905660773,0.32636745946777157,0.3314028104054815,0.27284204090889497,-3.9552948474884033,5.71205472946167,1.43185555934906,-3.54,6.84,1.65
1743699734.26684,2c08d2cc-7a1c-9d34-25ea-6265acb43d72,bb6f0d92-0c74-9aea-e67b-129d87607d68,31,-81.0,-74.0,-67.0,-79.0,-52.0,-53.0,-67.0,-2.8978739990634095,2.8675166257975966,-2.901048220766675,0.18671955034763554,-0.7906439925428026,2.705864803799215,-0.9288052476537959,1.1511358016943738,1.0780624563871528,0.5042230469559682,0.9831362764391776,0.34413305614354506,0.27037708660949644,0.2961285545227437,-3.984626293182373,5.598095893859863,1.4305715560913086,-3.54,6.84,1.65
1743699735.310154,2c08d2cc-7a1c-9d34-25ea-6265acb43d72,2ec123ee-9da6-f5c3-3beb-e1df89a10bb5,32,-79.0,-74.0,-67.0,-76.0,-52.0,-55.0,-66.0,-2.8367738931220488,2.877843299240488,-2.8712181533966974,0.1800970676649355,-0.7996494135329556,2.512042800229853,-0.9355396416918279,1.1603679159292422,1.1364560582916934,0.46728553526878724,0.9843053375786953,0.31422912078120585,0.22775277628386165,0.35507247250937496,-3.964163303375244,5.5661883354187,1.4080506563186646,-3.54,6.84,1.65
1743699736.307334,2c08d2cc-7a1c-9d34-25ea-6265acb43d72,3a904b58-4d37-1c7c-b898-f2cf1f0bbe91,15,-72.0,-71.0,-62.0,-72.0,-50.0,-50.0,-60.0,-2.7960650790152064,2.901154480894169,-2.855071674023656,0.18429048111737426,-0.7990408603878832,2.4790814618576147,-1.6911925404505437,1.1826624358367863,1.185821610679893,0.4074436730739478,0.9390932512265835,0.24858087380815613,0.20820303828000894,0.7071559355373156,-4.132023334503174,5.469971656799316,1.3878772258758545,-3.54,6.84,1.65
1743699737.309112,2c08d2cc-7a1c-9d34-25ea-6265acb43d72,8e794656-0650-d2f2-74cd-7ae165e7550c,33,-79.0,-72.0,-67.0,-77.0,-52.0,-56.0,-63.0,-2.76337584189892,2.834598889459781,-2.890047501251885,0.3598300812088572,-0.7990408603878832,2.408804152588739,-1.2902342208515696,1.2640847245823783,1.2800318663478274,0.4146400003925327,0.959385406889524,0.24858087380815613,0.19659719634663658,0.7057685628457335,-4.23060417175293,5.460783958435059,1.35031795501709,-3.54,6.84,1.65
1743699738.306578,2c08d2cc-7a1c-9d34-25ea-6265acb43d72,7d6915b3-2a81-bb80-5c88-b2376cbef759,27,-74.0,-73.0,-66.0,-77.0,-53.0,-52.0,-61.0,-2.7774887314635768,2.7711975460204825,-2.8761593824832308,0.10111170447482043,-0.8328009821549605,2.297456719074068,-0.9799409404642503,0.9964438260901947,1.078788833574472,0.3976158429927421,0.9215759096824239,0.39798152906022266,0.27487294000254425,0.4935507627510729,-4.29036283493042,5.508080005645752,1.3501710891723633,-3.54,6.84,1.65
1743699739.309679,2c08d2cc-7a1c-9d34-25ea-6265acb43d72,f05fdcd6-c2c1-8993-412c-176eac5ae5e5,23,-78.0,-75.0,-66.0,-74.0,-49.0,-52.0,-63.0,-2.7286649991991543,2.7999383805046176,-2.8826593597557872,0.04855794878763276,-0.821261216717667,2.2760728885317514,-0.8694395170925473,1.090169186702653,0.9435158296908235,0.3324080773860429,0.9616188003586916,0.3208126082301309,0.21960857592540595,0.34349190367294263,-4.312573432922363,5.602237701416016,1.3881442546844482,-3.54,6.84,1.65
1743699740.308355,2c08d2cc-7a1c-9d34-25ea-6265acb43d72,84c857ec-77c7-5e34-d3de-50ce6e4cc623,32,-80.0,-73.0,-67.0,-75.0,-52.0,-54.0,-68.0,-2.6783957030950365,2.7311324179491128,-2.878157552249117,0.10085843785515387,-0.8038097077442928,2.29904504185518,-0.913843792348113,1.1071638828828847,0.9984343392679471,0.2889598692029179,1.0561715385428105,0.32636745946777157,0.2007425487429814,0.4313041147851945,-4.368950843811035,5.643970489501953,1.481099247932434,-3.54,6.84,1.65
1743699741.313564,2c08d2cc-7a1c-9d34-25ea-6265acb43d72,a812a237-12fa-cbad-4672-d7d946d6b7d5,34,-78.0,-70.0,-67.0,-74.0,-51.0,-56.0,-64.0,-2.701872000736303,2.6614289701062503,-2.892212118585901,0.1944184827429456,-0.8023021861715741,2.301613942325161,-0.9244720623801748,1.3231686844204946,1.051791903551148,0.300718324626863,0.9795541916149666,0.2607324645390974,0.1891093770199188,0.4124647386919302,-4.3688530921936035,5.7054877281188965,1.5172617435455322,-3.54,6.84,1.65
1743699742.266115,2c08d2cc-7a1c-9d34-25ea-6265acb43d72,c4336a9e-d23d-25a2-9b47-ae3c7ec0d6c6,6,-84.0,-78.0,-62.0,-70.0,-52.0,-51.0,-61.0,-2.6911354668016485,2.7300485113854505,-2.888136683169753,0.12934946782903958,-0.7290933567157764,2.284234071603252,-0.09703435768234857,1.3712181025979773,1.0542817594332903,0.28401937248568465,0.9509211485759523,0.3919975356165604,0.18549940214866983,0.4519304739297905,-4.333269119262695,5.7787017822265625,1.5222787857055664,-3.54,6.84,1.65
1743699743.266572,2c08d2cc-7a1c-9d34-25ea-6265acb43d72,b31f6c36-a258-3845-80eb-611c37002cb2,9,-76.0,-80.0,-62.0,-73.0,-52.0,-51.0,-63.0,-2.724387429856269,2.7886151521818188,-2.814650214998433,0.07090160401728857,-0.7391677630941388,3.027903936173718,0.22245439286685142,1.2955174822963655,0.9862278069905961,0.3435334328398489,0.9123679636344475,0.30397718539726354,0.39910155490751736,0.3411236233617511,-4.256309509277344,6.013906478881836,1.5461441278457642,-3.54,6.84,1.65
1743699744.308365,2c08d2cc-7a1c-9d34-25ea-6265acb43d72,2851ea18-5ed9-78b6-620d-a80194b8ed09,20,-86.0,-79.0,-66.0,-72.0,-52.0,-51.0,-72.0,-2.674457154158918,2.819279854237427,-2.881212198019438,0.09670443918684829,-0.7784742822842502,2.6628339110749444,-1.7304981280417329,1.486121119935827,1.001581463307121,0.3301001486958666,1.0117024075558037,0.24041475667081386,0.3124654824063361,1.2524462177608098,-4.418105602264404,6.064700603485107,1.5621116161346436,-3.54,6.84,1.65
1743699745.307717,2c08d2cc-7a1c-9d34-25ea-6265acb43d72,46e2345a-a9be-4b50-76c6-aa0c0a284945,17,-77.0,-72.0,-63.0,-74.0,-53.0,-50.0,-62.0,-2.6641027838406903,2.9884832614633936,-2.875092786466654,0.08931469979409642,-0.7728038377761298,2.5219470265329567,-2.3597434112079037,1.4017838682190888,1.0368708777537063,0.3591182848285063,0.9376997521861995,0.2154910312309926,0.2732977255562743,0.7195644402030752,-4.4904146194458,6.192288398742676,1.5872904062271118,-3.54,6.84,1.65
1743699746.309161,2c08d2cc-7a1c-9d34-25ea-6265acb43d72,551eae48-00ec-7a3d-518e-7f6595055d19,26,-74.0,-73.0,-65.0,-75.0,-50.0,-52.0,-62.0,-2.6326188934337735,2.9255048280052,-2.8927423539589356,0.1523394722552576,-0.8174243209236063,2.363990581106925,-1.2062482746344696,1.0220780165837249,1.0710420308585675,0.3513506761665858,0.8527354591908021,0.36245127203134014,0.3621811083413312,0.8317477101722469,-4.346526145935059,6.4012932777404785,1.6067758798599243,-3.54,6.84,1.65
1743699747.266614,2c08d2cc-7a1c-9d34-25ea-6265acb43d72,0c864aef-7b4e-797f-28b2-50c3b311ab96,14,-72.0,-70.0,-62.0,-71.0,-46.0,-50.0,-59.0,-2.532663000872047,2.867466558369103,-2.8480606361379133,0.16306402196500674,-0.8231639031768339,3.063948353873907,-2.0371974239680752,1.0400153386317903,1.1270231417106327,0.40723291716318166,0.8830809813897644,0.2680865918574333,0.4525978572438388,0.7020011894906307,-4.287174701690674,6.40586757659912,1.6099960803985596,-3.54,6.84,1.65
1743699748.308437,2c08d2cc-7a1c-9d34-25ea-6265acb43d72,c546da49-16af-8143-093d-64297ec2822e,1,-75.0,-67.0,-64.0,-69.0,-50.0,-53.0,-62.0,-2.5526265890354995,-2.960560550066131,-2.866936056679959,0.13237029145351648,-0.7031041972621606,-2.7345287695372473,-1.308869088077317,1.158160288543621,1.3891050909014395,0.5011578151203143,0.8666274395430368,0.42978410914561704,0.6053224755624897,0.842652244816672,-4.25949239730835,6.386993885040283,1.5447635650634766,-3.54,6.84,1.65
1743699749.28445,2c08d2cc-7a1c-9d34-25ea-6265acb43d72,7192ac49-c17a-8965-6b32-a82567501d65,6,-82.0,-79.0,-63.0,-71.0,-52.0,-51.0,-58.0,-2.64695735274276,-2.7754175910838224,-2.8712711503023898,-0.10325315230735313,-0.682981361377579,2.8518607940733722,-0.2012615443413416,1.1148694066018927,1.253079744009844,0.47551283882436896,0.8095037660043005,0.4820447900148958,0.4372325831547362,0.9151968388805708,-4.254638671875,6.342351913452148,1.5914005041122437,-3.54,6.84,1.65
1743699750.309672,2c08d2cc-7a1c-9d34-25ea-6265acb43d72,209fc546-0c38-b8dc-eb41-d7592c34a03a,10,-74.0,-74.0,-62.0,-74.0,-50.0,-51.0,-63.0,-2.6744012277760265,-2.8517152921018294,-2.8855624716600827,-0.01050270839094549,-0.7252609053126876,-2.964098894948099,0.29213914278896336,1.1705901934574023,1.2681941153024252,0.5311724062643207,0.9010740300836395,0.32160928139075057,0.4821572719948237,0.5735084445585193,-4.25942850112915,6.244073867797852,1.5087790489196777,-3.54,6.84,1.65
1743699751.306575,2c08d2cc-7a1c-9d34-25ea-6265acb43d72,864d5963-848b-5f97-b9b5-d15eefc23490,24,-76.0,-72.0,-66.0,-73.0,-50.0,-54.0,-61.0,-2.646990908572495,-2.8732344326579966,-2.8875779519730544,0.07129255606531221,-0.7730600576769111,2.7472445380460107,-0.30642350873970836,1.1266343201914812,1.111892258819293,0.49099242937094095,0.9555003874913164,0.34971596559796014,0.4730146870261785,0.41834282641628806,-4.317862510681152,6.1259894371032715,1.4701465368270874,-3.54,6.84,1.65
1743699752.266119,2c08d2cc-7a1c-9d34-25ea-6265acb43d72,f39e2cee-dfdb-1b37-093a-65520f48c5fd,27,-74.0,-73.0,-66.0,-75.0,nan,nan,-61.0,-2.6527515923264455,3.105120662461158,-2.8993121060520526,0.16734318920454608,nan,nan,-0.5689034036607464,0.9382792560394008,1.0409002404829963,0.4788673898229464,0.9142524830008149,nan,nan,0.29753926357473964,nan,nan,nan,-3.54,6.84,1.65
1743699753.306541,2c08d2cc-7a1c-9d34-25ea-6265acb43d72,0156a1b2-60eb-7a0c-f008-27daabe725e8,35,-76.0,-71.0,-68.0,-73.0,-52.0,-55.0,-64.0,-2.6525779542233723,3.1293692768185477,-2.9391559254368365,0.246862249877113,-0.7707461217600707,2.5305924790915153,-0.7429474111497854,0.9187051551853729,1.0354512131556126,0.45490466580857697,0.9975369871386449,0.28211426105582077,0.3195838662327411,0.31685361165161896,-4.41753053665161,6.00425672531128,1.4759856462478638,-3.54,6.84,1.65
1743699754.308,2c08d2cc-7a1c-9d34-25ea-6265acb43d72,e5822a90-058e-7fb6-6d58-28a242d2b782,36,-76.0,-71.0,-67.0,-72.0,-52.0,-54.0,-61.0,-2.693764539429775,3.0667929806849554,-2.8987712180346574,0.23911964163992563,-0.7755547194754181,-3.031526156811602,-0.7959514140769243,1.1244639770611211,0.9859073621324325,0.4976099519161107,0.9865814082043315,0.2279702158947156,0.3123798347659931,0.23638956400927819,-4.567203521728516,5.821858882904053,1.3870223760604858,-3.54,6.84,1.65
1743699755.308781,2c08d2cc-7a1c-9d34-25ea-6265acb43d72,b6f9d381-da46-8b78-62df-464f8979dd85,11,-73.0,-71.0,-62.0,-73.0,-47.0,-50.0,-60.0,-2.6722342135970294,2.9215250000721857,-2.868196530823894,0.1592927195453455,-0.790280564919132,-2.8186450717071256,-0.8251523672194002,1.2443135498076847,1.0103323443330123,0.5472405221222865,0.9436627030249415,0.21189674979342638,0.39950697210177005,0.20452129167878974,-4.45862913131714,5.8375043869018555,1.36348557472229,-3.54,6.84,1.65
1743699756.315348,2c08d2cc-7a1c-9d34-25ea-6265acb43d72,0c585a10-2217-e802-6ab3-977171369016,31,-78.0,-74.0,-67.0,-78.0,-52.0,-53.0,-63.0,-2.669576112513021,2.8601583117057077,-2.866187708413647,0.25006816319735037,-0.7781536488377773,2.8654444683554416,-0.9015390779614008,1.1253971487070848,1.1936069626525758,0.5159049364985735,1.0115406205195812,0.3070671024485573,0.31990321630960195,0.4098150204696556,-4.439327716827393,5.755403518676758,1.3245195150375366,-3.54,6.84,1.65
1743699757.309774,2c08d2cc-7a1c-9d34-25ea-6265acb43d72,4f067edc-d5db-72f9-5c69-29fffc1209de,1,-74.0,-67.0,-64.0,-69.0,-50.0,-53.0,-65.0,-2.7158171111522846,2.91200206864628,-2.829991620773944,0.21140705365267007,-0.6956631947667434,-2.869996455405183,-0.8561931277201613,1.1898740097526115,1.3620770684723889,0.5054000975787561,0.9618932391090244,0.46245008705605173,0.5762231308572564,0.4443586694216641,-4.46259307861328,5.64741086959839,1.2859514951705933,-3.54,6.84,1.65
1743699758.308467,2c08d2cc-7a1c-9d34-25ea-6265acb43d72,8c1c629f-6119-e8b1-47fe-fcdb7465ad37,21,-82.0,-83.0,-67.0,-73.0,-51.0,-51.0,-69.0,-2.7054643387307107,3.0756629050115736,-2.853149670664946,0.21825883450522596,-0.7429474111497854,2.8186450717071256,-1.7658720637477547,1.2868061492126621,1.2416771534865607,0.4490854258001584,1.0245361142698681,0.31685361165161896,0.39950697210177005,0.784008561908352,-4.615477085113525,5.580786228179932,1.2965662479400635,-3.54,6.84,1.65
1743699759.266513,2c08d2cc-7a1c-9d34-25ea-6265acb43d72,e9014a49-da30-a965-4e4d-0adb53aa47d8,12,-72.0,-70.0,-62.0,-72.0,-49.0,-50.0,-57.0,-2.693573590779616,2.834969068851302,-2.892736495004538,0.12075145224971875,-0.7609629289060231,-3.00465081613628,-2.1531922210957783,1.3558849526218457,1.2897611927582142,0.5556070424238523,0.9732520206323758,0.24436917460669266,0.46744463122092955,0.5329088446222398,-4.71318006515503,5.506773948669434,1.3573081493377686,-3.54,6.84,1.65
1743699760.308547,2c08d2cc-7a1c-9d34-25ea-6265acb43d72,0368bd0b-3bb3-2617-6d65-457e686e2923,31,-78.0,-75.0,-67.0,-78.0,-52.0,-53.0,-62.0,-2.714114552267397,3.1136129505452024,-2.8852042764934662,0.24234126761059446,-0.7821305023582558,2.769853854168027,-1.6044856276417028,1.2901229831923011,1.3545841315873965,0.5462716974072294,0.9108078838678793,0.31947332067785705,0.3434692366317282,0.7673567663362804,-4.855774879455566,5.344097137451172,1.2675552368164062,-3.54,6.84,1.65
1743699761.308676,2c08d2cc-7a1c-9d34-25ea-6265acb43d72,b3c863d6-33b1-671b-c027-884326baf456,8,-82.0,-79.0,-62.0,-73.0,-53.0,-54.0,-63.0,-2.7338834633551645,-3.1060495730493773,-2.8765540629567803,0.0411447735772882,-0.7605783112908646,-2.93194345054196,-0.2294168179564629,1.2410158905878939,1.330162678075261,0.5814478942179728,0.8535391346287607,0.31200562028282564,0.41071366710700297,0.9122182605588095,-4.904348850250244,5.3162994384765625,1.2630494832992554,-3.54,6.84,1.65
1743699762.313254,2c08d2cc-7a1c-9d34-25ea-6265acb43d72,524bdbf6-66ee-acb4-b3bd-22fcca76996e,3,-75.0,-73.0,-62.0,-69.0,-50.0,-53.0,-61.0,-2.6707068907118687,-2.9197108547376236,-2.8777689970460743,0.10542496017631274,-0.6901983410488935,-2.6098117478305514,0.3936551816451187,1.1667062393236307,1.408556686345324,0.5797671066749965,0.8262044492001874,0.44902173315618865,0.5266027432239677,0.5571004119112986,-4.954172134399414,5.277435302734375,1.2469313144683838,-3.54,6.84,1.65
1743699763.306969,2c08d2cc-7a1c-9d34-25ea-6265acb43d72,266339c7-dd6d-1657-8746-01c4692f78f6,30,-76.0,-73.0,-67.0,-80.0,-52.0,-52.0,-62.0,-2.6836948610320763,-2.967355605587468,-2.8689006706161106,0.20624265166678843,-0.7319913914314206,2.9494378244560044,-0.25977584162845296,1.0406074925001694,1.3175187881678916,0.5412584631027233,0.8805077019864754,0.4500028201348537,0.42925965584337644,0.7334925606168448,-4.92915153503418,5.1336932182312,1.258022427558899,-3.54,6.84,1.65
1743699764.266361,2c08d2cc-7a1c-9d34-25ea-6265acb43d72,2cba2ca7-56e0-da6f-b38b-29b13d4f57ab,0,-72.0,-64.0,-65.0,-70.0,-51.0,-53.0,-70.0,-2.7079037942892232,-2.883758712653772,-2.8153626105900296,0.2164729186782188,-0.663929872368188,-2.817885513986583,-0.5958270123922275,1.1833491319238632,1.402625693439663,0.5634979221547297,0.8869329775904551,0.5356127631433164,0.6203361015884801,0.6743052983075176,-4.838632106781006,5.146889686584473,1.315741777420044,-3.54,6.84,1.65
1743699765.308187,2c08d2cc-7a1c-9d34-25ea-6265acb43d72,d1ee1915-1ad9-720c-2a4a-e52525a1ab5c,7,nan,-78.0,-62.0,-73.0,-52.0,-52.0,-60.0,nan,-2.9192927384464804,-2.8612395551082797,0.27367761889312087,-0.6576717538705488,-2.5713170452048497,-0.04161420535287941,nan,1.3769119410085664,0.4915793900751944,0.923959505437072,0.5218331722708194,0.5163830409895986,0.5755631023373488,-4.7614593505859375,5.205158710479736,1.2940843105316162,-3.54,6.84,1.65
1743699766.308784,2c08d2cc-7a1c-9d34-25ea-6265acb43d72,34699cec-3841-7f3c-6344-383d7a1dbf2a,24,-80.0,-73.0,-66.0,-74.0,-50.0,-54.0,-62.0,-2.7118751001067496,-3.063403042933394,-2.86118043293208,0.2835206622820537,-0.7623214779651307,2.9387137989632848,-0.4534873777296924,1.2101357388000982,1.2532991884836664,0.42688052126329573,1.0047914379480207,0.4244554517313751,0.5319484179175044,0.3807021208198334,-4.69343614578247,5.10047435760498,1.3622941970825195,-3.54,6.84,1.65
1743699767.308606,2c08d2cc-7a1c-9d34-25ea-6265acb43d72,031bb19f-3902-551c-903c-c16454ef245d,7,-82.0,-79.0,-62.0,-72.0,-52.0,-50.0,-61.0,-2.806732370761519,-3.058230385148133,-2.8408328169394386,0.18326543041380275,-0.7138827784490803,-2.791912652059795,0.018458740919605556,1.2473636682041525,1.1500735998935954,0.4177354923960727,0.9098966833009084,0.4562917049714989,0.44645488962021557,0.33156011555654397,-4.57488203048706,5.060449600219727,1.4434274435043335,-3.54,6.84,1.65
1743699768.308733,2c08d2cc-7a1c-9d34-25ea-6265acb43d72,46a23825-53d8-8524-3e54-1500566d522e,12,-72.0,-70.0,-62.0,-72.0,-49.0,-51.0,-58.0,-2.8017783585017537,-3.041140081484767,-2.813230750137421,0.13563639221438964,-0.7605783112908646,-2.674548695297495,-1.6528298767115674,1.3104835155162293,1.211308062311951,0.5443908065978473,0.9237087022414138,0.31200562028282564,0.4432565980318592,1.1679378946050194,-4.327581882476807,5.10518980026245,1.4673612117767334,-3.54,6.84,1.65
1743699769.308732,2c08d2cc-7a1c-9d34-25ea-6265acb43d72,d663277e-1211-dc92-5ece-b2b70f9fc422,28,-76.0,-73.0,-67.0,-76.0,-54.0,-52.0,-63.0,-2.8664753298113754,-3.0458821061217622,-2.8019453387021014,0.14480831900862254,-0.8033218497763994,2.8806170647261466,-0.8539932911223548,1.2336989886509555,1.014228482428771,0.5401881386606204,0.8582175097157029,0.4235993128718051,0.3551413412707248,0.7351595216078844,-4.130250453948975,5.13489294052124,1.4663002490997314,-3.54,6.84,1.65
1743699770.310417,2c08d2cc-7a1c-9d34-25ea-6265acb43d72,1b692655-96f1-1b3e-0fa2-39e4c3ad90f9,22,-83.0,-81.0,-66.0,-72.0,-50.0,-51.0,-65.0,-2.7466868766118293,-3.082165811761329,-2.7889717494517803,0.18520714116457956,-0.8038097077442928,2.578131079239787,-0.7736502991578926,1.3210563982018984,0.9933767966208049,0.5465672084196872,0.9628160244267367,0.32636745946777157,0.2680787108489079,0.44956578622080573,-3.906423330307007,5.23594093322754,1.485957145690918,-3.54,6.84,1.65
1743699771.307939,2c08d2cc-7a1c-9d34-25ea-6265acb43d72,c6b5cd9b-e6df-98c7-b7fd-c22a88ab92a2,25,-77.0,-73.0,-66.0,-75.0,-49.0,-53.0,-61.0,-2.6838514549041728,-3.082836129407702,-2.8438858648131053,0.2037818908195552,-0.8223500236819092,2.4039139635136944,-0.7996494135329556,1.151836346219119,0.9410838975623905,0.5740251982067311,0.9216657913692139,0.3743599157127818,0.3605798816779776,0.31422912078120585,-3.777005434036255,5.27230978012085,1.4509334564208984,-3.54,6.84,1.65
1743699772.310351,2c08d2cc-7a1c-9d34-25ea-6265acb43d72,22ca0dfb-2c3c-3de8-ca00-9ade68a5f68a,33,-80.0,-73.0,-67.0,-74.0,-52.0,-56.0,-66.0,-2.645517647857463,-3.1027120995712902,-2.8422791797274605,0.18661115969126935,-0.8131381547996035,2.3742823008707594,-0.8561931277201613,1.201375936184555,1.0316297101494032,0.49493727002513443,0.9528454156215891,0.29692573326474814,0.26957238283895607,0.4443586694216641,-3.6586945056915283,5.31437110900879,1.4361077547073364,-3.54,6.84,1.65
1743699773.306975,2c08d2cc-7a1c-9d34-25ea-6265acb43d72,317eea83-fe5d-8289-3bc1-69c4b5509212,28,-76.0,-73.0,-67.0,-76.0,-54.0,-52.0,-63.0,-2.6143293683315454,-3.1220620954195883,-2.8329658390793444,0.20235257226250966,-0.8328009821549605,2.2789567841173315,-0.7914300032476127,0.9767727195934606,1.0465992720577115,0.46803671314375767,0.9264265912918941,0.39798152906022266,0.20827524696590222,0.4426843706220697,-3.6334517002105713,5.470744609832764,1.3387798070907593,-3.54,6.84,1.65
1743699774.309724,2c08d2cc-7a1c-9d34-25ea-6265acb43d72,d6ca101e-adf6-d5f4-f1d8-0ecd3a51668b,30,-76.0,-74.0,-67.0,-79.0,-53.0,-52.0,-63.0,-2.576336445904366,-3.1022058326480666,-2.839148367549963,0.25133023523793896,-0.8033218497763994,2.3164402862203355,-0.8205863669479447,0.9698085533429034,1.0528582332516156,0.4648244415264177,0.8840957789231392,0.4235993128718051,0.20452129170634795,0.5350146296783203,-3.6431610584259033,5.540371417999268,1.2486416101455688,-3.54,6.84,1.65
1743699775.307983,2c08d2cc-7a1c-9d34-25ea-6265acb43d72,10293bb9-9272-9267-90a0-b51843a2961a,9,-77.0,-77.0,-62.0,-73.0,-51.0,-51.0,-64.0,-2.5560913616136927,-3.1186151660206987,-2.852913714592365,0.1660001570668191,-0.7862930050731217,3.0270453826367882,-0.03952961525801297,1.0590058743119546,1.021208161592678,0.5109535541103847,0.8803981794866459,0.33182947858531375,0.41644133162799435,0.4883683153732663,-3.672138214111328,5.39103603363037,1.3519824743270874,-3.54,6.84,1.65
1743699776.308208,2c08d2cc-7a1c-9d34-25ea-6265acb43d72,79ea84bb-0a07-35f3-f8cc-68a776016e9f,31,-78.0,-75.0,-67.0,-77.0,-53.0,-52.0,-64.0,-2.5618070379452207,-3.140156144497804,-2.850153614438607,0.20427484193732887,-0.7776020723328199,2.665356596342168,-0.48534126662833865,0.9812606786624621,1.0682698133218498,0.49987014344374736,0.9110239328113118,0.36218110829083444,0.29696428374695444,0.6384883775518957,-3.679263114929199,5.501452445983887,1.30454683303833,-3.54,6.84,1.65
1743699777.274298,2c08d2cc-7a1c-9d34-25ea-6265acb43d72,9dc1f6c5-e312-7d74-c47a-84eaac6d97ba,0,-72.0,-64.0,-65.0,-69.0,-51.0,-53.0,-70.0,-2.509925996749387,3.0658757880055325,-2.8150129375389024,0.1881328899381406,-0.701352412841905,-2.9928080652381834,-0.668260583391873,1.1980278100621076,1.3816249371896796,0.5773464929811962,0.955224950055575,0.4758160588358846,0.605655476240088,0.631836746612367,-3.7819299697875977,5.50603723526001,1.2239978313446045,-3.54,6.84,1.65
1743699778.307268,2c08d2cc-7a1c-9d34-25ea-6265acb43d72,8fd78a3c-5d64-5e6f-e81f-2e6d5e1fa947,19,-86.0,nan,-64.0,-75.0,-52.0,-49.0,nan,-2.4975987566956284,nan,-2.815777531087864,0.15545830020784943,-0.7469114648089293,2.7973574425641052,nan,1.236969883101791,nan,0.5287242954322653,0.9772951652203068,0.32968432564166833,0.4136278253295442,nan,-3.83243989944458,5.566648483276367,1.282333254814148,-3.54,6.84,1.65
1743699779.30879,2c08d2cc-7a1c-9d34-25ea-6265acb43d72,89c607e1-3a5f-5ce5-a567-454d804de6c7,32,-80.0,nan,-67.0,-75.0,-52.0,-54.0,-65.0,-2.4611792298404676,nan,-2.8631841953362556,0.4223619025522447,-0.7781536488377773,2.554764146572653,-0.8352023475001172,1.1926413004413132,nan,0.49810673132795136,0.9798490701266657,0.3070671024485573,0.2942785936810289,0.623752370708527,-3.880249261856079,5.641769886016846,1.2475637197494507,-3.54,6.84,1.65
1743699780.30777,2c08d2cc-7a1c-9d34-25ea-6265acb43d72,1291b837-c04a-528b-1501-611fe8301871,10,-75.0,nan,-62.0,-74.0,-51.0,-51.0,-63.0,-2.468047788607891,nan,-2.8481866036574743,0.1893036155533394,-0.7815644543520484,3.141592653589793,0.0610646510414281,1.3796712422139974,nan,0.5129906060281862,0.9113787990265649,0.2528224714633967,0.4537856055623628,0.5402288129944938,-3.925156354904175,5.70958375930786,1.234266757965088,-3.54,6.84,1.65
1743699781.265194,2c08d2cc-7a1c-9d34-25ea-6265acb43d72,de1196f6-c946-a8e0-7f55-b1fed5619352,31,-78.0,nan,-67.0,-77.0,-52.0,-52.0,-63.0,-2.4868915175329644,nan,-2.8537704535150437,0.3010698286012398,-0.7996494135329556,2.7148585697535434,-0.4645263500139591,1.3368979456301258,nan,0.5280745507053133,0.9447418824776688,0.31422912078120585,0.3361758602835704,0.6436185274079279,-3.988919973373413,5.75287628173828,1.2181905508041382,-3.54,6.84,1.65
1743699782.307734,2c08d2cc-7a1c-9d34-25ea-6265acb43d72,e0031afc-e6b6-05f1-daee-2eb266f89b30,33,-79.0,nan,-67.0,-74.0,-52.0,-55.0,-64.0,-2.494511886676117,nan,-2.8800579840029976,0.34834253584680036,-0.7882648730099512,2.5247053853233647,-0.753245573119969,1.3614605466800356,nan,0.46544126292439375,0.9689828402469243,0.2775184767736829,0.2590751733940922,0.613702030027281,-4.05096673965454,5.791327953338623,1.208752989768982,-3.54,6.84,1.65
1743699783.307177,2c08d2cc-7a1c-9d34-25ea-6265acb43d72,e6c469e6-66f1-dbb1-7ea6-5b2b251fd123,3,-74.0,nan,-63.0,-68.0,nan,nan,-59.0,-2.534602314777843,nan,-2.859083193573643,0.3245948620904548,nan,nan,0.09969886955200849,1.3538905112814856,nan,0.5308087183279567,0.9536134047009407,nan,nan,0.5040373998559733,nan,nan,nan,-3.54,6.84,1.65
1743699784.308634,2c08d2cc-7a1c-9d34-25ea-6265acb43d72,ddb0bad9-b203-5d27-e889-01c86c5bb12d,19,-83.0,-74.0,-64.0,-74.0,-52.0,-49.0,-71.0,-2.5200374867761997,1.427898026920079,-2.893761013075891,0.342514474117271,-0.7930319237152506,2.436253147724284,-1.8156518639924568,1.3773891794759086,1.3010728363302708,0.4708158881888235,0.9943742170280668,0.22416078622400717,0.2425217187353828,1.1019597249576336,-4.262837886810303,5.656262397766113,1.20297646522522,-3.54,6.84,1.65
1743699785.309712,2c08d2cc-7a1c-9d34-25ea-6265acb43d72,4a109556-4edd-82b1-d6cd-e062c162a6c4,7,-86.0,-82.0,-62.0,-73.0,-53.0,nan,-63.0,-2.6003190104688563,1.488068423324893,-2.850361074687524,0.3061178504474851,-0.719880986583779,nan,0.18578941804294194,1.2774985343608896,1.1852518273646702,0.516910313099592,1.0281319809527205,0.3658566663622604,nan,0.9693109854136944,-4.458374977111816,5.523858547210693,1.2235066890716553,-3.54,6.84,1.65
1743699786.307274,2c08d2cc-7a1c-9d34-25ea-6265acb43d72,0c67a2b2-4b09-8f72-68b4-678c70b6e39f,34,-77.0,-72.0,-68.0,-74.0,-54.0,-56.0,-65.0,-2.603470328986747,1.803622119830638,-2.861726647271655,0.23042149120361782,-0.7531810570023083,2.3888727449403135,-0.5267941036976652,1.3787125042215689,1.0824461526994777,0.49628689348655936,0.964460859294997,0.28662776820087243,0.20629867989440479,0.730121607378795,-4.474396705627441,5.67178726196289,1.1880748271942139,-3.54,6.84,1.65
1743699787.2656,2c08d2cc-7a1c-9d34-25ea-6265acb43d72,643e2507-dcdd-7595-ded0-71f4cfced037,15,-74.0,-70.0,-62.0,-73.0,-50.0,-50.0,-59.0,-2.6774188556071956,1.8917349350247816,-2.8271220646993838,0.19907155779953206,-0.7959514140769243,2.3888727449403135,-1.9334034436183805,1.3051706422995757,1.0552605377129216,0.48767303209875257,0.945504744971922,0.23638956400927819,0.20629867989440479,0.8909622637947632,-4.703226566314697,5.49291706085205,1.1735780239105225,-3.54,6.84,1.65
1743699788.308586,2c08d2cc-7a1c-9d34-25ea-6265acb43d72,a61e5b39-b390-1c2e-bad2-6d788e9fdc3f,22,-81.0,-81.0,-67.0,-71.0,-49.0,-52.0,nan,-2.5668598534814278,1.007616319495295,-2.837179758872177,0.21370855746671655,-0.7959514140769243,2.3563172120550138,nan,1.388809613178495,1.0369234751852356,0.48318137789373855,1.0649537117115102,0.23638956400927819,0.18727154426891499,nan,-4.648687839508057,5.597071170806885,1.2431648969650269,-3.54,6.84,1.65
1743699789.304007,2c08d2cc-7a1c-9d34-25ea-6265acb43d72,b3af8494-05af-27c8-651c-d20363b5d218,33,-79.0,-72.0,-67.0,-74.0,-52.0,-55.0,-63.0,-2.577012888821246,0.963622229867731,-2.8235957731000094,0.2010960928602103,-0.7990408603878832,2.3388638453002755,-1.299836813810542,1.428811224857867,0.917981507738171,0.4944910906740053,0.9612082074976287,0.24858087380815613,0.18405004137905576,0.8590581992634082,-4.55845069885254,5.663100242614746,1.2276965379714966,-3.54,6.84,1.65
1743699790.309009,2c08d2cc-7a1c-9d34-25ea-6265acb43d72,21767cc0-f45b-7c32-9317-358f1b73f30c,5,nan,-78.0,-62.0,-69.0,-51.0,-51.0,-59.0,nan,0.8850784187863511,-2.8201344626312337,0.23072695578064992,-0.7111780299286478,2.2692605931187235,nan,nan,1.042752602179201,0.49146600599178425,0.9243548517008942,0.39757776760539476,0.17062729833716658,0.8028514558454578,-4.478276252746582,5.698405742645264,1.25138795375824,-3.54,6.84,1.65
1743699791.308022,2c08d2cc-7a1c-9d34-25ea-6265acb43d72,66bdf865-1da0-2062-250c-ef56c9ef8d76,26,-75.0,-74.0,-66.0,-74.0,-50.0,-53.0,-60.0,-2.662310476427067,0.9075613573410181,-2.8499032772961397,0.20340904826694411,-0.7914300032476127,2.2424869158661584,-0.4748684657634378,1.3443159145304326,0.9180276470040567,0.39410250101416866,0.924675030242949,0.4426843706220697,0.3195483343302195,0.4743639597955781,-4.26891326904297,5.6555023193359375,1.3027453422546387,-3.54,6.84,1.65
1743699792.312119,2c08d2cc-7a1c-9d34-25ea-6265acb43d72,3550e6ee-5090-46db-63a2-956d98fb6d21,36,-77.0,-70.0,-68.0,-74.0,-52.0,-53.0,-63.0,-2.702841125056983,0.8606961137422396,-2.8364915980465004,0.15523912205013587,-0.7862930050731217,3.1228979263718406,-0.6667045088159783,1.3751497273152609,0.7933530921525421,0.33672326387932555,0.9391216138921927,0.33182947858531375,0.3664606792588023,0.44115693138177386,-4.129802227020264,5.528765678405762,1.33500337600708,-3.54,6.84,1.65
1743699793.307868,2c08d2cc-7a1c-9d34-25ea-6265acb43d72,a55d7bd7-86e1-77e6-4de5-4e53a8944474,18,-81.0,-72.0,-63.0,-77.0,-54.0,-49.0,-69.0,-2.6658974880992945,0.8581959381108734,-2.8518599017490205,0.27185601670750664,-0.7848272706573696,2.7398759057929616,-0.6021993848373798,1.362582003815068,0.8772780865325362,0.28052510539841896,0.8980179195747191,0.2651911351080645,0.29058794254987147,0.848224611446336,-3.991096019744873,5.5791654586792,1.3304650783538818,-3.54,6.84,1.65
1743699794.310378,2c08d2cc-7a1c-9d34-25ea-6265acb43d72,ddd2cc9a-0ad9-6fb8-05fc-85bf3cb3f99e,32,-80.0,-74.0,-67.0,-77.0,nan,-55.0,nan,-2.6831009761089883,0.8611504490242072,-2.8873262832500415,0.26745274616116965,nan,2.527299796473606,nan,1.3196768807572374,0.7589397911255656,0.31772820082530817,0.9487840949592183,nan,0.24482559921158753,nan,nan,nan,nan,-3.54,6.84,1.65
1743699795.310219,2c08d2cc-7a1c-9d34-25ea-6265acb43d72,6ce6959e-c97d-cda4-d421-55a53a35ec5d,33,-79.0,-72.0,-67.0,-74.0,-51.0,-55.0,-70.0,-2.6671318632645464,0.8650130978692581,-2.862630524145628,0.35529631576910625,-0.7882648730099512,2.441516907407209,-0.7221087955289125,1.3547958528940578,0.6903922217748253,0.3262626334336033,0.9293911556383431,0.2775184767736829,0.21588345326478597,0.7473633332619795,-3.695730686187744,5.794466972351074,1.32758367061615,-3.54,6.84,1.65
1743699796.308764,2c08d2cc-7a1c-9d34-25ea-6265acb43d72,ce2dd9be-4008-6485-08f8-f282b0f61732,11,-72.0,-73.0,-63.0,-73.0,nan,nan,nan,-2.700303665170355,0.930847771596562,-2.8681920034500403,0.3133581865030835,nan,nan,nan,1.3364622524757888,0.6577971939821002,0.5615368369070227,0.8778613853902909,nan,nan,nan,nan,nan,nan,-3.54,6.84,1.65
