1743701958.349526,2c08d2cc-7a1c-9d34-25ea-6265acb43d72,69450c22-e974-b16c-228a-40eebf3ac0fe,7,-69.0,-68.0,-68.0,-74.0,-48.0,-48.0,-61.0,3.0140139215695476,-0.931792927467431,-2.722286994704523,-0.1561065136171747,-0.5277025752757868,1.0443326775744826,-1.0887166590168358,1.1120220879224345,1.1553803478397418,0.9783607625514749,0.880254768261945,0.2736759010574295,0.9967914357733403,0.2129141412082907,-3.593125343322754,4.412854194641113,1.6080840826034546,-3.54,4.44,1.65
1743701959.348913,2c08d2cc-7a1c-9d34-25ea-6265acb43d72,6306d733-d8a4-3a15-03b8-6e9969aa9b9c,10,-66.0,-68.0,-66.0,-71.0,-50.0,-46.0,-59.0,3.0604791583725954,-0.9757421428306273,-2.6578957542880426,-0.16579269681790187,-0.6435163399550751,0.648551931886645,-0.9717575266178753,1.1239855401712884,1.1518974657661363,0.9191154151512996,0.8806303405546735,0.297946538683691,0.6391198005992477,0.2024137609890738,-3.5744051933288574,4.45724058151245,1.6127179861068726,-3.54,4.44,1.65
1743701960.321957,2c08d2cc-7a1c-9d34-25ea-6265acb43d72,e2b40054-7e5c-4db2-e547-e1bf01b570a4,6,nan,nan,-66.0,nan,-49.0,-46.0,nan,nan,nan,-2.5609665443051917,nan,-0.7429474111497854,0.5893519832192728,nan,nan,nan,0.9372797051032669,nan,0.31685361165161896,0.5110359832394201,nan,nan,nan,nan,-3.54,4.44,1.65
1743701961.319264,2c08d2cc-7a1c-9d34-25ea-6265acb43d72,9b49d86e-8bdc-c88b-bc84-ee2dfe6ac5c6,13,-63.0,-68.0,-62.0,-69.0,-54.0,-47.0,nan,3.009977101989205,-1.0154053998935042,-2.5760070128775228,-0.1380822393595184,-0.6618367824960055,1.536557436067239,nan,1.0828445615985536,1.1075810670676456,0.9560810897670082,0.8848193597913137,0.36729548690165503,1.0992586012912755,nan,-3.6124515533447266,4.46094274520874,1.507400631904602,-3.54,4.44,1.65
1743701962.319982,2c08d2cc-7a1c-9d34-25ea-6265acb43d72,84a894c2-24f6-1b5d-3e2b-57e2b9db5741,36,-77.0,-72.0,-66.0,-80.0,-56.0,-54.0,-60.0,3.0147122024073663,-1.0163791847460917,-2.7474719765011844,-0.12284576213095709,0.09344014693784927,0.9148292054754366,-0.3161351304852596,1.0340740259769052,1.0828583434571948,0.8145619078626881,0.8250269991032361,0.36505883311505577,0.7351595216110401,0.5872000985721404,-3.6263527870178223,4.48522186279297,1.4906339645385742,-3.54,4.44,1.65
1743701963.316819,2c08d2cc-7a1c-9d34-25ea-6265acb43d72,7b9c2458-ead3-9218-add7-7d25c6c69d5a,0,-64.0,-69.0,-71.0,-92.0,-50.0,-44.0,-62.0,2.969339926915686,-0.9081794770300256,-2.8013282842775302,-0.10764017757104065,0.4942693217283341,2.6153096936800226,-0.6936286676794488,0.8819409487061288,0.9183797169001652,0.9144899703910226,0.8895536612611475,0.29431393121208,1.2900642779776383,0.3442788693271463,-3.6545867919921875,4.4593658447265625,1.4914114475250244,-3.54,4.44,1.65
1743701964.34788,2c08d2cc-7a1c-9d34-25ea-6265acb43d72,8149cfad-7292-d920-3328-b80894d96212,15,-64.0,-67.0,-61.0,-68.0,-54.0,-50.0,nan,2.9106012459128983,-0.9363537239922461,-2.738077143123712,-0.0765357876194602,-0.018960218591947107,2.633584933017643,nan,1.0146390087108068,0.9229696084598894,0.883210877071933,0.8675066821769265,0.40136107923612835,0.9683680826150609,nan,-3.66988730430603,4.48616647720337,1.4911818504333496,-3.54,4.44,1.65
1743701965.349619,2c08d2cc-7a1c-9d34-25ea-6265acb43d72,22badabd-1e51-ccc2-f46f-e1f6fc92e238,30,-68.0,-68.0,-63.0,nan,-55.0,-52.0,-57.0,3.0105033426206047,-0.9206491962021035,-2.750847000550642,nan,0.4038226438360135,1.1978848625070113,-0.8171862568514601,1.0163147362477118,0.9156563017904228,0.806462702355539,nan,0.30664467473607204,1.0806854424721208,0.6000946450771583,-3.6829209327697754,4.47127866744995,1.505583643913269,-3.54,4.44,1.65
1743701966.349987,2c08d2cc-7a1c-9d34-25ea-6265acb43d72,04e3fd29-1b0c-fe36-e46b-f5f2e76b6976,21,-74.0,-68.0,-61.0,nan,-57.0,-50.0,-62.0,3.047135123414644,-0.8894803577521431,-2.7383676939986397,nan,0.54538023605366,2.2260468585449464,-0.8587414268513541,0.9308031636483031,1.0420128426074042,0.8069394081906632,nan,0.3637056188665643,1.008646527611914,0.48665990417589156,-3.703878402709961,4.3942461013793945,1.483586311340332,-3.54,4.44,1.65
1743701967.357684,2c08d2cc-7a1c-9d34-25ea-6265acb43d72,f43e4ca6-29ff-a782-35fa-bce362c860ec,28,-68.0,-70.0,-64.0,nan,-55.0,-54.0,-57.0,3.0578868373675125,-0.8710981546439801,-2.7717954256852053,nan,0.6936120520324123,0.9415255635439569,-1.0110935653323387,0.9545536337237932,1.0343272260175445,0.798663368787133,nan,0.2728899315175513,1.0663705407905413,0.68536122822837,-3.737081527709961,4.36448860168457,1.4457350969314575,-3.54,4.44,1.65
1743701968.356163,2c08d2cc-7a1c-9d34-25ea-6265acb43d72,40e34cb9-fb55-d80a-4118-574e22fc2d9a,18,-69.0,-65.0,-60.0,nan,-54.0,-48.0,nan,3.0694188575197736,-0.9114812641495058,-2.722621221421328,nan,0.6790949929166129,2.1467221483813153,nan,1.043552615770661,1.0617041891284227,0.8392950843804173,nan,0.2902641864267484,1.0861634739925776,nan,-3.78185772895813,4.3159308433532715,1.4130350351333618,-3.54,4.44,1.65
1743701969.349301,2c08d2cc-7a1c-9d34-25ea-6265acb43d72,382210da-189e-b63c-4f7b-08c1171bf866,33,-73.0,-69.0,-63.0,nan,-57.0,-51.0,-58.0,3.1307669037586208,-0.9327876181345757,-2.7670422157716317,nan,0.7405083622912182,1.0110779105409187,-0.9229554067045689,0.9861304018737266,1.081725967361693,0.765844302567705,nan,0.23538571966681796,0.8501254706281056,0.7679754008947567,-3.8262007236480713,4.268510341644287,1.3790522813797,-3.54,4.44,1.65
1743701970.31991,2c08d2cc-7a1c-9d34-25ea-6265acb43d72,74594086-5a08-c32b-0bc0-08a3579fccda,36,-76.0,-72.0,-66.0,-80.0,-57.0,-54.0,-61.0,3.0658880385465466,-0.9185488942084125,-2.797897866477399,-0.18766310832185062,0.7728038377761298,0.8444770815666769,-0.9050699068052795,0.966039048556978,0.9911743623993092,0.8089144750340932,0.7936521651429582,0.2154910312309926,0.5702600266332587,0.5532824127255123,-3.874384641647339,4.224557876586914,1.3838167190551758,-3.54,4.44,1.65
1743701971.349796,2c08d2cc-7a1c-9d34-25ea-6265acb43d72,49ba074c-144c-9ba8-f00d-698258c90dc9,6,-68.0,-67.0,-68.0,-83.0,-50.0,-46.0,-62.0,3.0684771637583217,-0.9492090688901678,-2.84969368651835,-0.21091570043155047,-0.05446586102771707,0.6617142271025441,-1.093956041029535,1.0429597961120092,1.1020712530883807,0.7912409390920004,0.8174133544418358,0.27885972783443747,0.4274139566136109,0.5311480444385096,-3.863461494445801,4.200618267059326,1.4620743989944458,-3.54,4.44,1.65
1743701972.356245,2c08d2cc-7a1c-9d34-25ea-6265acb43d72,51c4a763-2e38-a8a5-7937-cb9dccf8e698,3,-67.0,-66.0,-69.0,-80.0,-49.0,-45.0,-63.0,3.0280434541920846,-0.9427795322284439,-2.814894426870394,-0.20764027860686202,0.43375291165991453,0.7179118618016956,-1.3712751357991906,1.0262564497550322,0.9426684784109877,0.881165036722534,0.7921658549385848,0.25454723047263406,0.2954015192830881,0.6368716901935566,-3.947253942489624,4.165050506591797,1.5295252799987793,-3.54,4.44,1.65
1743701973.350167,2c08d2cc-7a1c-9d34-25ea-6265acb43d72,a4e3aea6-15f3-cc7d-4fbc-f747583327a0,10,-66.0,-68.0,-66.0,-72.0,-50.0,-45.0,-60.0,2.9454833298707563,-0.9705035718083868,-2.811211541398923,-0.11554151020919676,-0.14846002494885707,0.6374281909403248,-1.0196536323531722,1.0855276298177812,1.0765132955810537,0.9409066641918458,0.7980971141603549,0.3455259900549446,0.2699568183870234,0.4823967906067909,-4.0109124183654785,4.156141757965088,1.5843963623046875,-3.54,4.44,1.65
1743701974.320149,2c08d2cc-7a1c-9d34-25ea-6265acb43d72,2416b511-6e5d-409b-5e4f-a52bbb40d052,25,-71.0,-73.0,-63.0,-83.0,-56.0,-51.0,-59.0,3.0073640083276194,-0.893005317770972,-2.843180127124234,-0.12955692807795674,0.32752860280629936,1.214316083663084,-0.9686107234174017,1.0727234841918165,1.0699359534788304,0.8948804494944967,0.7553472533940759,0.2817759673559988,1.102944115896687,0.37759700748377106,-4.05235767364502,4.1114821434021,1.612845778465271,-3.54,4.44,1.65
1743701975.349968,2c08d2cc-7a1c-9d34-25ea-6265acb43d72,5fb382e3-9fc1-5141-50be-6d1090cc80f9,9,-69.0,-68.0,-68.0,-73.0,-49.0,-46.0,-60.0,2.8909588349769098,-0.9267086866303609,-2.836584542368544,-0.10522309256568475,-0.23948504106460614,0.6714562947516628,-0.8863492146005427,1.1027399062590721,1.1412469519346915,0.9347431107439935,0.7989589130891045,0.3228007175693882,0.7157160522161067,0.28669827423166655,-4.09508466720581,4.109663009643555,1.648334264755249,-3.54,4.44,1.65
1743701976.316725,2c08d2cc-7a1c-9d34-25ea-6265acb43d72,558a1616-a761-8a5c-eb57-b42db9091848,15,-64.0,-67.0,-61.0,-68.0,nan,nan,nan,2.8745697416285623,-0.8956192103808848,-2.816421749755554,-0.06907547445782124,nan,nan,nan,1.0784183212878147,1.1247453400302883,0.9264674042355995,0.7924135954989893,nan,nan,nan,nan,nan,nan,-3.54,4.44,1.65
1743701977.349254,2c08d2cc-7a1c-9d34-25ea-6265acb43d72,a566260d-1388-8106-834a-a02fb0f0f99f,7,-71.0,-68.0,-68.0,-74.0,-50.0,-46.0,-63.0,2.9206509506024214,-0.903260884812758,-2.8157250668143896,-0.1977016277347953,-0.5431579402599702,0.5740345525470175,-1.2364418108693362,1.1848744574382062,1.2468375607308069,0.90905738808337,0.8735940692176023,0.2559879864748815,0.4672832514704609,0.49988187591895084,-4.161292552947998,4.129722595214844,1.679526925086975,-3.54,4.44,1.65
1743701978.317212,2c08d2cc-7a1c-9d34-25ea-6265acb43d72,fa2976d4-4928-d6e6-a491-081217b3c1fe,6,-69.0,-67.0,-68.0,-77.0,nan,nan,-63.0,2.9588934112237415,-0.9373850331243794,-2.8264277786032,-0.17650659388329068,nan,nan,-1.3440674829414374,1.1429499102937428,1.2309732432752596,0.9394674253597396,0.9133520682362591,nan,nan,0.55326677995268,nan,nan,nan,-3.54,4.44,1.65
1743701979.349507,2c08d2cc-7a1c-9d34-25ea-6265acb43d72,7c0d999b-800c-40b3-ee38-05f4dc57f1f6,8,-71.0,-69.0,-68.0,-73.0,-48.0,-46.0,-61.0,2.9381324726299196,-0.9287092532412283,-2.7913297122809366,-0.10055297327812178,-0.6824797687016664,0.54538023605366,-1.7828871090122198,1.135916368696789,1.2862269116755696,0.936564513192526,0.9126068491842277,0.2189503993488242,0.3637056188665643,0.5016004666964871,-4.16725492477417,4.190013885498047,1.7114158868789673,-3.54,4.44,1.65
1743701980.349262,2c08d2cc-7a1c-9d34-25ea-6265acb43d72,18aaf1a1-4b33-0970-ce37-3ef1df9ae521,10,-67.0,-67.0,-66.0,-73.0,-50.0,-45.0,-61.0,2.9147733540766163,-0.9661989713804372,-2.6989941888623634,-0.09536886390017354,-0.7351958981070001,0.5481899921055748,-1.2299439054940724,1.0994268007049592,1.2568229500800048,0.9688123979371591,0.8782059984353471,0.20955653111965106,0.28582626743328227,0.5806390797587954,-4.174260139465332,4.293689250946045,1.7515965700149536,-3.54,4.44,1.65
1743701981.32242,2c08d2cc-7a1c-9d34-25ea-6265acb43d72,ee89657e-d7c3-b37c-1539-beeaaa59ced3,12,-64.0,-68.0,-62.0,-69.0,-52.0,-48.0,-63.0,2.9148628362892435,-0.979854196711764,-2.6115146733754404,-0.05999675830174111,-0.7112785080731993,1.3844107263790737,-0.9766602068639317,1.0460732977424207,1.217407633314614,0.9762558666049035,0.9814423062488056,0.2690332359210541,1.0548544898765746,0.42560438511751497,-4.17177391052246,4.393893718719482,1.7754335403442383,-3.54,4.44,1.65
1743701982.35704,2c08d2cc-7a1c-9d34-25ea-6265acb43d72,9a782ed1-df9c-b043-5b13-4b31b33e3bb5,23,-73.0,-73.0,-61.0,-76.0,-57.0,-50.0,-58.0,2.965846924829938,-0.9212026010766219,-2.6233423044087005,-0.050885018948144005,0.055049125607877336,2.2702648091683693,-0.9690280867872981,0.8995881859324572,1.1464590245040855,1.0473979540686262,0.9102612700541405,0.3137140063707769,1.0103625193437473,0.34000202219540443,-4.1804656982421875,4.43089771270752,1.6943758726119995,-3.54,4.44,1.65
1743701983.356647,2c08d2cc-7a1c-9d34-25ea-6265acb43d72,b7ea5f10-4709-d4e1-e61e-ece6fd6531b8,7,-70.0,-68.0,-68.0,-75.0,-48.0,-46.0,-61.0,2.99421811255477,-0.9339044147377004,-2.681500948926069,-0.08117954161223137,0.4516563856336872,0.8603231136092222,-1.1138276681954216,1.1197517798283352,1.1720213762272111,1.0457757560696317,0.9043631671879419,0.25248638562822023,0.9286820992773525,0.49889877148270906,-4.229308128356934,4.419984340667725,1.6488364934921265,-3.54,4.44,1.65
1743701984.329231,2c08d2cc-7a1c-9d34-25ea-6265acb43d72,29506a97-2ef5-f2bc-b292-5ed2ec7a68fa,0,-63.0,-68.0,-70.0,-95.0,-52.0,-44.0,-62.0,2.968853101068419,-0.8967811475644863,-2.811437643775471,-0.09078875945745526,0.6497053248489298,2.8656938080644365,-1.0720783349001377,0.9949788877535694,0.9923748488396897,1.0703935511331333,0.9058266407859676,0.23879673513828945,1.2451290844915521,0.30116364456717654,-4.21602439880371,4.388453483581543,1.5712354183197021,-3.54,4.44,1.65
1743701985.348785,2c08d2cc-7a1c-9d34-25ea-6265acb43d72,2b12d4a8-81cf-565f-86b6-e3a2e74d8c96,27,-69.0,-72.0,-64.0,-83.0,nan,-53.0,-56.0,3.002058458803963,-0.8433837024439614,-2.911589278677318,-0.074512584139327,nan,2.8501492743955628,-1.02904331916441,0.9941362635846682,0.9407966756388254,0.8927808798701056,0.6844861960043838,nan,0.9218585765931239,0.6000946450866815,-4.21282148361206,4.3184051513671875,1.4851863384246826,-3.54,4.44,1.65
1743701986.315798,2c08d2cc-7a1c-9d34-25ea-6265acb43d72,bcf04492-2390-1a36-4af4-fdbe48341e10,21,-75.0,-68.0,-61.0,-72.0,-58.0,-49.0,-60.0,3.050851831031959,-0.8351260388519528,-2.8308933671190446,-0.09989384090832719,0.6437951140885109,2.7235126477677953,-0.9575392433730189,0.9840213114484382,0.9258824409021638,1.0054186123847344,0.7113248011009026,0.3719428831301747,0.7057685629229689,0.4638908927377941,-4.212125778198242,4.24627685546875,1.4364261627197266,-3.54,4.44,1.65
1743701987.321979,2c08d2cc-7a1c-9d34-25ea-6265acb43d72,2f98882d-5bd0-6bdf-c553-a314cab9acae,15,-64.0,-67.0,-60.0,-68.0,-53.0,-51.0,nan,3.010301475009977,-0.8739757002018108,-2.7323351014973922,-0.07647054017275326,-0.03952961525801297,2.664800761793213,nan,1.1062873699891123,0.9111125494965843,1.0490203518047025,0.6863621932552628,0.4883683153732663,0.6747309397584705,nan,-4.172571659088135,4.272578239440918,1.4140335321426392,-3.54,4.44,1.65
1743701988.321829,2c08d2cc-7a1c-9d34-25ea-6265acb43d72,8731f8c5-8983-f152-f02a-8d32ae0f8d5b,11,-64.0,-68.0,-64.0,-71.0,-49.0,-47.0,-59.0,2.9176857870447273,-0.9116399885504743,-2.6902030941040116,-0.039368178814096336,-0.4293304029693865,1.0922195778290298,-0.8819717328304253,1.0770710946713709,0.847573853524065,0.9955990713924214,0.8281589431241966,0.35205467438507293,1.0745722435506704,0.3259182547503752,-4.079693794250488,4.310038089752197,1.372745394706726,-3.54,4.44,1.65
1743701989.333612,2c08d2cc-7a1c-9d34-25ea-6265acb43d72,f9571ca9-2547-4249-f8bd-96c3bad3e972,19,-69.0,-66.0,-60.0,-69.0,-54.0,-48.0,-63.0,2.9656913962222777,-0.8683223418397906,-2.6821984308155606,-0.08737538588830071,0.07832016197755826,2.2021812581926428,-0.9184763186614033,1.0256506471860665,0.9510334673949266,0.9281048488318346,0.8244377081330287,0.46999811150881765,1.0427125486403852,0.40191144680946783,-4.027239799499512,4.295441627502441,1.3236818313598633,-3.54,4.44,1.65
1743701990.360224,2c08d2cc-7a1c-9d34-25ea-6265acb43d72,885f70ec-c17d-9628-b3a1-d98749423718,20,-71.0,-67.0,-60.0,-71.0,-55.0,-48.0,-61.0,3.044731886846957,-0.8618756277890357,-2.7082505378631514,-0.14308711799610435,0.38568839897059887,2.5393932685811014,-0.9639444061275984,0.9833503945908201,1.0303137756757679,0.9493976872743725,0.8145206954448191,0.5248099119285263,0.8482246115699673,0.40587865240382154,-3.994145154953003,4.19547939300537,1.273415446281433,-3.54,4.44,1.65
1743701991.314611,2c08d2cc-7a1c-9d34-25ea-6265acb43d72,5ecd8744-23ff-6ec4-d572-a112126f8b7e,21,-73.0,-68.0,-61.0,-72.0,-56.0,-49.0,-61.0,3.030603817264087,-0.879228785451992,-2.7019678745355455,-0.20361411167088023,0.5123656578538679,2.6084922045749765,-0.9795643556258375,0.8911807195291314,1.0898829634644966,0.9819465092221847,0.7748780113013629,0.5314697237960534,0.6937649953911739,0.3596124464220347,-3.9966201782226562,4.062783241271973,1.2341562509536743,-3.54,4.44,1.65
1743701992.356241,2c08d2cc-7a1c-9d34-25ea-6265acb43d72,287e5e16-852d-7300-c0c7-b673b07b98a8,27,-69.0,-72.0,-64.0,-84.0,-56.0,-53.0,-57.0,3.0103962835447837,-0.852036312825629,-2.6666346510890286,-0.1968888309701031,0.6757468284197454,2.7191647746954337,-1.0240266069477943,0.9399190309015898,1.1094598606376693,0.9310871231995328,0.703608558158507,0.34894369884056164,0.65324640829701,0.621134489736626,-4.03052043914795,3.9450581073760986,1.2926746606826782,-3.54,4.44,1.65
1743701993.349555,2c08d2cc-7a1c-9d34-25ea-6265acb43d72,c726c09b-01ac-124a-0e16-77a0f85f0069,18,-68.0,-65.0,-60.0,-69.0,-53.0,-49.0,-64.0,2.999115133167208,-0.875595967409015,-2.6599863357437545,-0.1466927717959626,0.01941809812749841,2.6922332059215135,-1.0285494928804255,1.055202480801158,1.1221994911862265,0.9932753967623,0.741775984216114,0.45371132278464493,0.6642818233533492,0.520438867554454,-4.01641321182251,3.879457473754883,1.3728699684143066,-3.54,4.44,1.65
1743701994.356289,2c08d2cc-7a1c-9d34-25ea-6265acb43d72,47a1ef61-a14f-3981-ffa4-4b608a20982e,16,-65.0,-66.0,-61.0,-68.0,-53.0,-50.0,nan,3.012523083991321,-0.8608732139547299,-2.6394709406024384,-0.12664023405210198,-0.35569711967965806,2.6710690078628447,nan,1.1281764236206915,1.0917939147046831,0.9365877492730369,0.7831792175771942,0.47921342920224724,0.6591989956481856,nan,-3.973297595977783,3.833345413208008,1.4448143243789673,-3.54,4.44,1.65
1743701995.319358,2c08d2cc-7a1c-9d34-25ea-6265acb43d72,4928ab8f-984a-c8af-7dec-2ff670a86530,31,-70.0,-69.0,-63.0,-93.0,-57.0,-51.0,-57.0,3.066275262169044,-0.8846776130422942,-2.6887926839907057,-0.13655731331933904,0.24403666757679277,1.334411923858093,-1.0421844522617356,1.0240628039651338,1.1368495403427525,0.9052577895771268,0.7768251149533469,0.3736386576670095,0.9761472467459111,0.660313930332833,-3.908060312271118,3.8957271575927734,1.5221350193023682,-3.54,4.44,1.65
1743701996.323366,2c08d2cc-7a1c-9d34-25ea-6265acb43d72,cb9a6763-0787-04fb-8194-c30ff6eff623,10,-66.0,-68.0,-66.0,-73.0,-49.0,-46.0,-59.0,3.0759712990658046,-0.9250271667180848,-2.6969973506770217,-0.19496522971473887,-0.2928341518213396,0.7415107388673481,-0.9075879748870438,1.0742818994827037,1.1583484408746356,0.9170199734265979,0.8027360078841366,0.3015977315415592,0.7035284432352533,0.42060187602795257,-3.865771532058716,3.9706435203552246,1.5369021892547607,-3.54,4.44,1.65
1743701997.317754,2c08d2cc-7a1c-9d34-25ea-6265acb43d72,5c526b2b-8f6f-c6c6-725b-50cbef08f35a,35,-77.0,-71.0,-65.0,-81.0,-61.0,-53.0,-67.0,3.065706943592421,-0.9709110354551689,-2.705569799909878,0.0025473135826607914,0.27318697835850597,0.7800943117817438,-0.9057140101563081,1.0327868536430427,1.132503394601798,0.8573743529145837,0.9663001715018603,0.2863048024112124,0.4180090236986143,0.5221929493884414,-3.8852663040161133,3.96621584892273,1.5237467288970947,-3.54,4.44,1.65
1743701998.317152,2c08d2cc-7a1c-9d34-25ea-6265acb43d72,22221abd-d747-0db8-87af-d6332d4c0995,28,-68.0,-70.0,-64.0,-82.0,-56.0,-53.0,-57.0,3.089247689732068,-0.9252375564442009,-2.6953022486431863,-0.0791371633722496,0.5764112367594056,0.6250345500115772,-1.0512137236864172,1.0656706346769595,1.1270837286254323,0.8059296040843325,0.7098731119907004,0.2359365944739108,0.4378839885541429,0.6905995185069728,-3.945200204849243,3.944791078567505,1.517350435256958,-3.54,4.44,1.65
1743701999.323847,2c08d2cc-7a1c-9d34-25ea-6265acb43d72,51f5b8a7-b012-0d78-b4f0-5333dc3d336a,9,-68.0,-69.0,-67.0,-73.0,-49.0,-45.0,-58.0,3.0581078797379893,-0.9483468704872545,-2.6841481310496076,-0.10121716565398754,-0.12643782754165414,0.5672073081794096,-0.9473697868797253,1.1112589591120723,1.244107820613476,0.7832187655193819,0.8609290737585942,0.259802667940483,0.3747051475773756,0.4144568782174328,-3.9704151153564453,3.9841225147247314,1.5455749034881592,-3.54,4.44,1.65
1743702000.355856,2c08d2cc-7a1c-9d34-25ea-6265acb43d72,44d6c7f9-dd9d-d09a-4407-07dbfbe5f16b,21,-73.0,-69.0,-60.0,-70.0,-57.0,-49.0,-61.0,3.0583443684427887,-0.8641323904967688,-2.63911887070633,-0.11252201816526493,0.25142876496223543,1.4287377489250246,-0.9639444061275984,1.05209736812818,1.1415481554539795,0.7925618669926796,0.7721338901141452,0.4413226065630322,1.1120415771062144,0.40587865240382154,-3.9701240062713623,4.022151470184326,1.6101388931274414,-3.54,4.44,1.65
1743702001.32303,2c08d2cc-7a1c-9d34-25ea-6265acb43d72,7f705271-85e1-1e9a-8357-afc745f0c8f2,18,-67.0,-66.0,-60.0,-68.0,-53.0,-48.0,-63.0,3.0871624345985356,-0.9101787120603478,-2.629746407882014,-0.08693942641785475,-0.1625136546569565,2.291095009997532,-0.9766602068639317,1.1191186132791688,1.1379733943227661,0.8768077722840283,0.7904636289488336,0.5352147376385242,0.9989866317493773,0.42560438511751497,-3.9209985733032227,4.13889217376709,1.6540502309799194,-3.54,4.44,1.65
1743702002.34913,2c08d2cc-7a1c-9d34-25ea-6265acb43d72,fdb2d76f-4e43-e135-29f3-db5c14328180,28,-69.0,-71.0,-64.0,-80.0,-55.0,-53.0,-56.0,3.108743094175884,-0.8786346342127954,-2.698366481793432,-0.20462984131063644,0.35794970623346034,0.9157550091431167,-1.0540354074884606,1.0861850977118945,1.1354207544179251,0.8776333522219528,0.7477258189864872,0.37841012441892696,1.0322436920304752,0.6690271013834441,-3.8345136642456055,4.295654296875,1.6900393962860107,-3.54,4.44,1.65
1743702003.315633,2c08d2cc-7a1c-9d34-25ea-6265acb43d72,bfc5cb4f-bd68-c940-73fd-f03ed8ae63b6,10,-66.0,-68.0,-66.0,-72.0,-50.0,-46.0,-60.0,2.9585317539477085,-0.88064132609417,-2.7013476243176666,-0.12348465447646709,-0.23948504106460614,0.608499778895821,-0.9242878940074684,0.988631909085638,1.166632203445327,0.8737673744255393,0.8322165353610412,0.3228007175693882,0.6531171677713057,0.482396790603138,-3.7680978775024414,4.448959827423096,1.654428482055664,-3.54,4.44,1.65
1743702004.318774,2c08d2cc-7a1c-9d34-25ea-6265acb43d72,5fa374c8-3023-7184-0771-5771610996d4,8,-69.0,-69.0,-68.0,-74.0,-49.0,-46.0,-59.0,2.947905741198292,-0.9149588199009312,-2.6853036766465928,-0.09966667326734342,-0.5431579402599702,0.5219272649614453,-0.8991057375587328,1.0730100403251088,1.2141234230583282,0.9556176997373343,0.885611051004367,0.2559879864748815,0.49642858894448444,0.3195483342911213,-3.693394184112549,4.618216037750244,1.5407501459121704,-3.54,4.44,1.65
1743702005.32282,2c08d2cc-7a1c-9d34-25ea-6265acb43d72,afe6fe76-e0bf-1076-7dfc-8fb830c9d2e6,24,-72.0,-76.0,-62.0,-75.0,nan,nan,-60.0,2.968720475646134,-0.9217876975681124,-2.7065061673491497,-0.09655849795911195,nan,nan,-0.9306703438721929,1.0581464056491587,1.1547550376157916,0.9639790934538016,0.7094203746053869,nan,nan,0.42293308073642816,nan,nan,nan,-3.54,4.44,1.65
1743702006.356641,2c08d2cc-7a1c-9d34-25ea-6265acb43d72,12ff5992-f02a-d224-f9b5-d65e6cbcbd57,24,-73.0,-76.0,-62.0,-75.0,-56.0,-50.0,-62.0,2.9981436120015466,-0.9164599106493543,-2.6979627465721756,-0.11710824787849036,0.12704475114572278,1.3709140189523517,-0.9669830623141754,1.030184878679008,1.1689779157334685,0.9059670559544422,0.6540800203115948,0.27711597661126,1.2321804208710643,0.44461336028823584,-3.6372482776641846,4.651160717010498,1.4906502962112427,-3.54,4.44,1.65
1743702007.323607,2c08d2cc-7a1c-9d34-25ea-6265acb43d72,cf4d0f27-8f27-82ab-ed71-9a6242868e30,24,-72.0,-76.0,-62.0,-75.0,nan,nan,nan,3.0946112961674874,-0.9115172168242217,-2.722143982953986,-0.13319640402365904,nan,nan,nan,0.9692491563559321,1.1889706655108567,0.9324464006199092,0.6255706145261877,nan,nan,nan,nan,nan,nan,-3.54,4.44,1.65
1743702008.36719,2c08d2cc-7a1c-9d34-25ea-6265acb43d72,499fddd2-3551-0416-7dbf-f6d83c0971a4,4,-67.0,-66.0,-67.0,-79.0,-49.0,-45.0,-67.0,3.0832332067262325,-0.904199382780902,-2.7832866994727885,-0.10833073524169821,0.5074412478488604,0.7622676677972198,-1.2610965886275884,1.0390927530511596,1.147685410186067,0.929744423956942,0.702021647043956,0.26110565959005283,0.7290267871417849,0.7534140492750574,-3.628591775894165,4.673781871795654,1.5124552249908447,-3.54,4.44,1.65
1743702009.316955,2c08d2cc-7a1c-9d34-25ea-6265acb43d72,0a0fd3e6-d2bb-b25b-811c-e75a3a3e8a1e,9,-69.0,-69.0,-67.0,-73.0,-49.0,-45.0,-60.0,3.0974821838225925,-0.8905275126927622,-2.7945886225068666,-0.12748658664652915,-0.16330002309283845,0.6083126757866042,-0.9884592523034765,1.1108147438422469,1.1067801213698043,0.9807978878440338,0.8086753897472314,0.2757241465119462,0.5055346234840555,0.47388429700054946,-3.598040819168091,4.676265239715576,1.5217890739440918,-3.54,4.44,1.65
1743702010.317002,2c08d2cc-7a1c-9d34-25ea-6265acb43d72,d9f7332b-132d-2f33-9a23-b0be361f71f9,34,-74.0,-71.0,-64.0,-85.0,-61.0,-53.0,-59.0,3.1360863017199456,-0.8824373619333195,-2.8228415658792994,-0.12416189634167424,0.3259570221002608,0.7469114648089293,-0.9597380999502924,1.009847649014618,1.0747692579621881,0.8576623737864758,0.794312961988434,0.265246031483708,0.32968432564166833,0.6684151563619446,-3.5487678050994873,4.666592121124268,1.5895694494247437,-3.54,4.44,1.65
1743702011.315633,2c08d2cc-7a1c-9d34-25ea-6265acb43d72,d2fb5c1b-8ded-e1a1-93df-706f895c07d8,4,-66.0,-66.0,-68.0,-80.0,-49.0,-46.0,-64.0,-3.14000700747676,-0.895864221201172,-2.855435461828561,-0.07638904744339683,0.6142928569973679,0.764050041478135,-1.3083138258807,1.022512378157517,0.9792360770227566,0.9438422000824128,0.7842229769874235,0.24482559917197272,0.2569899398654227,0.8053457572643493,-3.536055564880371,4.621395587921143,1.6385483741760254,-3.54,4.44,1.65
1743702012.357719,2c08d2cc-7a1c-9d34-25ea-6265acb43d72,46112f50-e71e-5976-a785-fdcb5d1b4464,7,-69.0,-68.0,-68.0,-76.0,-48.0,-46.0,-62.0,3.1410706740161376,-0.9000594988663738,-2.8280957163939164,-0.09092511330526733,0.7176478216000378,0.6374281909403248,-1.6082039965305504,1.1257508164998475,1.0257122327862744,0.9877271001052834,0.8169329201811855,0.2127518123527144,0.2699568183870234,0.81965171900438,-3.5073435306549072,4.64158058166504,1.641316294670105,-3.54,4.44,1.65
1743702013.315293,2c08d2cc-7a1c-9d34-25ea-6265acb43d72,4401d11a-83a6-67b7-b1cb-48d8f07b6e03,4,-67.0,-66.0,-68.0,-79.0,-50.0,-45.0,-66.0,3.1119809654292023,-0.8787395627597445,-2.865167451400038,-0.02904230431953211,0.810478534209826,0.7026243291755837,-1.7351600785809798,1.1488398905186168,0.9285711017596804,0.9449817667128578,0.860446775285181,0.2202852738396887,0.22921742780146856,0.861145375106538,-3.4950931072235107,4.624326705932617,1.6566442251205444,-3.54,4.44,1.65
1743702014.350979,2c08d2cc-7a1c-9d34-25ea-6265acb43d72,8a9d3ad5-61b8-d167-55e1-a1f1e7d29948,30,-68.0,-69.0,-63.0,-83.0,-56.0,-52.0,-55.0,3.1120326307543493,-0.9230684117363315,-2.8050524487458968,-0.0685766643856494,0.8051473215590226,0.7114501437511467,-1.455648380648597,1.0319604081777638,1.0476719933447953,0.8451387256023237,0.8788310423431887,0.19616063599246095,0.33951279193080147,0.9199914839476907,-3.672455072402954,4.5680389404296875,1.644588589668274,-3.54,4.44,1.65
1743702015.35773,2c08d2cc-7a1c-9d34-25ea-6265acb43d72,1edb7982-a428-7d65-96a0-f54cc94c78ac,35,-75.0,-72.0,-65.0,-85.0,-61.0,-53.0,-61.0,3.1082983462738407,-0.9146869111536341,-2.808667157293461,-0.007750864036566615,0.8051473215590226,0.7815644543520484,-0.9955709081760362,1.0440088152653915,1.011576240299161,0.8249774643069606,0.8743695817270334,0.19616063599246095,0.2528224714633967,0.8181314881730773,-3.8423242568969727,4.464268684387207,1.578411340713501,-3.54,4.44,1.65
1743702016.317239,2c08d2cc-7a1c-9d34-25ea-6265acb43d72,c3c13873-9dcf-b4e8-5b75-7cb47a558cdd,10,-66.0,-68.0,-67.0,-71.0,-50.0,-46.0,-59.0,3.092793422407399,-0.9560026596729053,-2.812783871706506,-0.07666681514509209,nan,0.6346375411397089,-0.8440236862982263,1.07377683098197,1.0717028942830709,0.898580645513053,0.8206512922741814,0.2617993877732675,0.2559162277961981,0.6026741196949703,-4.033782482147217,4.33310890197754,1.5422719717025757,-3.54,4.44,1.65
1743702017.350104,2c08d2cc-7a1c-9d34-25ea-6265acb43d72,9c37b854-38e4-361b-4ad1-ff6e89942197,5,-67.0,-66.0,-67.0,-81.0,-48.0,-45.0,-63.0,3.1273431438612156,-0.9425353203564836,-2.8768483422572344,-0.1160371244880605,0.44975846996276914,0.5787761942400539,-1.181631121994959,1.1124202305054012,1.134215674024664,0.9121310754554851,0.8394283090139486,0.2367759106350568,0.25055871605811597,0.8626171710632969,-4.21702766418457,4.264700889587402,1.453359603881836,-3.54,4.44,1.65
1743702018.315594,2c08d2cc-7a1c-9d34-25ea-6265acb43d72,bb277cf3-68cc-0f30-d408-ac270b491b09,6,-68.0,-68.0,-68.0,-79.0,-48.0,-46.0,-62.0,3.119987492930416,-0.9438438645580942,-2.948210673143106,-0.15960670623786583,0.6448898507869442,0.5149180189031142,-1.3945119505962302,1.1177221847615857,1.232024659273623,0.9598368126942926,0.8843920555944105,0.21095007253969314,0.3067750866746816,0.8952123413871782,-4.3565263748168945,4.205787658691406,1.3398802280426025,-3.54,4.44,1.65
1743702019.323642,2c08d2cc-7a1c-9d34-25ea-6265acb43d72,886b56f6-ef6c-0bbe-6155-f0203027848b,10,-67.0,-68.0,-66.0,-72.0,-50.0,-45.0,-58.0,3.0815181309842217,-0.99452435273452,-2.948406948115445,-0.15604046722214074,-0.0722674915613987,0.5122731445632105,-0.9545163185874391,1.102299885467964,1.2570648982650385,0.990834010411997,0.8829336420024557,0.26114673402878436,0.29157344888196357,0.6900823640524374,-4.49632215499878,4.1464996337890625,1.2122056484222412,-3.54,4.44,1.65
1743702020.324206,2c08d2cc-7a1c-9d34-25ea-6265acb43d72,dad55c10-ba08-d8e8-36d5-95f7d55d897c,30,-68.0,-69.0,-64.0,nan,-56.0,nan,nan,3.0433667504721824,-0.9601184419795683,-2.859332731767783,nan,0.3603563239810593,nan,nan,0.9830588450304837,1.271667276838052,0.8397392996502426,nan,0.24567421091015104,nan,nan,nan,nan,nan,-3.54,4.44,1.65
1743702021.357946,2c08d2cc-7a1c-9d34-25ea-6265acb43d72,ac79b2e0-5de2-a5fa-d40a-f013d5f239f3,31,-69.0,-69.0,-63.0,nan,-56.0,-52.0,-55.0,3.0425965642849317,-0.9994611876052544,-2.822220516713093,nan,0.5919036358932597,0.6539604710644616,-0.9849736757361323,1.0165240607093922,1.2239871059457093,0.7753706961030273,nan,0.21880566121076095,0.3396733808577296,0.7637554139904055,-4.583316326141357,4.1024651527404785,1.0673036575317383,-3.54,4.44,1.65
1743702022.351041,2c08d2cc-7a1c-9d34-25ea-6265acb43d72,fc574551-b368-231a-873b-6ed73783db80,26,-69.0,-73.0,-63.0,nan,-55.0,-52.0,-58.0,3.067349048720564,-0.9399969283634746,-2.8326422650069,nan,0.697691707657027,1.3151644930654187,-0.9924540962304433,1.0711844433978597,1.1963257838094379,0.8335421237936284,nan,0.20252174617906316,1.1187435215761765,0.6450229692362162,-4.588749408721924,4.138731956481934,0.985878884792328,-3.54,4.44,1.65
1743702023.357001,2c08d2cc-7a1c-9d34-25ea-6265acb43d72,4bb7c360-8970-9a1b-9cab-556154c4e89f,8,-71.0,-69.0,-68.0,nan,-48.0,-46.0,-59.0,3.0647838919585997,-0.9799552636751324,-2.8217778993399216,nan,-0.0722674915613987,0.6482261496014092,-1.425940583105835,1.083160678819946,1.254895753557169,0.877932225475287,nan,0.26114673402878436,0.795452316455254,0.7390713315743859,-4.59134864807129,4.165002346038818,0.9362688660621643,-3.54,4.44,1.65
1743702024.357663,2c08d2cc-7a1c-9d34-25ea-6265acb43d72,25eee0bf-114b-cbea-b979-c9b625f0e2a9,26,-70.0,-73.0,-63.0,nan,-56.0,-51.0,-60.0,-3.1297807352069644,-0.9449935512006811,-2.8118645484982108,nan,0.3603563239810593,1.9549078554923758,-1.2266863008297892,1.0869196641195655,1.1700124206589098,0.8172486379284144,nan,0.24567421091015104,1.211990560143434,0.7210065266589082,-4.59713888168335,4.113351345062256,0.9103718996047974,-3.54,4.44,1.65
1743702025.324168,2c08d2cc-7a1c-9d34-25ea-6265acb43d72,18681652-9638-51fd-c89e-85963293bb90,30,-68.0,-69.0,-64.0,-82.0,-55.0,-53.0,-55.0,-3.1096216710195006,-0.9577222627887695,-2.7984858924460885,-0.5549625574400531,0.5919036358932597,0.9044436594543539,-1.1350000512060963,1.0150144478454808,1.240967287898,0.7843839650753188,0.7003279431696929,0.21880566121076095,0.8814065244009519,0.7826313263112001,-4.462127208709717,4.151507377624512,0.8881808519363403,-3.54,4.44,1.65
1743702026.315118,2c08d2cc-7a1c-9d34-25ea-6265acb43d72,0b32aa74-8a37-940d-0739-1979943c1770,28,-68.0,-71.0,-64.0,-80.0,-55.0,-53.0,-57.0,-3.1289612805395475,-0.9143513528562841,-2.788386919276399,-0.44755008014221415,0.7152506190432936,0.6121464538319855,-1.179769996355028,0.9775864484645342,1.1940194863054294,0.8064937281822384,0.62007225213961,0.19958939238587903,0.7030380372598757,0.7818340572531889,-4.39198875427246,4.196743488311768,0.9442026019096375,-3.54,4.44,1.65
1743702027.357416,2c08d2cc-7a1c-9d34-25ea-6265acb43d72,09c9d0c8-959b-bca1-fa6c-bbe8fd14ca11,5,-67.0,-66.0,-67.0,-78.0,-48.0,-45.0,-61.0,3.135493482061294,-0.9159138294678336,-2.8349853141339514,-0.4267843478584303,0.8027288081431954,0.5552196058973632,-1.2620561752732478,1.075667076144681,1.2660131195277047,0.8588414217800813,0.6942655232642365,0.18405004135362624,0.47209331883671274,0.6956295311368607,-4.347576141357422,4.24548053741455,1.0438404083251953,-3.54,4.44,1.65
1743702028.315307,2c08d2cc-7a1c-9d34-25ea-6265acb43d72,fba529e7-1c14-c24d-fcb6-33e9810a3505,12,-64.0,-69.0,-63.0,-69.0,nan,nan,nan,3.0656270487597186,-0.9258173266135112,-2.833959730798162,-0.36237313373377383,nan,nan,nan,1.1684520745762323,1.2290705478344526,0.8773873427162567,0.8468848937500615,nan,nan,nan,nan,nan,nan,-3.54,4.44,1.65
1743702029.350594,2c08d2cc-7a1c-9d34-25ea-6265acb43d72,53a87954-8271-0940-7768-236feacf4954,23,-71.0,-74.0,-61.0,-74.0,-57.0,-50.0,-58.0,3.111847807374698,-0.9058995448208086,-2.843607830795301,-0.3524800229163475,0.7852754413908591,1.4419776015976626,-1.0702132155425257,0.9960099305695934,1.175062573034027,0.9186749948860277,0.8646311339899134,0.18727154424258208,1.1834459850758383,0.5350146296886119,-4.38151502609253,4.15650224685669,1.0657392740249634,-3.54,4.44,1.65
1743702030.350038,2c08d2cc-7a1c-9d34-25ea-6265acb43d72,cea0b2a3-40d9-1c2c-0fc6-a691f2524c4d,0,-63.0,-68.0,-69.0,-80.0,-50.0,-44.0,-66.0,3.0693666595624083,-0.893648737490335,-2.871614165450792,-0.3359050409239123,0.8201610770664861,2.957350447867613,-1.023544881661129,0.8922708179423282,1.0482133474153812,0.993515547313598,0.8732023182212517,0.18077379807027916,1.0749948717326012,0.32586754219952385,-4.34261655807495,4.13008689880371,1.0688438415527344,-3.54,4.44,1.65
1743702031.35757,2c08d2cc-7a1c-9d34-25ea-6265acb43d72,44fecfa8-02da-1ba3-79e2-3cc5e2f79648,15,-64.0,-67.0,-61.0,-68.0,-52.0,-50.0,nan,3.046551891135917,-0.8795813879803185,-2.8435780033910922,-0.2915679361479461,0.07427765600478736,2.7568041610305603,nan,1.0537888083155165,1.0332433860329095,0.9653909683057071,0.8755605473665169,0.3481793800604291,0.8704258491191692,nan,-4.228664875030518,4.2042412757873535,1.10798716545105,-3.54,4.44,1.65
1743702032.323501,2c08d2cc-7a1c-9d34-25ea-6265acb43d72,3b55f19b-73e1-bc0b-3c28-1478778c060b,25,-71.0,-75.0,-62.0,-76.0,-56.0,-49.0,-61.0,3.0776778526923274,-0.8526072945633419,-2.7902804268114454,-0.27847077622304545,0.43572784970298234,2.8026007495899647,-1.0222173230885552,1.0336471212541656,1.0641660152400922,0.9539142087460651,0.7422088144722789,0.27037708656106885,0.7561183299763314,0.42560438511909704,-4.183053970336914,4.207587718963623,1.2386837005615234,-3.54,4.44,1.65
1743702033.314637,2c08d2cc-7a1c-9d34-25ea-6265acb43d72,21af352a-f953-b000-58c1-7be5c284ed73,11,-64.0,-68.0,-63.0,-70.0,-52.0,-46.0,-58.0,2.956665410655781,-0.8542094522751337,-2.7425216926669456,-0.19214973581030712,-0.12992850384787719,2.6784220543816577,-0.9500761034283888,1.0382672396922623,1.03401430458946,0.9594808812146034,0.9032471029541169,0.34635420624704943,0.576371219520557,0.29992444719111727,-4.173249244689941,4.165033340454102,1.2689404487609863,-3.54,4.44,1.65
1743702034.350089,2c08d2cc-7a1c-9d34-25ea-6265acb43d72,d0fb31df-ca7f-112e-0483-bc90dc1a8a24,32,-71.0,-69.0,-63.0,-87.0,-62.0,-52.0,-58.0,3.098380734374385,-0.8827505496775129,-2.737662755258096,-0.21652271979060328,0.34736696576130954,1.3277053292552354,-0.9305683935921855,0.8394143939972529,0.9629579709128379,0.8790339752182528,0.8401160037864344,0.2965068829596199,0.9385588415847651,0.5232471050777611,-4.218753814697266,4.082516193389893,1.278383731842041,-3.54,4.44,1.65
1743702035.357732,2c08d2cc-7a1c-9d34-25ea-6265acb43d72,380fd162-62b6-bc92-e644-7e697dceaabb,19,-69.0,-66.0,-60.0,-69.0,-54.0,-48.0,-61.0,3.099512045205451,-0.8734649059047336,-2.682394705787899,-0.22975037460891784,-0.09787706869515307,2.144716247922101,-0.9575392433730189,0.9123565786207876,0.9829676983421757,0.8734268892801728,0.7868621696276921,0.46930095540722305,0.9553707611818056,0.4638908927377941,-4.262540817260742,4.132452487945557,1.30287766456604,-3.54,4.44,1.65
1743702036.351018,2c08d2cc-7a1c-9d34-25ea-6265acb43d72,86161d6d-1cda-a071-635e-e21b54d171ad,33,-74.0,-70.0,-63.0,nan,-60.0,-52.0,-58.0,-3.1312614527730487,-0.8759890499859107,-2.6971233181965824,nan,0.37173879934461274,1.1053280394331257,-0.9055477621214943,0.9136114601264328,0.9712254882008801,0.7781785334193253,nan,0.3434692365689773,0.7894388005764023,0.5847124734101412,-4.258266925811768,4.044890880584717,1.2994129657745361,-3.54,4.44,1.65
1743702037.350815,2c08d2cc-7a1c-9d34-25ea-6265acb43d72,49e4407a-2529-1946-4b61-9b8f096d83c3,27,-69.0,-71.0,-63.0,nan,-55.0,-52.0,-57.0,-3.107776100384076,-0.8758558919314068,-2.8307511543168347,nan,0.5991076181960225,2.0238022725815354,-1.0193583838175024,0.9309544311982195,0.9761579288558158,0.8487108901514743,nan,0.26215596747251263,1.0214421029489,0.6423639431709323,-4.236719131469727,3.972066879272461,1.29247772693634,-3.54,4.44,1.65
1743702038.357968,2c08d2cc-7a1c-9d34-25ea-6265acb43d72,5e952ed5-e671-75d8-1ae8-ef13e8a2b44d,19,-69.0,-66.0,-61.0,nan,-55.0,-48.0,-59.0,-3.0809404913437834,-0.8799281315542468,-2.769096045604301,nan,-0.09076433935111133,2.4465235293655296,-0.9872728037909092,1.0048925049113893,0.9715892760057849,0.8250078243433876,nan,0.2781616979599616,0.8501254707257044,0.6142118235420576,-4.226698875427246,3.869715929031372,1.1955183744430542,-3.54,4.44,1.65
1743702039.357307,2c08d2cc-7a1c-9d34-25ea-6265acb43d72,b1cb9901-03dc-001d-3495-eea5fc8740f4,28,-68.0,-70.0,-63.0,nan,-53.0,-53.0,-56.0,-3.1102238117419674,-0.8715146730384685,-2.7999847195075853,nan,0.37993170980757235,2.6018246642788005,-1.0756125428172543,0.9595841452858712,0.9798643833029336,0.8187248281206454,nan,0.2602577601543841,0.6576784893211437,0.7293283753542374,-4.164416313171387,3.886802911758423,1.135791301727295,-3.54,4.44,1.65
1743702040.357808,2c08d2cc-7a1c-9d34-25ea-6265acb43d72,a1431b74-e14d-c449-8512-0e5959a12b75,24,-69.0,-77.0,-61.0,nan,-56.0,-51.0,-58.0,3.135597345343807,-0.8717077522174992,-2.7700891383747916,nan,0.5919036358932597,2.6980387461447988,-0.9740512693920456,0.9250293638259841,0.9917624549470261,0.8852120428940459,nan,0.21880566121076095,0.6485391151488407,0.5738777188861722,-4.16982364654541,3.8082454204559326,1.0809197425842285,-3.54,4.44,1.65
1743702041.315685,2c08d2cc-7a1c-9d34-25ea-6265acb43d72,bc85f1ca-776e-8ab5-789b-a0b1641b10c2,5,-68.0,-65.0,-67.0,-80.0,-48.0,-45.0,-61.0,3.095060837759493,-0.9096805677784486,-2.8141415512302284,-0.1378095316638943,0.7503052872474557,1.2119532251147906,-1.1576549269810363,1.0245911751254055,1.001939125841519,0.9481567207854229,0.7736707338002027,0.19354614955040605,1.0265295326612143,0.6887120976198967,-4.27211570739746,3.652506113052368,1.01955246925354,-3.54,4.44,1.65
1743702042.317043,2c08d2cc-7a1c-9d34-25ea-6265acb43d72,29551a30-a67e-a299-456b-23f6a24e8d76,23,-71.0,-74.0,-61.0,-73.0,-57.0,-50.0,-59.0,3.131030556706539,-0.9314776091943656,-2.8224617991078538,-0.18200895101150338,0.7503052872474557,2.224996406389147,-1.090131764770063,0.9594323451037367,1.0457422002398966,0.9822432519466469,0.7091338850511216,0.19354614955040605,0.961718286274274,0.6009208750977252,-4.38657808303833,3.546227216720581,0.8623811602592468,-3.54,4.44,1.65
1743702043.314522,2c08d2cc-7a1c-9d34-25ea-6265acb43d72,089431ba-e98b-1ddd-6398-45b8036d106e,26,-70.0,-72.0,-63.0,-77.0,-55.0,-51.0,-56.0,-3.137957705017944,-0.9209300265390524,-2.811473596450187,-0.254726830892226,0.7678009385834459,2.525867252334135,-0.9995080487835579,1.0176764770920967,1.0056262723707332,0.977232048302472,0.6199136608966959,0.19043725856586516,0.7894388006662258,0.5724287479480114,-4.48365879058838,3.42388391494751,0.890442967414856,-3.54,4.44,1.65
1743702044.324062,2c08d2cc-7a1c-9d34-25ea-6265acb43d72,fab917f6-7e51-3ce5-e362-fbd0208f30cd,2,-64.0,-66.0,-73.0,-78.0,-47.0,-44.0,-62.0,3.055684935778235,-0.9200198912365178,-2.9191153719178815,-0.25166712511583395,0.8201610770664861,2.4459294586798275,-1.1684864603222247,1.0176312033535653,0.8310480068537417,1.03767588477221,0.664947515192854,0.18077379807027916,0.46245008712454605,0.5425683144565756,-4.551092147827148,3.34642219543457,0.9562179446220398,-3.54,4.44,1.65
1743702045.351296,2c08d2cc-7a1c-9d34-25ea-6265acb43d72,b9515bf2-73f6-1f85-67f1-0cce90e79ded,26,-69.0,-71.0,-63.0,-80.0,nan,nan,nan,3.1190516581233623,-0.911759031851201,-2.909688846923437,-0.21159134440010358,nan,nan,nan,1.008562740367682,0.8841400539762618,1.0250442454058553,0.6791088742893503,nan,nan,nan,nan,nan,nan,-3.54,4.44,1.65
1743702046.357812,2c08d2cc-7a1c-9d34-25ea-6265acb43d72,b5243c08-4c1e-a729-d3f5-ca48103a5a59,1,-63.0,-67.0,-75.0,-81.0,-48.0,-44.0,-62.0,3.037363452742926,-0.8774924044212604,-2.936197153465759,-0.13586063037817434,0.8375723119063214,2.398645242297628,-1.1338247318223102,0.9446442776237174,0.8407756022094197,1.065154447478675,0.7025831079807721,0.17744387547266513,0.316853611697513,0.29829677534137505,-4.5537333488464355,3.2536816596984863,0.971411943435669,-3.54,4.44,1.65
1743702047.364304,2c08d2cc-7a1c-9d34-25ea-6265acb43d72,05062541-d4f7-dbbc-042d-6e98f8758eac,27,-68.0,-70.0,-64.0,-80.0,-56.0,-53.0,-57.0,3.080113047193096,-0.8464316903115572,-2.9440739850218858,-0.0826858255247802,0.8375723119063214,2.5624879333885606,-1.088800841344824,0.9638484654023333,0.9082304765649005,1.0009467654403277,0.6587413511675606,0.17744387547266513,0.41870132062206944,0.5514842793158622,-4.532058238983154,3.2625114917755127,1.0033786296844482,-3.54,4.44,1.65
1743702048.314094,2c08d2cc-7a1c-9d34-25ea-6265acb43d72,73415a03-0c88-bac5-faea-d756b7f508fa,28,-68.0,-70.0,-64.0,-81.0,-55.0,-53.0,-58.0,3.0832981878568306,-0.8799957758459349,-2.920506873587448,-0.02276842942352344,0.8201610770664861,1.5707963265746276,-1.117727826211735,0.966729473069581,0.9286005296897258,0.9349048977802159,0.7377367677907907,0.18077379807027916,1.0995574287564276,0.7097457278017034,-4.57607364654541,3.245975971221924,0.9880133271217346,-3.54,4.44,1.65
1743702049.362101,2c08d2cc-7a1c-9d34-25ea-6265acb43d72,b5227bc5-d2a6-1bc6-7d58-9ae31ab7a287,34,-75.0,-70.0,-63.0,-81.0,-62.0,-53.0,-56.0,3.0690710486814092,-0.9145372415003715,-2.905954296126819,0.004085821744399567,0.8201610770664861,0.9144367669094913,-1.0075127777814816,0.8982721848797944,0.9180894323413465,0.8282857095920844,0.8203883716955633,0.18077379807027916,0.6806951093071757,0.7071141373314292,-4.577844619750977,3.27630352973938,1.02850866317749,-3.54,4.44,1.65
1743702050.359382,2c08d2cc-7a1c-9d34-25ea-6265acb43d72,1d4d60aa-de02-f599-daba-e8f5738ee9bd,30,-68.0,-69.0,-63.0,-84.0,-54.0,-53.0,-56.0,3.101782123718635,-0.9093495368549518,-2.935346273497479,-0.07266648087168408,0.8201610770664861,0.7846320307427989,-1.0313406025889607,0.973326855459007,0.946772542808854,0.795158981687725,0.8260276818828334,0.18077379807027916,0.5514842793030725,0.7473633332780713,-4.5630621910095215,3.321869134902954,1.102175235748291,-3.54,4.44,1.65
1743702051.357939,2c08d2cc-7a1c-9d34-25ea-6265acb43d72,078262d4-6478-8dc2-cf43-0833e971b71d,21,-71.0,-69.0,-61.0,-71.0,-58.0,-48.0,-57.0,3.10425034141692,-0.872540789006476,-2.8958478661060774,-0.10345448728576313,0.7292111011844178,1.6649338236701783,-0.9647880295969468,0.8988178665871517,1.0141284807298385,0.7899667496684519,0.8034469387371332,0.33464732055105695,1.0621839458134474,0.4738842969996543,-4.524380207061768,3.4069151878356934,1.2233413457870483,-3.54,4.44,1.65
1743702052.360189,2c08d2cc-7a1c-9d34-25ea-6265acb43d72,406a96b8-2391-f5d3-b18c-f7774260c41d,24,-70.0,-77.0,-62.0,-75.0,-57.0,-51.0,-58.0,3.13373632837406,-0.8707596668694311,-2.8402104361926868,-0.09396830748290089,0.7464975727751336,2.4064869952385064,-0.9523295737475177,0.8964902637944223,1.0830550844827243,0.816073518097417,0.7543568237846755,0.2610818381340087,0.9488697612311978,0.3475821415971532,-4.455661296844482,3.461942672729492,1.3584827184677124,-3.54,4.44,1.65
1743702053.31418,2c08d2cc-7a1c-9d34-25ea-6265acb43d72,0ad6f34c-683f-d8e1-7207-0e4fa2bf1f24,13,-64.0,-68.0,-62.0,-68.0,-56.0,-49.0,-63.0,3.0308339143822693,-0.851198216030581,-2.8325525164781644,-0.06951596130212034,0.03714481389293392,2.5579650323940593,-0.988489023263659,1.1456322461436705,1.0337086402753464,0.8471823022647962,0.7831657020346621,0.3488441384760134,0.7826313263998091,0.2510371996137674,-4.368774890899658,3.5484259128570557,1.5079684257507324,-3.54,4.44,1.65
1743702054.321645,2c08d2cc-7a1c-9d34-25ea-6265acb43d72,b2663053-9443-b2bc-c66f-ac84bf886f97,13,-64.0,-68.0,-61.0,-68.0,-55.0,-52.0,-63.0,2.9852240849213545,-0.8797859187520367,-2.8030188589375125,-0.057175938075129176,-0.34736696576130954,2.6157125380155617,-1.0228788500918011,1.1823106322567865,1.0071569242072564,0.8970652402737704,0.767197121822438,0.2965068829596199,0.678701480092311,0.18737198183764686,-4.355905532836914,3.6031887531280518,1.5127921104431152,-3.54,4.44,1.65
1743702055.329853,2c08d2cc-7a1c-9d34-25ea-6265acb43d72,89a68b0f-34b2-20e9-00f0-f417fe88af2e,24,-70.0,-78.0,-62.0,-75.0,-57.0,-51.0,-58.0,3.039493981614989,-0.8753307165644431,-2.820817030818621,-0.07072636801756135,0.218713182950196,2.6770663034638242,-0.9979188661957803,0.9810227252190633,1.0286688742284804,0.8953891798417292,0.669993406510227,0.2900317836728512,0.643618527515229,0.16422943460085654,-4.29504680633545,3.6953320503234863,1.4648271799087524,-3.54,4.44,1.65
1743702056.357842,2c08d2cc-7a1c-9d34-25ea-6265acb43d72,7c296236-0f0a-b5c4-e487-652b16af7983,7,-69.0,-68.0,-68.0,-75.0,-51.0,-46.0,-59.0,3.050638778144753,-0.8936029311195858,-2.8002526335132467,0.008234760406634012,0.5586532194545794,1.1648718640726372,-1.1771608636347883,1.1068604156766702,1.075400160824428,0.964134821798544,0.8250078243433876,0.23852261588134166,1.1508181737786947,0.35472146588077635,-4.3540873527526855,3.70319151878357,1.4392268657684326,-3.54,4.44,1.65
1743702057.35835,2c08d2cc-7a1c-9d34-25ea-6265acb43d72,c341f038-ef21-589b-e954-861451fb182f,29,-68.0,-69.0,-64.0,-83.0,-55.0,-53.0,-55.0,3.0663477001506942,-0.8670706561274533,-2.7849152224793716,-0.056623332148937736,0.6801118589498312,0.735349696680258,-1.0646240468264199,1.0616262250875108,1.1106533562801884,0.8119639276402885,0.810166027588376,0.20539328153978692,0.795651383971402,0.5553986996922217,-4.427979469299316,3.696572780609131,1.39175546169281,-3.54,4.44,1.65
1743702058.313539,2c08d2cc-7a1c-9d34-25ea-6265acb43d72,37a8e7c8-c2de-c5ec-9b71-8c0eb4c6b981,16,-64.0,-66.0,-61.0,-67.0,-53.0,-50.0,-61.0,3.0846185831252915,-0.8769171616258034,-2.7640400342747857,-0.04621276913170899,0.018458740919605556,1.8013948359229475,-1.01239506158834,1.1456837783107636,1.134353226294967,0.8400913695463512,0.7566358238875108,0.33156011555654397,1.1397784602778673,0.3432302605295675,-4.326462268829346,3.7965290546417236,1.444483995437622,-3.54,4.44,1.65
1743702059.351212,2c08d2cc-7a1c-9d34-25ea-6265acb43d72,9c78b96a-60dd-cdc5-f136-aee83bd8bec2,3,-67.0,-66.0,-70.0,-75.0,-49.0,-45.0,-61.0,3.0596248162948982,-0.8897179117213782,-2.7807745396165164,-0.05531918216312593,0.49183441023295765,2.323654481418131,-1.1975946479457642,1.142340978510496,1.0313554045571252,0.9201831430113396,0.8212249371729844,0.27893935852166946,0.6664784760561362,0.49555097107729085,-4.28868579864502,3.8492133617401123,1.5332179069519043,-3.54,4.44,1.65
1743702060.324986,2c08d2cc-7a1c-9d34-25ea-6265acb43d72,79404caa-5c32-a693-895e-0f0d18c5619c,3,-67.0,-66.0,-70.0,-76.0,-48.0,-45.0,-61.0,3.0659418344005664,-0.9232654856569973,-2.7948389596493337,-0.09394886640694329,0.7053395057319415,2.3438279099126724,-1.3249407363299772,1.168910937232053,0.941072645706785,1.0664846298641422,0.7804531393063618,0.242521718698813,0.4114460850850751,0.5650756813299803,-4.292783737182617,3.871864080429077,1.5773403644561768,-3.54,4.44,1.65
1743702061.351407,2c08d2cc-7a1c-9d34-25ea-6265acb43d72,b298d07b-700c-ee3e-b5a3-971f34a0cfbf,30,-68.0,-69.0,-63.0,nan,-54.0,-52.0,-55.0,-3.100220179739303,-0.9053970063231107,-2.798935167721985,nan,0.7527199085097922,1.549247735475311,-1.103788361366046,1.0418713621744937,0.9462361821653124,0.94369665832884,nan,0.20629867986450529,0.8899298595328246,0.7236800559201125,-4.309744834899902,3.8651161193847656,1.5191526412963867,-3.54,4.44,1.65
1743702062.357365,2c08d2cc-7a1c-9d34-25ea-6265acb43d72,65a8b2ee-4ab8-9e06-c2e9-72f78194484e,25,-70.0,-75.0,-62.0,-76.0,-55.0,-51.0,-58.0,-3.0916453336614658,-0.8674765218775815,-2.804720618874073,-0.0795100059248607,0.7702198157674462,2.2570280349565204,-0.9799409404642503,0.9730317772102263,1.0683193481181252,0.9642186447938543,0.624959818530178,0.20297934426152942,0.8935350097272671,0.4935507627510729,-4.32927703857422,3.82858657836914,1.4701488018035889,-3.54,4.44,1.65
1743702063.313769,2c08d2cc-7a1c-9d34-25ea-6265acb43d72,1a995d0f-a08b-0c20-b1e0-b1c38b5d3d1b,22,-71.0,-71.0,-61.0,-71.0,-57.0,-49.0,-58.0,-3.0884455456117355,-0.8586622576177462,-2.7538835368255503,-0.08593887679631197,0.6936120520324123,2.52367442427313,-0.9592027392421977,0.832207214297226,1.0534675645090257,1.0373853338972825,0.7042180891529989,0.2728899315175513,0.7532308421289152,0.3200986440460271,-4.383896350860596,3.7544331550598145,1.4056265354156494,-3.54,4.44,1.65
1743702064.317413,2c08d2cc-7a1c-9d34-25ea-6265acb43d72,832f9224-b883-8805-cd19-855ce27dff5a,3,-67.0,-66.0,-70.0,-76.0,-49.0,-45.0,-62.0,-3.141078929815517,-0.8329813952261121,-2.7995359768639068,-0.114877051517222,0.8133943954633283,2.4332083180257937,-1.1684864603222247,0.928577093872133,1.0099571715144475,1.0948442328382326,0.8102794116717861,0.23229496318199747,0.44306850499061984,0.5425683144565756,-4.463932991027832,3.696376085281372,1.3209189176559448,-3.54,4.44,1.65
1743702065.358614,2c08d2cc-7a1c-9d34-25ea-6265acb43d72,4f9ea2e8-0917-f2ec-d822-a7fc6edf952e,6,-69.0,-67.0,-69.0,-77.0,-48.0,-46.0,-60.0,-3.131441216146629,-0.900129273686934,-2.8439705533357698,-0.12647245490342698,0.8425476115822855,1.3985554921619885,-1.2480234481791987,1.0628823050156466,1.0351153219631262,1.0631824432704986,0.94243025865148,0.20074254871643912,1.0206951780366784,0.485721771913924,-4.577866077423096,3.6246330738067627,1.2731153964996338,-3.54,4.44,1.65
1743702066.357811,2c08d2cc-7a1c-9d34-25ea-6265acb43d72,55990ded-83c0-288a-c6a4-9333ac3caf39,6,-69.0,-67.0,-68.0,-77.0,-51.0,nan,-60.0,3.1008356362672203,-0.9092536630557089,-2.934625888422612,-0.15448118640389938,0.8747147439783323,nan,-1.318510838730612,1.054307592095864,1.1772711325260299,1.024854162283051,0.961514271285906,0.18183474766674948,nan,0.42312195156855087,-4.666104316711426,3.6183035373687744,1.276242971420288,-3.54,4.44,1.65
1743702067.358521,2c08d2cc-7a1c-9d34-25ea-6265acb43d72,9891fc84-150a-5d7c-1db9-64206e2fac29,0,-63.0,-67.0,-70.0,-82.0,-51.0,-44.0,-62.0,3.057366988322729,-0.9095352923409848,-3.0338222474414476,-0.1602650396593334,0.8920473631332525,3.002640277256766,-1.174024856901665,0.9630925271269143,1.0365440413089264,1.0529766107620695,0.9551409273231829,0.17811659115103937,1.042993655206278,0.29321923989519344,-4.74222469329834,3.61242938041687,1.308178424835205,-3.54,4.44,1.65
1743702068.313592,2c08d2cc-7a1c-9d34-25ea-6265acb43d72,849805ff-eb7a-4271-367a-01c104de7dc7,35,-75.0,-72.0,-65.0,-81.0,-60.0,-54.0,-59.0,3.051211890411338,-0.91814289530023,-2.8804031296802717,-0.1263480852805203,0.8549626016658073,0.8733539686868657,-0.9884592523034765,1.0264705013276472,1.0034894850701082,0.9610220525374321,0.9089029247401454,0.17406134706777193,0.9867906107156941,0.47388429700054946,-4.873708724975586,3.5493998527526855,1.268273949623108,-3.54,4.44,1.65
1743702069.334764,2c08d2cc-7a1c-9d34-25ea-6265acb43d72,872d218f-5acf-87d9-6cc3-dfafa664138d,14,-63.0,-68.0,-61.0,-67.0,-55.0,-50.0,-64.0,3.043583531784915,-0.9387871874383061,-2.8382815086151423,-0.10295727511024533,0.09173284763789114,2.049373075387886,-0.9713476099030357,1.091813954991886,0.9901469814297841,0.9484159795175422,0.8653559798596058,0.31292309573072896,1.0745722436316647,0.3030981988736472,-4.79114007949829,3.583531141281128,1.249672770500183,-3.54,4.44,1.65
1743702070.350652,2c08d2cc-7a1c-9d34-25ea-6265acb43d72,94719b3b-eb26-aa60-296f-be2887af4630,34,-75.0,-71.0,-64.0,-80.0,-60.0,-52.0,-55.0,3.089100150607677,-0.9670692924246751,-2.796848581007908,-0.06580537895531294,0.4516563856336872,0.9849736757361323,-0.8237112472051779,1.0431159905099423,0.9176954176580694,0.8957036325874402,0.8753500910613733,0.25248638562822023,0.7637554139904055,0.5030356836166388,-4.676833629608154,3.5860910415649414,1.2580013275146484,-3.54,4.44,1.65
1743702071.358114,2c08d2cc-7a1c-9d34-25ea-6265acb43d72,25132fd8-78ca-a177-07d3-c4b86cc1951f,21,-70.0,-69.0,-61.0,-70.0,-57.0,-49.0,-57.0,3.0789796058331587,-0.9361679685062132,-2.7912713890530636,-0.06250226025528766,0.54538023605366,1.9435417881560952,-0.8866176677552078,0.9565880890595321,0.9736110813263458,0.8863235131749905,0.8368150156152812,0.3637056188665643,1.0424722025076023,0.3369809635090729,-4.596270561218262,3.597675085067749,1.326545000076294,-3.54,4.44,1.65
1743702072.35785,2c08d2cc-7a1c-9d34-25ea-6265acb43d72,6edfe2c1-e9cf-909e-56d3-8f763d8be4fb,22,-72.0,-73.0,-61.0,-71.0,-57.0,-52.0,-58.0,3.1128640696466725,-0.8756806559316795,-2.765627278284473,-0.03401868713245417,0.5749506032829278,2.4691738542936834,-0.9267714677745533,0.8472874971278541,0.9861744106107401,0.8847622349859315,0.8038635902896762,0.40407378583140985,0.8592660596803096,0.23798774607428497,-4.5641865730285645,3.6286916732788086,1.3015371561050415,-3.54,4.44,1.65
1743702073.351275,2c08d2cc-7a1c-9d34-25ea-6265acb43d72,3c803bdc-28e0-b371-b644-561798e1abba,35,-75.0,-72.0,-65.0,-81.0,-62.0,-54.0,-57.0,3.054908358004368,-0.9389445802587298,-2.7628365517781788,-0.04026246830814494,0.6968219723827884,1.1308210361110087,-0.8090930678316368,0.9097145230823471,0.9604038662693976,0.8493731517355497,0.7603499349227627,0.28629272847715315,0.8636629197784242,0.43568139633963854,-4.552789211273193,3.6989946365356445,1.2945075035095215,-3.54,4.44,1.65
1743702074.352918,2c08d2cc-7a1c-9d34-25ea-6265acb43d72,96cf4328-86e9-fe1a-b84f-01265118515a,18,-67.0,-66.0,-61.0,-68.0,-55.0,-49.0,-58.0,3.082490717414319,-0.9044419967562083,-2.7277414149331145,-0.035306325519507485,0.05607747440347043,2.0076330695896774,-0.9016795149539428,1.039161329449229,0.952176096660625,0.8225936688152307,0.7149447028125928,0.36599312364670067,1.0062244806080864,0.36977330545509,-4.458508491516113,3.83499813079834,1.3313770294189453,-3.54,4.44,1.65
1743702075.362126,2c08d2cc-7a1c-9d34-25ea-6265acb43d72,fe133083-2828-14c8-0585-675860789a44,28,-68.0,-70.0,-63.0,-78.0,-55.0,-53.0,-54.0,3.0632041047999645,-0.8886534462336735,-2.689209202385194,-0.058606588212719746,0.4558614806724139,2.48238535139751,-0.8308799418533757,1.0319368392021167,0.9744054357004891,0.846709857487416,0.7294871602610794,0.28386130601743353,0.809307585107349,0.514849513871542,-4.379979133605957,3.937094211578369,1.3378117084503174,-3.54,4.44,1.65
1743702076.315411,2c08d2cc-7a1c-9d34-25ea-6265acb43d72,63f66795-cce9-aa20-fa0b-c4e2bf845b20,3,-67.0,-66.0,-69.0,-77.0,-48.0,-46.0,-61.0,3.0213557240626776,-0.8993817243689487,-2.8449157092066386,-0.09771191302722528,0.6824576238636508,1.135571945149921,-1.1523961367010587,1.0862688541281775,0.9186801880501535,0.9597324167795613,0.7605669159725768,0.30382702240433546,0.8859614003045124,0.5765260526936398,-4.289643287658691,3.9915874004364014,1.3419703245162964,-3.54,4.44,1.65
1743702077.350744,2c08d2cc-7a1c-9d34-25ea-6265acb43d72,6e5f4842-668f-2e95-304e-00d5b294a298,5,-68.0,-66.0,-68.0,-79.0,-48.0,-45.0,-59.0,3.06647233608971,-0.9106205304851921,-3.0125308071584818,-0.0833382999918496,0.7930319237152506,0.7261191987728731,-1.2630107654199783,1.1329417509172248,0.9428949802616987,1.0206154750920808,0.8110966692313042,0.22416078622400717,0.6089078645029108,0.5364179529224117,-4.244237422943115,4.022404193878174,1.346846342086792,-3.54,4.44,1.65
1743702078.313474,2c08d2cc-7a1c-9d34-25ea-6265acb43d72,8450c9cf-be51-42d8-55b1-e2e83d47bcbb,9,-69.0,-69.0,-67.0,-72.0,-49.0,-45.0,-57.0,2.968051489580306,-0.9140106013948085,-2.979561405495519,-0.03345622751022943,-0.018458740919605556,1.8521302465829412,-1.3727489455866877,1.062417383668346,0.9344877135954548,1.0078962843048898,0.8028919359659608,0.33156011555654397,1.00496835796806,0.5444906956887572,-4.103325366973877,4.095238208770752,1.3943564891815186,-3.54,4.44,1.65
1743702079.316756,2c08d2cc-7a1c-9d34-25ea-6265acb43d72,ce411d87-2cfe-8de7-0e43-1f730e1b4dbf,36,-74.0,-73.0,-66.0,-81.0,-57.0,-53.0,-58.0,3.0091472609935366,-0.9273347958026383,-3.011899371664024,-0.009863017097108458,0.39974009958716217,0.9620151679788748,-1.1326399087943315,0.98404767674323,0.8906151972716531,0.9300297150887169,0.7957955437672813,0.27451728070857145,0.7219926215833843,0.4403436531565902,-4.151445388793945,4.069367408752441,1.4172892570495605,-3.54,4.44,1.65
1743702080.357347,2c08d2cc-7a1c-9d34-25ea-6265acb43d72,9b6bf97d-b0bc-b3d9-3bb9-03fe34004701,25,-70.0,-73.0,-62.0,-74.0,-56.0,-50.0,-59.0,3.023919815560206,-0.8821018036359696,-2.9955670036468955,-0.021651765978453214,0.5941468827966135,1.9296394281133493,-1.0447574224567597,1.0427986748660594,0.9457904355778604,0.9699676106390082,0.6605385188501732,0.2332789932122024,1.0265295327213035,0.4246017592160061,-4.12078857421875,4.13368558883667,1.4489549398422241,-3.54,4.44,1.65
1743702081.389409,2c08d2cc-7a1c-9d34-25ea-6265acb43d72,dc22d415-23e3-b4bf-5d30-febdc1c6942d,1,-65.0,-67.0,-74.0,-78.0,nan,-45.0,nan,2.973871029194347,-0.872000699937408,-3.00153594659809,-0.03953595796277133,nan,2.3063903059069886,nan,0.9518681686595846,0.8296775441567871,1.0646985808790808,0.7725123253050452,nan,0.6237523707869145,nan,nan,nan,nan,-3.54,4.44,1.65
1743702082.350935,2c08d2cc-7a1c-9d34-25ea-6265acb43d72,be232d0e-8366-471e-634d-7ca7a07e22f9,10,-66.0,-68.0,-66.0,-71.0,-50.0,-46.0,-60.0,2.9920614847040237,-0.8497137700389709,-2.991975730916924,-0.010516290512504895,-0.09226709528484817,1.1693964503579248,-1.1326213011946065,1.048814622610494,0.8911580826598657,1.0797811939756627,0.8298494512051516,0.330302582387248,0.9376703194072747,0.41397280126937613,-4.1145195960998535,4.248826503753662,1.4717130661010742,-3.54,4.44,1.65
1743702083.324731,2c08d2cc-7a1c-9d34-25ea-6265acb43d72,14bca861-96d9-8e97-730c-67ad28ce5661,2,-65.0,-67.0,-71.0,-75.0,-48.0,nan,nan,2.9697266179059656,-0.8450841307999771,-2.98583208459822,-0.005780923778235002,0.40171674771520943,nan,nan,0.9989842820330485,0.820695567327304,1.03476804575698,0.840059611350352,0.2905879424971301,nan,nan,nan,nan,nan,-3.54,4.44,1.65
1743702084.327786,2c08d2cc-7a1c-9d34-25ea-6265acb43d72,da4c3123-5db8-bb3f-35f6-b8fcdd7969f0,21,-72.0,-69.0,-61.0,-69.0,-57.0,-49.0,-58.0,3.0258356936484088,-0.8439299167835368,-2.9232813548110927,-0.030159766712929355,0.5672073081794096,2.159385065607963,-1.044839703180819,0.9479593139696207,0.8524793962519908,0.974756839806325,0.776668454502223,0.3747051475773756,1.0156559597791432,0.326510526736986,-4.123862266540527,4.284424781799316,1.5191001892089844,-3.54,4.44,1.65
1743702085.339291,2c08d2cc-7a1c-9d34-25ea-6265acb43d72,5f9e16c8-17df-70f4-c162-f9744d98db93,34,-75.0,-72.0,-64.0,-82.0,-61.0,-52.0,-56.0,3.042869804612774,-0.8593751858415604,-2.934325483851651,-0.04387584527516446,0.6759078211289122,1.0596738088927418,-0.9472082094211703,1.0611702919088892,0.8341498571543843,0.9117529065806937,0.8094767349192362,0.2766654509650277,0.8093075850147279,0.5438679928293289,-4.09352731704712,4.293094158172607,1.5154744386672974,-3.54,4.44,1.65
1743702086.314181,2c08d2cc-7a1c-9d34-25ea-6265acb43d72,aa467b1e-00f6-ad16-f570-0e312b046022,23,-71.0,-73.0,-62.0,-73.0,-58.0,-50.0,-57.0,3.0696830430999094,-0.880842128440362,-2.9095706025710375,-0.11170655823948265,0.6905753528263952,2.0140802065929084,-0.9304230615275775,0.8941093977798916,0.91291424455305,0.9296327043492132,0.750109614478217,0.2594522846423193,1.0442339903645097,0.34467985497750847,-4.139355659484863,4.199273109436035,1.5493072271347046,-3.54,4.44,1.65
1743702087.35852,2c08d2cc-7a1c-9d34-25ea-6265acb43d72,b475315d-702e-17ca-ec00-89712efc12dd,0,-64.0,-67.0,-71.0,-79.0,nan,nan,nan,3.0371557261779,-0.8459408697226556,-2.922467759098073,-0.11885421628914633,nan,nan,nan,0.9248908794493,0.8648722166475928,0.9996683815380626,0.816748895749861,nan,nan,nan,nan,nan,nan,-3.54,4.44,1.65
1743702088.314849,2c08d2cc-7a1c-9d34-25ea-6265acb43d72,4f0226e5-b4c7-decd-9e21-bdb40faea4f1,30,-67.0,-69.0,-63.0,-83.0,-53.0,-53.0,-55.0,3.01808269908297,-0.8442303213544977,-2.9086717857031363,-0.15553127082171758,0.7377685561250699,1.0699925226535734,-0.8617731229163568,0.9538973642521704,0.9179120658127472,0.9120749493355116,0.8853893428436178,0.22248671690437516,0.9221537153541852,0.5932178987122563,-4.086994647979736,4.1639604568481445,1.5738651752471924,-3.54,4.44,1.65
1743702089.351345,2c08d2cc-7a1c-9d34-25ea-6265acb43d72,a858ff31-f59c-358b-8b1f-a50dda565487,9,-69.0,-69.0,-67.0,-72.0,-50.0,-44.0,-57.0,2.9632902901834623,-0.8596936999079339,-2.902559032053077,-0.15653341833991438,-0.03631208839305432,0.6847192029222828,-1.2433649619894143,0.9812442336427308,0.965359210109708,0.9315388618994375,0.8283857112910168,0.2790780071236759,0.6590580357789749,0.6483919989789099,-4.0653886795043945,4.19219160079956,1.5637195110321045,-3.54,4.44,1.65
1743702090.351011,2c08d2cc-7a1c-9d34-25ea-6265acb43d72,7190965c-6db4-5b0e-da55-8d8d34e2a961,23,-71.0,-74.0,-62.0,-73.0,-58.0,-50.0,-56.0,3.0059498697887874,-0.8559080164183862,-2.8572847608895118,-0.13138385658575114,0.3259570221002608,1.6934729756375952,-1.0062674754149392,0.8650766142612565,1.0272151877474607,0.9763429519725492,0.8388082585331509,0.265246031483708,1.1661541656678018,0.4353266577853371,-3.9864776134490967,4.163808345794678,1.5359315872192383,-3.54,4.44,1.65
1743702091.358673,2c08d2cc-7a1c-9d34-25ea-6265acb43d72,d3ecd418-d8a5-3d56-f0e3-856fa00c8766,0,-63.0,-67.0,-70.0,-87.0,-50.0,-44.0,nan,2.9855244894923154,-0.8706076003711876,-2.8821131454162114,-0.12944454267995542,0.6118598480801977,2.34048704459659,nan,0.9294603978266851,0.839957678859629,1.0777995358085346,0.8728858015256957,0.23055073834602474,0.7099151806375186,nan,-3.96930742263794,4.0387864112854,1.50779664516449,-3.54,4.44,1.65
1743702092.357572,2c08d2cc-7a1c-9d34-25ea-6265acb43d72,883e1c8b-ad8b-16b3-0ecc-b633467269b2,33,-73.0,-69.0,-63.0,-83.0,-57.0,-52.0,-56.0,3.0486595168226063,-0.9030262603207221,-2.921760689828657,-0.11881533413723115,0.7176478216000378,1.2427138417137762,-0.9816062286261803,0.9808723231965014,0.8131875170031253,0.989425131616318,0.8098464482575665,0.2127518123527144,0.8435992316447094,0.6354029212700568,-4.00721788406372,3.98379635810852,1.4195160865783691,-3.54,4.44,1.65
1743702093.35165,2c08d2cc-7a1c-9d34-25ea-6265acb43d72,d634a2e2-9965-0dde-4748-c779ff487e29,9,-68.0,-68.0,-68.0,-73.0,-49.0,-45.0,-58.0,3.0254308931627167,-0.9027402368196477,-2.877115723630678,-0.1212667739206491,-0.03631208839305432,0.7618082266996197,-0.9960290124461141,1.0508243771271222,0.9223325137481153,1.020862549862213,0.8479035528670168,0.2790780071236759,0.6263827708519937,0.3514649019088433,-4.07599973678589,4.009377479553223,1.3439369201660156,-3.54,4.44,1.65
1743702094.359635,2c08d2cc-7a1c-9d34-25ea-6265acb43d72,7a997e3c-715f-84c7-1216-b3927519be27,32,-70.0,-68.0,-63.0,-91.0,nan,nan,-56.0,3.078630731730358,-0.9217187216958793,-2.8674063709284674,-0.16713493000730179,nan,nan,-0.9995080487835579,0.9810462276156835,0.9668760800875899,0.983188141501407,0.7918645848402697,nan,nan,0.5724287479480114,nan,nan,nan,-3.54,4.44,1.65
1743702095.316233,2c08d2cc-7a1c-9d34-25ea-6265acb43d72,eb3337c9-837d-8427-c7f1-602d1e4b4364,6,-68.0,-67.0,-68.0,-76.0,-48.0,-45.0,-60.0,-3.138881289283984,-0.9496599420627182,-2.8486151062768683,-0.15205797612803626,0.43375291165991453,0.597722795753883,-1.1982258910356853,1.052714888605942,0.9337424945434235,1.03039440287777,0.8707151920792268,0.25454723047263406,0.47678324361400476,0.4500028201513752,-4.1547064781188965,3.9553375244140625,1.30531907081604,-3.54,4.44,1.65
1743702096.315053,2c08d2cc-7a1c-9d34-25ea-6265acb43d72,34923529-6e87-212a-d8a5-7298280beff6,8,-70.0,-69.0,-68.0,-72.0,-48.0,-50.0,-58.0,-3.023092637725627,-0.9475836085188378,-2.790609859838288,-0.11219631356394823,-0.20160693878944258,0.5305651624195122,-1.255827748845169,1.1669517827761362,1.007021569044853,1.0907581447777241,0.8585099248033937,0.3081953184635931,0.38240170594175577,0.4030428893246484,-4.165842533111572,4.06115436553955,1.3244473934173584,-3.54,4.44,1.65
1743702097.352242,2c08d2cc-7a1c-9d34-25ea-6265acb43d72,4861cba8-e36f-4df1-a150-6fce63ad0e31,33,-73.0,-69.0,-63.0,-82.0,-56.0,-52.0,-56.0,-3.0087214215352325,-0.8970775573938121,-2.7969039747585813,-0.1084713501472544,0.3079343983657575,0.6824576238636508,-1.1230481785481223,1.0362115456468302,0.8585038661119136,0.9961315038733556,0.8721754033049172,0.2667453724892661,0.30382702240433546,0.6243705463378828,-4.19264316558838,4.132188320159912,1.3551747798919678,-3.54,4.44,1.65
1743702098.313345,2c08d2cc-7a1c-9d34-25ea-6265acb43d72,aa783291-6239-3ede-c831-7629858920fc,26,-71.0,-72.0,-63.0,-75.0,-56.0,-52.0,-57.0,-3.044182743030183,-0.9193615578150501,-2.7792847673027263,-0.07708919249397866,0.5408731702897245,1.2807551062221818,-1.050032550859219,1.0758139494787988,0.9139365655165043,0.9381084808344996,0.7521812874901898,0.24103615191485675,1.1140396785545579,0.6177812822599735,-4.165173053741455,4.163100242614746,1.3580708503723145,-3.54,4.44,1.65
1743702099.316831,2c08d2cc-7a1c-9d34-25ea-6265acb43d72,f7f69ccb-0e4f-b0cb-5d16-427997bc75e2,16,-64.0,-66.0,-61.0,-67.0,nan,-50.0,-61.0,-3.0040257359012053,-0.9144315140050954,-2.6885492710670724,-0.0495675531568818,nan,2.225837644137442,-0.9851029442938751,1.1341641418575712,0.9360661691735449,0.9921076006243003,0.7771580766686341,nan,1.0322436921350675,0.3693006786786773,-4.138807773590088,4.217454433441162,1.4000797271728516,-3.54,4.44,1.65
1743702100.316261,2c08d2cc-7a1c-9d34-25ea-6265acb43d72,7ca19d36-637b-6f7a-a100-3f4fe653fbb3,33,-75.0,-69.0,-63.0,-82.0,-57.0,-52.0,-56.0,-3.09265360645017,-0.9318034469537367,-2.7150104396580996,-0.004240817719842179,0.6801118589498312,1.0618151497755615,-0.967284119924007,1.065428753070953,0.9794942704904397,0.9040886618585819,0.825428870111729,0.20539328153978692,0.8541813232047011,0.5946869064217829,-4.07160758972168,4.21950340270996,1.4165306091308594,-3.54,4.44,1.65
1743702101.314872,2c08d2cc-7a1c-9d34-25ea-6265acb43d72,7d42cd9a-e665-0e03-5897-83c2ee283264,18,-67.0,-65.0,-60.0,-68.0,-54.0,-46.0,-60.0,-3.0753859362582054,-0.917997619862766,-2.7101043642979556,-0.04570623589237592,-0.018250590905441656,1.9865519296827412,-0.9929442207848254,1.1168040599757807,1.0166221316165343,0.9017604598546075,0.7692442937523819,0.296659408877608,1.0515029795990944,0.41645319851443946,-4.0239739418029785,4.29636812210083,1.4706496000289917,-3.54,4.44,1.65
1743702102.351858,2c08d2cc-7a1c-9d34-25ea-6265acb43d72,1f465e6d-f3d3-bc42-d69a-06a136253876,6,-70.0,-68.0,-68.0,-80.0,nan,nan,nan,-3.0658829785404755,-0.9361836811566446,-2.685066388993467,-0.05053907432254271,nan,nan,nan,1.1277559104845678,1.0503405473360818,0.9378945624199388,0.8125357749053557,nan,nan,nan,nan,nan,nan,-3.54,4.44,1.65
1743702103.312214,2c08d2cc-7a1c-9d34-25ea-6265acb43d72,ce72a171-5c77-0465-ea07-a2d4231b22bf,22,-70.0,-70.0,-61.0,-72.0,-58.0,-49.0,-58.0,-3.027030920345636,-0.9286860837397446,-2.804203699306489,-0.10429338302913808,0.31273617429934614,2.4923026009885416,-0.9856367791309039,1.0337941943253652,1.0912341182435485,0.9336312409888854,0.773966477839256,0.3166052891263591,0.868147537502372,0.33233470815300326,-4.00212574005127,4.442105770111084,1.521461844444275,-3.54,4.44,1.65
1743702104.354828,2c08d2cc-7a1c-9d34-25ea-6265acb43d72,91a821e7-7d2b-acb4-6a2b-d652710907cd,14,-63.0,-68.0,-61.0,-68.0,-54.0,-50.0,-62.0,-3.094073071311182,-0.9562138483473487,-2.596808431519914,-0.13096360976573662,-0.17166692176068946,2.576285386924685,-0.998265865156305,1.1174934192239478,1.0345611847193081,0.9839596592692029,0.7814201996771969,0.41340416180047107,0.7533257754816944,0.22603398814582631,-3.8513541221618652,4.5939812660217285,1.6527725458145142,-3.54,4.44,1.65
1743702105.315998,2c08d2cc-7a1c-9d34-25ea-6265acb43d72,fe4fb2e7-b518-7abf-b5a8-f800a083e5d2,10,-66.0,-67.0,-67.0,-72.0,-50.0,-46.0,-61.0,-3.1192474004634834,-0.9573230549413667,-2.5959492957522543,-0.08886968557594417,-0.48724408971344146,1.0749133125884838,-1.0541442342261826,1.080011157935791,1.0855442079955668,0.9976477080609649,0.839853549261007,0.35883835071695724,1.0284315017648782,0.16847587170473252,-3.733259677886963,4.642847537994385,1.75911021232605,-3.54,4.44,1.65
1743702106.314928,2c08d2cc-7a1c-9d34-25ea-6265acb43d72,24053614-2ed5-6659-4a1d-3cb4f9256e6a,11,-63.0,-68.0,-64.0,-69.0,-53.0,-47.0,-61.0,3.099002848805028,-0.9545666832131345,-2.499876292059864,-0.058877698011689815,-0.62893240923879,0.6365293353609508,-1.0833687496631876,1.0534228234027123,1.0121066754092778,0.998389398424552,0.9044777496938425,0.3157851998780997,0.6602912814173022,0.1422236030205137,-3.5582311153411865,4.73876953125,1.837496280670166,-3.54,4.44,1.65
1743702107.316362,2c08d2cc-7a1c-9d34-25ea-6265acb43d72,fd1956e1-4460-2336-c624-79666cdba5b6,23,-70.0,-72.0,-61.0,-73.0,-57.0,-51.0,-58.0,3.121689785499195,-0.7788348028909481,-2.5696545747293573,-0.09152645507940722,0.055049125607877336,1.7063006660153397,-1.0004227605921956,0.9008601116690789,1.0804200197421454,1.0540981344761293,0.8157657898334583,0.3137140063707769,1.2007234423050084,0.17367184028739976,-3.41699481010437,4.70898675918579,1.879944086074829,-3.54,4.44,1.65
1743702108.351673,2c08d2cc-7a1c-9d34-25ea-6265acb43d72,81fe5a10-1d32-8946-8f1b-a6fe90aa499e,27,-69.0,-71.0,-63.0,-79.0,-54.0,-53.0,-56.0,-3.1196210419644217,-0.8550773764743905,-2.6263375616867126,-0.0996285900637553,0.43572784970298234,2.51235976689945,-0.9226148257538085,0.9272637559805605,1.1023914982094627,0.9347084230707953,0.7452924886984816,0.27037708656106885,0.9506573207286362,0.512765054937859,-3.24361252784729,4.750397682189941,1.9231226444244385,-3.54,4.44,1.65
1743702109.315842,2c08d2cc-7a1c-9d34-25ea-6265acb43d72,3433d09e-426c-1ebe-3ec3-59ed31ce7ae8,16,-65.0,-66.0,-61.0,-67.0,nan,nan,-63.0,3.1244568098717873,-0.8326048242479748,-2.554426885932393,-0.09220289799628735,nan,nan,-0.9207387132276296,1.0186783582941845,1.0870424358458182,0.919583465712881,0.7929006210833377,nan,nan,0.3236864548017152,nan,nan,nan,-3.54,4.44,1.65
1743702110.351364,2c08d2cc-7a1c-9d34-25ea-6265acb43d72,b5b1ca97-38dd-7989-a806-820943ae309a,6,-69.0,-68.0,-68.0,-76.0,-48.0,-46.0,-61.0,3.100787166735381,-0.9244234280989638,-2.590681563116078,-0.0895730264198341,0.6472166491622838,0.8673865468766255,-1.161692868372543,1.0730461261578796,1.0503778981703704,0.9403326198188792,0.791249328049434,0.2248860728023472,1.0816145389521605,0.4426843706351367,-3.1428842544555664,4.83792495727539,1.9566584825515747,-3.54,4.44,1.65
1743702111.323407,2c08d2cc-7a1c-9d34-25ea-6265acb43d72,401a8a2b-e17e-02f4-6ef4-5d5429b64e76,19,-69.0,-66.0,-60.0,-69.0,-55.0,-48.0,-59.0,3.117494774150102,-0.9084416652393437,-2.6445245550869725,-0.08127861120478232,0.6646614801134572,2.2217145782620684,-1.0692372410770212,1.0687471849472463,1.0439753925937107,0.8740613874098841,0.7939859258065722,0.30790528399241884,1.1034953767856943,0.39588167470043517,-3.136671781539917,4.86770486831665,1.9501707553863525,-3.54,4.44,1.65
1743702112.359523,2c08d2cc-7a1c-9d34-25ea-6265acb43d72,fa5c057b-79eb-b9fd-53a4-7783fb8954ba,30,-69.0,-68.0,-64.0,-81.0,-54.0,-53.0,-55.0,3.112656343081646,-0.9248226359463666,-2.663926216260418,-0.13744867333618857,0.7405083622912182,0.9592351371219702,-1.0035992404289054,1.0111420118834236,1.0545902200665487,0.88000849244014,0.7885531437618379,0.23538571966681796,1.005799188996073,0.6544823027259324,-3.12623119354248,4.902324676513672,1.980217695236206,-3.54,4.44,1.65
1743702113.313908,2c08d2cc-7a1c-9d34-25ea-6265acb43d72,f425da7a-1cb2-a33d-c8a7-669cd42818f5,27,-69.0,-71.0,-64.0,-77.0,-55.0,-53.0,-56.0,3.1385545194182307,-0.8987156677803199,-2.704561527121174,-0.1539919637116518,0.790280564919132,2.2189577981367505,-0.9620151679788748,0.9890341795682944,1.1238601052839456,0.8778649140787352,0.6767555719921018,0.21189674979342638,1.127378332282909,0.7219926215833843,-3.143354892730713,4.893768310546875,1.95701265335083,-3.54,4.44,1.65
1743702114.350774,2c08d2cc-7a1c-9d34-25ea-6265acb43d72,fbfdee21-2ba9-fbe8-6854-754040bf301b,5,-68.0,-66.0,-68.0,-79.0,-48.0,-46.0,-60.0,3.0957671080805818,-0.9283451991202145,-2.7066289390754026,-0.15892893174044068,0.8225749941446844,0.7446502795441774,-1.2068253344484001,1.0258107697466072,1.0877176803402075,0.922857955431188,0.7565460753587752,0.19266350627260936,0.9851361016238572,0.6098298075271479,-3.33594560623169,4.750232696533203,1.8686174154281616,-3.54,4.44,1.65
1743702115.315705,2c08d2cc-7a1c-9d34-25ea-6265acb43d72,de661c7e-f51a-414a-5f52-bfa6da97cb5d,32,-71.0,-68.0,-63.0,-85.0,-55.0,-52.0,-55.0,-3.132489968983902,-0.9284119113055209,-2.7327313798675963,-0.1909228174961076,0.8201610770664861,0.7405268085789108,-1.0893658486323354,1.0112161809197824,1.0252908541227965,0.9006564464247151,0.7038116907706528,0.18077379807027916,0.5545264661193698,0.7594410420403666,-3.5626630783081055,4.523517608642578,1.6969153881073,-3.54,4.44,1.65
1743702116.352083,2c08d2cc-7a1c-9d34-25ea-6265acb43d72,0f33ce0f-6d50-7a95-3141-c070bcf7c0b1,6,-69.0,-68.0,-68.0,-78.0,-48.0,-46.0,-61.0,3.131362386578363,-0.9083577756650064,-2.727994681552781,-0.1312983691147596,0.8375723119063214,0.6019453209733664,-1.262485780414553,1.0401071511103708,1.0094774696230968,0.9075955123819983,0.827392019309281,0.17744387547266513,0.428561642015407,0.5769016325664218,-3.7969958782196045,4.316925525665283,1.5067585706710815,-3.54,4.44,1.65
1743702117.352513,2c08d2cc-7a1c-9d34-25ea-6265acb43d72,0b692abd-b200-a455-ebc1-d3d08a0660f8,19,-68.0,-66.0,-60.0,-69.0,-56.0,-48.0,-59.0,-3.117363480308361,-0.9167272920227982,-2.6553716102068656,-0.10452481172786597,0.7292111011844178,1.4684401876277489,-1.1116580808496026,1.0760035665484124,1.0230567948633564,0.9561125150678712,0.739762368115905,0.33464732055105695,1.096874798008194,0.4714690599492576,-4.020267009735107,4.07938003540039,1.3109772205352783,-3.54,4.44,1.65
1743702118.358839,2c08d2cc-7a1c-9d34-25ea-6265acb43d72,0a4dc605-f052-cd41-b168-c3d1ea2c1f3e,30,-69.0,-68.0,-64.0,-82.0,-54.0,-52.0,-55.0,3.1384762224821823,-0.8903568040668882,-2.6864594885596875,-0.17422080271967566,0.7815644543520484,0.8423785789714788,-1.0035992404289054,1.0492420599654515,1.0435851063359598,0.9009428028209259,0.8938043326770231,0.2528224714633967,0.8365391220574724,0.6544823027259324,-4.217896938323975,3.86117434501648,1.1168913841247559,-3.54,4.44,1.65
1743702119.316555,2c08d2cc-7a1c-9d34-25ea-6265acb43d72,56dbba9a-b748-ef0c-fb06-aa73253c1249,11,-64.0,-68.0,-64.0,-70.0,-53.0,-47.0,-61.0,3.0167095732249254,-0.8742590605417951,-2.5918853119287935,-0.135044105187956,0.018458740919605556,0.6259440327875946,-0.9744093006412472,0.9949423358676079,0.8830708613776221,0.9076527703454352,0.9736532924296235,0.33156011555654397,0.5482413139534016,0.3874418064942025,-4.4477858543396,3.8439033031463623,0.9766440987586975,-3.54,4.44,1.65
1743702120.34923,2c08d2cc-7a1c-9d34-25ea-6265acb43d72,340c32f7-7d04-96e2-e9cb-58b61434fabf,29,-69.0,-69.0,-64.0,-79.0,-53.0,-53.0,-55.0,3.0568141160804285,-0.8890241582574124,-2.6341880279480483,-0.15728629398007982,0.43572784970298234,0.5949073039602546,-1.008378738876184,1.0271928171943039,0.891632990861254,0.9451145252931982,0.8447488388187362,0.27037708656106885,0.5255180919419574,0.6331381613127738,-4.47004508972168,3.771620273590088,0.8818695545196533,-3.54,4.44,1.65
1743702121.31325,2c08d2cc-7a1c-9d34-25ea-6265acb43d72,93a9026e-c004-9344-d415-fe17f46de3b4,33,-74.0,-69.0,-64.0,-85.0,-55.0,-52.0,-56.0,3.0899246652811656,-0.872939197905552,-2.6791243439692822,-0.1895747253523095,0.6295498532390622,0.7292111011844178,-0.9541294070704159,0.9720950768758182,0.8734981288393323,0.8321892379598681,0.7541747967241685,0.22775277624736093,0.33464732055105695,0.7662843204521339,-4.50067377090454,3.7290608882904053,0.8644242882728577,-3.54,4.44,1.65
1743702122.369667,2c08d2cc-7a1c-9d34-25ea-6265acb43d72,d52074ef-c5a4-ba74-4321-cb76412ecff7,23,-71.0,-73.0,-61.0,-74.0,nan,nan,nan,3.090488722800045,-0.8538123749566029,-2.664091598564112,-0.1618341741736081,nan,nan,nan,0.8845043744133847,0.97942642646167,0.8877056272017143,0.6933604479677731,nan,nan,nan,nan,nan,nan,-3.54,4.44,1.65
1743702123.360105,2c08d2cc-7a1c-9d34-25ea-6265acb43d72,f22e827d-2ea3-6580-71fc-96b9dabbeb35,7,-72.0,-68.0,-68.0,-74.0,-48.0,-48.0,-61.0,3.059215222119244,-0.9261140027589461,-2.645121369487259,-0.16649603766179183,-0.12704475114572278,0.5783068277161155,-1.3758390448733555,1.0982557421946242,1.008173852269503,0.8954632822990606,0.7580065529005746,0.27711597661126,0.3415223913542196,0.48911666638001516,-4.510692596435547,3.71476936340332,0.8435934782028198,-3.54,4.44,1.65
1743702124.351951,2c08d2cc-7a1c-9d34-25ea-6265acb43d72,56140ecc-f8b1-bdcf-ab34-090943a67f9c,25,-71.0,-75.0,-62.0,-75.0,-56.0,-50.0,-57.0,3.1071665028105566,-0.8952508952021268,-2.694049231350304,-0.17966377135557962,0.34243077660700905,1.2778381824767457,-1.149501058981773,0.9903425240328231,1.05015379316464,0.9208101842899988,0.6859791641114822,0.24722906013734622,1.1687770331101546,0.5285947190363316,-4.519495964050293,3.657454013824463,0.8479180932044983,-3.54,4.44,1.65
1743702125.360411,2c08d2cc-7a1c-9d34-25ea-6265acb43d72,e77784c6-bf62-2a74-b936-94e8491a4f31,2,-66.0,-67.0,-71.0,-78.0,-48.0,-44.0,-62.0,3.021054254227281,-0.8965601051940097,-2.760591773295351,-0.19664461909814285,0.6142928569973679,-3.010393182820503,-1.1851889074343778,0.9715434030560082,0.9218868337396906,0.9320271524853033,0.7387751342998126,0.24482559917197272,1.0084047068983362,0.4629519931987772,-4.393795013427734,3.7156922817230225,0.9427517652511597,-3.54,4.44,1.65
1743702126.359641,2c08d2cc-7a1c-9d34-25ea-6265acb43d72,fbb3f194-d3bf-986b-d436-f6f9d8acba2a,2,-66.0,-67.0,-71.0,-79.0,-46.0,-45.0,-63.0,2.9966799386664396,-0.8772556494003524,-2.798633431570479,-0.16463102595040935,0.7464975727751336,-2.7759870179647343,-1.1557409235898575,0.9271230079169499,0.8540340165383247,1.0045236571004135,0.7398525826978315,0.2610818381340087,0.6132381177600011,0.46201484451773117,-4.265517711639404,3.8355062007904053,1.1126105785369873,-3.54,4.44,1.65
1743702127.351811,2c08d2cc-7a1c-9d34-25ea-6265acb43d72,0a37b3ad-4555-736e-8386-a01a267532dd,20,-71.0,-67.0,-60.0,-69.0,-58.0,-48.0,-58.0,3.001255782051414,-0.895864221201172,-2.7777148338401245,-0.19938900660146952,0.6885255540079606,3.076903461906909,-1.0670978226062797,0.898127575232603,0.8850044494870741,0.9983585057559071,0.7500259912199886,0.38959140766171685,0.6273231892227885,0.4229330807411329,-4.17141342163086,3.946035146713257,1.2959275245666504,-3.54,4.44,1.65
1743702128.312565,2c08d2cc-7a1c-9d34-25ea-6265acb43d72,ec7281d0-00bf-6135-76c7-25a5942124a0,16,-65.0,-66.0,-61.0,-67.0,-53.0,-50.0,-62.0,2.976355758491391,-0.8661627845118454,-2.737334920127907,-0.15097886325433615,-0.019257152433122333,2.8528243923598433,-0.9880691627768161,1.0471901609245728,0.9187060872917543,0.9815949053792672,0.7627612941317747,0.43626129321730833,0.6600937996163336,0.29607235342825433,-4.058160781860352,4.1304030418396,1.4807676076889038,-3.54,4.44,1.65
1743702129.3601,2c08d2cc-7a1c-9d34-25ea-6265acb43d72,13c77539-8f76-6101-3560-bed1b8d95535,26,-71.0,-72.0,-63.0,-76.0,-58.0,-51.0,-57.0,2.996734267152677,-0.7788348028909481,-2.6874326076220023,-0.07416743846205273,0.4242805881489475,2.83114134640392,-0.9647880295969468,1.026851399942556,0.9313838659239948,0.9829711604515927,0.6982490130437498,0.3202788070177017,0.6568519537401133,0.4738842969996543,-3.969479560852051,4.272382736206055,1.6056052446365356,-3.54,4.44,1.65
1743702130.358683,2c08d2cc-7a1c-9d34-25ea-6265acb43d72,638a0669-532b-b1ad-86c4-aa98d2ceb380,31,-69.0,-69.0,-64.0,-84.0,-54.0,-52.0,-56.0,3.0396830660523846,-0.9748897981237473,-2.692832166732138,-0.1335071949228713,0.6142928569973679,1.3342541549814453,-0.965250786100854,1.0208040268972585,1.0277468212800676,0.9255038725532089,0.6673899002285655,0.24482559917197272,1.0305797359087576,0.6469278571112457,-3.853044033050537,4.171979904174805,1.7130045890808105,-3.54,4.44,1.65
1743702131.363303,2c08d2cc-7a1c-9d34-25ea-6265acb43d72,dc927bc4-44ee-81c2-ce8f-2623be93dfda,10,-67.0,-68.0,-66.0,-72.0,-50.0,-47.0,nan,2.9974336132549317,-0.9805709865191587,-2.664949402751226,-0.16113163227804525,-0.07427765600478736,0.6918208420757415,nan,1.0857938127687345,1.0583874883068383,0.8367773318858565,0.810425219741468,0.3481793800604291,0.7075437886277283,nan,-3.8560218811035156,4.2512054443359375,1.770546555519104,-3.54,4.44,1.65
1743702132.358369,2c08d2cc-7a1c-9d34-25ea-6265acb43d72,f8322c2f-965e-254c-b2f7-aefb48168f59,36,-73.0,-74.0,-66.0,-81.0,-59.0,-54.0,-61.0,3.0637729560088056,-0.9607422874649193,-2.690791120072701,-0.1513277373571365,0.381715668012557,0.7264667793789538,-0.9739318530864988,1.0214061676197252,0.9416007505509476,0.8074555288099206,0.8506938133201202,0.27646074107604823,0.4369879081266198,0.454473341253017,-3.87793779373169,4.21660566329956,1.7567753791809082,-3.54,4.44,1.65
1743702133.313093,2c08d2cc-7a1c-9d34-25ea-6265acb43d72,fa0ea7f1-6280-0732-f13d-f30c5be8d51e,29,-68.0,-70.0,-64.0,-81.0,-55.0,-53.0,-56.0,3.0335631218673833,-0.8726470491339702,-2.722546919226915,-0.20584690592880264,0.5941468827966135,0.597722795753883,-1.0388496526482645,1.0103324109120395,0.9352535055669071,0.8218826048041795,0.7680613175961687,0.2332789932122024,0.47678324361400476,0.6818398219979886,-3.925304651260376,4.15466594696045,1.7161840200424194,-3.54,4.44,1.65
1743702134.360211,2c08d2cc-7a1c-9d34-25ea-6265acb43d72,914e318e-8b8e-96e9-df73-6ef772564db0,27,-69.0,-72.0,-63.0,-77.0,-56.0,-52.0,-57.0,3.028277812368011,-0.8608665560520047,-2.7632602607076104,-0.1490643167466782,0.7000757460506677,0.4708645689570733,-1.0606929677592989,1.0140459893150733,1.0016095596566215,0.761661142285463,0.7420816485302277,0.21588345323202066,0.458825766587348,0.7428327456703718,-3.9617760181427,4.17845344543457,1.6824672222137451,-3.54,4.44,1.65
1743702135.360674,2c08d2cc-7a1c-9d34-25ea-6265acb43d72,61d3360d-5599-4e93-d840-36e355b04f4c,13,-64.0,-69.0,nan,-69.0,-54.0,-48.0,nan,2.9898718336557613,-0.856913359729891,nan,-0.146301819747939,-0.01835128106348953,1.49936350177369,nan,0.9602398155462487,0.9665612278677153,nan,0.7397501841539178,0.3141097788823964,1.115763326373595,nan,-3.9522390365600586,4.24081802368164,1.6655776500701904,-3.54,4.44,1.65
1743702136.314914,2c08d2cc-7a1c-9d34-25ea-6265acb43d72,ba04c06e-34a2-12b2-f254-012b9178007b,8,-72.0,-68.0,nan,-72.0,-48.0,-46.0,-60.0,3.011384316309203,-0.8982671914527506,nan,-0.11874422773612604,-0.43572784970298234,0.6706605987884442,-1.0090962441688238,1.1562762352304445,1.0859388884691166,nan,0.7919836281409961,0.27037708656106885,0.823042943085536,0.4072047091382552,-4.051836967468262,4.152935981750488,1.5919259786605835,-3.54,4.44,1.65
1743702137.315688,2c08d2cc-7a1c-9d34-25ea-6265acb43d72,20dcab1c-36d3-7c11-f3dd-e66329b0ebaa,17,-67.0,-66.0,nan,-68.0,-54.0,-51.0,-62.0,3.0057554590292113,-0.8807025787992419,nan,-0.1328789552217216,-0.5812989281586235,1.823962272758913,-1.0090962441688238,1.153302949031426,1.0996388549067566,nan,0.7509628247124513,0.265157507014371,1.173484902206697,0.4072047091382552,-4.143104076385498,4.02220582962036,1.5211971998214722,-3.54,4.44,1.65
1743702138.352091,2c08d2cc-7a1c-9d34-25ea-6265acb43d72,cb7b904f-3444-0cad-57a1-32f055f9fff3,6,-70.0,-67.0,nan,-76.0,-49.0,-46.0,-60.0,3.0567288949255462,-0.8806668924406348,nan,-0.11076646237468467,0.18141606153233214,0.6796317233634314,-1.160845352826576,1.174301841068646,1.0510751803227802,nan,0.8138893931084157,0.27489907727796176,0.932252910749216,0.2003540755985091,-4.270662307739258,3.859675168991089,1.4663182497024536,-3.54,4.44,1.65
