1743700243.320508,2c08d2cc-7a1c-9d34-25ea-6265acb43d72,5e703099-acf0-967d-a8c9-d407e37c45c0,14,-80.0,-60.0,-75.0,-68.0,-50.0,-54.0,-61.0,-3.1390325568339,-0.7788348028909481,-2.753658766029548,-0.9391107615107507,-1.7979904121264916,-0.7884036467383772,-2.2248091319940695,0.9449798359210674,0.5671348680973964,0.24376194753885408,1.1095547357515032,0.3338625071665989,0.9044785979139689,0.2645192550855682,-6.01423740386963,6.097465991973877,1.129367470741272,-5.94,6.84,1.65
1743700244.318539,2c08d2cc-7a1c-9d34-25ea-6265acb43d72,bd75ecaf-61b6-9927-d923-905b6fd4c274,4,-83.0,-59.0,-84.0,-68.0,-53.0,-59.0,-56.0,3.064170832275664,0.7963368312588397,-2.691668897967991,-0.8554683285224141,-1.7363760513541402,-2.303923204220119,-2.181351375820998,0.8813689017039796,0.6332597598044916,0.19333710618231892,1.4695824900922718,0.40557604253903967,1.2632451260626285,0.43465503169736164,-6.053334712982178,6.092723846435547,1.1069788932800293,-5.94,6.84,1.65
1743700245.26395,2c08d2cc-7a1c-9d34-25ea-6265acb43d72,39860426-690d-9dac-6014-49da8f55716b,12,-80.0,-59.0,-73.0,-67.0,nan,nan,nan,3.1375345287207304,0.7963368312588397,-2.7101882538722935,-0.7765596643716932,nan,nan,nan,0.8859609237925761,0.6763127548818488,0.17806216292076277,1.2203637421246019,nan,nan,nan,nan,nan,nan,-5.94,6.84,1.65
1743700246.321107,2c08d2cc-7a1c-9d34-25ea-6265acb43d72,0ec3fd6a-76d3-bdb5-55d4-14bdf2a80d06,5,-80.0,-58.0,-79.0,-68.0,-52.0,-57.0,-58.0,3.103698001806838,0.8249532961200683,-2.7405120713083715,-0.8492839358390321,-1.7203880668749663,-3.0401865272658,-2.1779283011735417,0.8723908530371046,0.7146468948236947,0.14400807239056737,1.4184864156277388,0.43004943398071943,1.0274677322293362,0.5035640688355347,-6.082809925079346,6.076181411743164,1.097071647644043,-5.94,6.84,1.65
1743700247.320727,2c08d2cc-7a1c-9d34-25ea-6265acb43d72,e4657de9-fd0e-83bd-8f33-2d9859fd4beb,31,-75.0,-67.0,-76.0,-86.0,-54.0,nan,-57.0,-3.1296795350855415,0.8073719055516921,-2.748703954821455,-0.8700448744328538,-1.7499456510481894,nan,-2.1725645666276168,0.8316533433695167,0.7355305385647418,0.1829383276529138,1.4046900427586377,0.38070212085985605,nan,0.34000202223316206,-6.128631591796875,6.072094917297363,1.141500473022461,-5.94,6.84,1.65
1743700248.321353,2c08d2cc-7a1c-9d34-25ea-6265acb43d72,5ff5561b-5f0d-b9b8-7402-868af71848ee,33,-78.0,-69.0,-81.0,-84.0,nan,-66.0,nan,-3.0442605073340134,1.1703929863786822,-2.734038991962825,-0.8144846761910758,nan,-1.927276569511103,nan,0.9227292581715099,0.7745910556939067,0.23789174128507418,1.3319922697441453,nan,1.1029441159589823,nan,nan,nan,nan,-5.94,6.84,1.65
1743700249.320197,2c08d2cc-7a1c-9d34-25ea-6265acb43d72,73b17b08-3a51-89f4-79c6-fa8cbe74b394,9,-80.0,-58.0,-73.0,-67.0,-51.0,-56.0,-57.0,-3.114178073328518,1.109555734436912,-2.659084589398654,-0.8596590788137628,-1.7635485823344388,-3.0566730281773427,-2.207720947074694,0.9351180838254768,0.7585100900836813,0.22199832879461753,1.3192675528976923,0.3742477736944965,0.9058190594284821,0.25884858239441394,-6.167569160461426,6.053620338439941,1.2456862926483154,-5.94,6.84,1.65
1743700250.262827,2c08d2cc-7a1c-9d34-25ea-6265acb43d72,d03c7a4d-8453-561e-dc84-b5cb99a0cebc,29,-75.0,-64.0,-72.0,-75.0,nan,nan,-56.0,3.116321918006031,1.0575553836242428,-2.6476087619453934,-0.8794727310078433,nan,nan,-2.17892064843254,0.8352593966435387,0.7525402150261052,0.1862267323879164,1.248850777356853,nan,nan,0.2832779614416667,nan,nan,nan,-5.94,6.84,1.65
1743700251.321088,2c08d2cc-7a1c-9d34-25ea-6265acb43d72,010d0e2c-907b-3bed-5675-373a80e6b47d,2,-74.0,-58.0,-89.0,-68.0,-56.0,-61.0,-53.0,3.0963972119944945,1.0742733773672153,-2.682178190791276,-0.8060605650309371,-1.7191280323626006,-0.12476833188127891,-2.1125286251775215,0.9309704767437872,0.7867194907722912,0.22914981513834817,1.4356089435402941,0.5040352756042461,1.430090427351059,0.4346550316949318,-6.192468166351318,6.07300043106079,1.3040345907211304,-5.94,6.84,1.65
1743700252.318619,2c08d2cc-7a1c-9d34-25ea-6265acb43d72,15b5539f-c152-24ca-3bf8-322c4ee4b103,26,-84.0,-64.0,-70.0,-76.0,nan,-65.0,-57.0,-3.136469264284699,1.119975352201847,-2.615567471922323,-0.7254187156427927,nan,-1.0627676884600388,-2.187888385837507,0.8523700069102159,0.7583929109957178,0.23274085484172463,1.4649832108897047,nan,1.1276806690598582,0.4246017592605296,-6.211828708648682,6.083684921264648,1.3107690811157227,-5.94,6.84,1.65
1743700253.317345,2c08d2cc-7a1c-9d34-25ea-6265acb43d72,2019ae6c-2eda-7153-eefa-decfdc60a501,3,-82.0,-58.0,-84.0,-69.0,-54.0,-61.0,-56.0,3.122948928062584,1.1257581401928451,-2.6108571389023,-0.7989134396134914,-1.6477887419663935,-2.4880406789093836,-2.1456089156522875,0.8983416268052183,0.7568338299145582,0.2341496337688629,1.402971638065264,0.5007590008448913,1.1615792772772577,0.5127650549941498,-6.245062828063965,6.096205711364746,1.304020881652832,-5.94,6.84,1.65
1743700254.319782,2c08d2cc-7a1c-9d34-25ea-6265acb43d72,47fb0325-3fe9-1c96-d1e2-6d98366407bf,5,-85.0,-58.0,-81.0,-68.0,-52.0,-56.0,-56.0,3.064069632154241,1.112579221222479,-2.6824066900128045,-0.7681190416127961,-1.6855374504421061,-3.02027764630058,-2.17792830117192,0.9388282001190933,0.7079246101791439,0.1738172672355014,1.4248102247941865,0.49407260310693596,0.9564607845388765,0.5336161290224654,-6.28561544418335,6.114017963409424,1.2884844541549683,-5.94,6.84,1.65
1743700255.264143,2c08d2cc-7a1c-9d34-25ea-6265acb43d72,1cd75b41-1b67-e86d-068e-62c5698f43da,34,-77.0,-69.0,-82.0,-83.0,nan,nan,nan,-3.1236267025600095,1.0397617391169875,-2.745976877865214,-0.6715922352706561,nan,nan,nan,0.9875721041298409,0.8341184318535214,0.22203499719387654,1.4385432144293437,nan,nan,nan,-6.289470195770264,6.130016326904297,1.30741024017334,-5.94,6.84,1.65
1743700256.320936,2c08d2cc-7a1c-9d34-25ea-6265acb43d72,817bb9be-f8e3-1f95-06fa-f7484bfc3708,8,-78.0,-58.0,-75.0,-68.0,-53.0,nan,nan,3.030576653020968,1.2172467783847734,-2.7122412847566357,-0.7268672089596868,-1.7550488372893929,nan,nan,0.9641627849899899,0.8737262951657248,0.16611235937249547,1.4448284077599851,0.25591622782122014,nan,nan,-6.328485488891602,6.14905881881714,1.29991090297699,-5.94,6.84,1.65
1743700257.319576,2c08d2cc-7a1c-9d34-25ea-6265acb43d72,b675cbca-eafd-9a97-f2e2-123d07e541c8,30,-75.0,-67.0,-73.0,-84.0,-58.0,nan,-57.0,3.055883607595555,1.1355061087308622,-2.7063578292764325,-0.7671762825869081,-1.7431842704723828,nan,-2.164932446543902,0.8542355512538163,0.8538439999945475,0.17351181930322612,1.3691055500632716,0.1195377278151047,nan,0.4256043851637395,-6.3698883056640625,6.16956663131714,1.338657021522522,-5.94,6.84,1.65
1743700258.321458,2c08d2cc-7a1c-9d34-25ea-6265acb43d72,17bef570-2647-6cfc-4eb2-42b753231e5e,34,-78.0,-69.0,-81.0,-80.0,nan,nan,nan,3.032747129309383,1.039305006990039,-2.6579527459353702,-0.4763114209667429,nan,nan,nan,0.9224889744621575,0.8941164551567803,0.22775002437988892,1.275907828241785,nan,nan,nan,nan,nan,nan,-5.94,6.84,1.65
1743700259.32069,2c08d2cc-7a1c-9d34-25ea-6265acb43d72,98bd72ca-89ad-0380-2bc9-5f8292b94bda,32,-78.0,-69.0,-77.0,-80.0,-55.0,nan,-58.0,-3.119970182383331,1.001064410581482,-2.75389711894711,-0.4010206611568948,-1.76110665872422,nan,-2.1285966707415906,1.0094803325212687,0.884425211949982,0.22765501610800035,1.213638461423825,0.08798073754795017,nan,0.2634346631037628,-6.40974521636963,6.2112455368042,1.3963128328323364,-5.94,6.84,1.65
1743700260.265544,2c08d2cc-7a1c-9d34-25ea-6265acb43d72,ebfa3297-4f42-3533-6d1c-98d7165316fc,26,-84.0,-65.0,-69.0,-81.0,-53.0,-63.0,-57.0,3.130823362773731,1.0703140557745945,-2.6340636583251413,-0.44971789326953865,-1.9169840235068976,-1.2013825616753055,-2.1164733827965057,0.8501504618787166,0.8214453803322158,0.2459543949062618,1.2884521159243854,0.12287804700774056,1.157417311717073,0.39786210309775705,-6.422805309295654,6.23878288269043,1.4573677778244019,-5.94,6.84,1.65
1743700261.262674,2c08d2cc-7a1c-9d34-25ea-6265acb43d72,40e146d5-0969-9bc9-d200-3471eddbffb3,31,-75.0,-69.0,-76.0,-84.0,-55.0,nan,-58.0,3.1178537682650447,1.3170458107582936,-2.7592652527563826,-0.4010281180079469,-1.8004022025326825,nan,-2.1455636409648857,0.929172909587011,0.8814790899940818,0.25913186578278513,1.1867859413106105,0.21634497295145186,nan,0.35146490194627544,-6.44531536102295,6.283457279205322,1.4182320833206177,-5.94,6.84,1.65
1743700262.320667,2c08d2cc-7a1c-9d34-25ea-6265acb43d72,79f31e95-7026-9b3f-07ae-cc58729b6cc9,35,-79.0,-72.0,-81.0,-82.0,-53.0,-66.0,-63.0,3.1282571407473307,1.2869371767382938,-2.760095093752051,-0.34175041320052724,-1.7985165906223133,-1.437385431013443,-2.1699887488415026,0.9355815404341778,0.9261717267755736,0.24271038173767948,1.1617784592006029,0.31189184484262267,0.9890041898240363,0.257163151326827,-6.459408283233643,6.319604396820068,1.4227570295333862,-5.94,6.84,1.65
1743700263.32211,2c08d2cc-7a1c-9d34-25ea-6265acb43d72,0b9ee926-37a0-10bf-a160-9128a33556c0,8,-81.0,-58.0,-75.0,-68.0,-51.0,-58.0,-57.0,3.052023089279376,1.2377563145716914,-2.7087786427073146,-0.30804624539281145,-1.7768950843438875,-2.928101566443066,-2.2557349415668653,0.9423259958948034,0.8253907203291138,0.22318688094436306,1.3377846451150677,0.30527204331856866,1.0548544899777015,0.2263123114696448,-6.459576606750488,6.35028314590454,1.437469244003296,-5.94,6.84,1.65
1743700264.318273,2c08d2cc-7a1c-9d34-25ea-6265acb43d72,d72bccc8-bb88-cfc3-15ae-51a88cc12ec4,29,-76.0,-64.0,-72.0,-78.0,-57.0,nan,nan,3.0547895810197505,1.2278038152619561,-2.6676682239080884,-0.3226347755281565,-1.7063063821924584,nan,nan,0.8336358670639991,0.7620759296252428,0.19309136299273189,1.320787285773746,0.3226865121153921,nan,nan,-6.43160343170166,6.38017177581787,1.4538227319717407,-5.94,6.84,1.65
1743700265.321044,2c08d2cc-7a1c-9d34-25ea-6265acb43d72,425287b2-1b4d-3de0-66fc-7cceae9e88bd,0,nan,-59.0,nan,-68.0,nan,nan,-55.0,nan,1.2177993843109647,nan,-0.27537431882361035,nan,nan,-1.9399433518021718,nan,0.7282171653162479,nan,1.3784077054348094,nan,nan,0.4758160588874072,nan,nan,nan,-5.94,6.84,1.65
1743700266.32391,2c08d2cc-7a1c-9d34-25ea-6265acb43d72,d598c213-2026-d881-c7d6-12b047c7bd18,20,-82.0,-61.0,-70.0,-76.0,-52.0,-58.0,-61.0,3.0232758632086245,1.2418828826807693,-2.7466181670557055,-0.2667552642716779,-1.727462180118407,-2.6072592574706794,-2.0675242348649703,0.781756823238983,0.6011938355413381,0.23409342442510545,1.3120522505563406,0.13957279403995054,0.591948181461031,0.4313041148306479,-6.390996932983398,6.405818462371826,1.4714126586914062,-5.94,6.84,1.65
1743700267.318281,2c08d2cc-7a1c-9d34-25ea-6265acb43d72,5e0cdb2b-ddd5-0826-c492-f992326ae183,28,-80.0,-64.0,-71.0,-76.0,-57.0,nan,-56.0,-3.1304952613274333,1.1281480609550822,-2.716330035978234,-0.2571343285176576,-1.4364463119920252,nan,-2.1017832060099852,0.7328858198652114,0.5629222133060818,0.15306842937988274,1.2941672596236953,0.5257220514970042,nan,0.3177101349718059,-6.351675510406494,6.431353569030762,1.4600236415863037,-5.94,6.84,1.65
1743700268.326027,2c08d2cc-7a1c-9d34-25ea-6265acb43d72,1fdacd43-4dbf-a295-dec4-40c5eeedfdeb,6,-79.0,-58.0,-80.0,-69.0,-52.0,-57.0,-57.0,3.043076465913364,1.0994623539055117,-2.6837015189348015,-0.28129745540405554,-1.5893505887780075,-2.918479603640574,-2.1535234906383875,0.7758245653318042,0.6702379512773237,0.10672413337983747,1.465485616229348,0.4883683154210188,0.6684363431822238,0.2960723534603663,-6.26946496963501,6.44700002670288,1.409510612487793,-5.94,6.84,1.65
1743700269.325137,2c08d2cc-7a1c-9d34-25ea-6265acb43d72,001c1717-e5e2-aec7-65ea-5f955c4dc52a,12,nan,-59.0,-74.0,-67.0,-49.0,nan,nan,nan,1.3050424110930885,-2.727928635157747,-0.2718770556801183,-1.6805175192320954,nan,nan,nan,0.6451896562236106,0.12114998598447071,1.3589478541915458,0.5130233131386313,nan,nan,nan,nan,nan,-5.94,6.84,1.65
1743700270.319902,2c08d2cc-7a1c-9d34-25ea-6265acb43d72,e2579c6e-457d-fa9e-4fcc-cf56deb8f9c4,32,-76.0,-69.0,-78.0,-87.0,nan,nan,-58.0,3.087471361284985,1.4368292039517687,-2.7619196254148646,-0.14783739843247867,nan,nan,-2.1636100668551204,0.942419139953929,0.6018869232150312,0.12544592281649913,1.2413927278821402,nan,nan,0.22200743323907848,nan,nan,nan,-5.94,6.84,1.65
1743700271.321832,2c08d2cc-7a1c-9d34-25ea-6265acb43d72,f0a8acc4-776f-f7a5-357f-6c9da14be4e4,8,-81.0,-57.0,-75.0,-68.0,-51.0,-58.0,-56.0,3.030237366298092,1.382933747707399,-2.759251670634823,-0.15991536660820602,-1.708122002561692,3.020819389823189,-2.2616313016502247,0.9248243670010752,0.5630150910490983,0.11984409662157194,1.3964149354614892,0.3784101244585871,0.5204388676294797,0.2041484729431872,-6.198434829711914,6.457317352294922,1.3465702533721924,-5.94,6.84,1.65
1743700272.323733,2c08d2cc-7a1c-9d34-25ea-6265acb43d72,82f97be6-668c-718f-6a34-1742310bce9f,15,-82.0,-61.0,-74.0,-71.0,-50.0,-55.0,-63.0,3.0912141678809824,1.1948107114652917,-2.7660445956272883,-0.21127069980485805,-1.68021966586883,-2.760508051753089,-2.2816767351229936,0.9514359376146646,0.5335425863449775,0.18592175050883186,1.3811788577070914,0.38700573070546146,1.476823935769796,0.1969047736511877,-6.152297019958496,6.46447992324829,1.3303228616714478,-5.94,6.84,1.65
1743700273.32192,2c08d2cc-7a1c-9d34-25ea-6265acb43d72,044129f3-39a5-b47f-0f3c-0a168bf12d84,17,-78.0,-61.0,-71.0,-76.0,-50.0,-57.0,-75.0,3.0806946815751695,1.393147503120071,-2.7422963892387244,-0.2722538929743645,-1.6352107655445989,-0.5022227422177977,-2.284234071603252,1.006290731062708,0.556995481458165,0.2428492655885271,1.319708039741991,0.27191107634125933,1.0442339902516506,0.18549940214866983,-6.105846405029297,6.4737725257873535,1.2583552598953247,-5.94,6.84,1.65
1743700274.263768,2c08d2cc-7a1c-9d34-25ea-6265acb43d72,df9f178d-a695-9dac-92c6-65ac9d9ebcf9,6,-78.0,-59.0,-80.0,-69.0,nan,nan,nan,3.043177666034787,1.2256535789978267,-2.7070297448194593,-0.33681371148784733,nan,nan,nan,0.9436795475188362,0.612042821453021,0.17773544298928048,1.4869665404238728,nan,nan,nan,nan,nan,nan,-5.94,6.84,1.65
1743700275.320035,2c08d2cc-7a1c-9d34-25ea-6265acb43d72,a99d79fa-b713-27b3-b6cb-cba4b63321ce,32,-77.0,-69.0,-79.0,-85.0,-55.0,-68.0,-58.0,3.0378731817755673,1.2879622274418652,-2.7512709757961824,-0.25642273187438847,-1.7089279578207113,-1.0622273781702039,-2.2242484182898785,0.9726659254554766,0.5792010517853002,0.15606535113357614,1.4368659555748116,0.2434763184160482,0.9823656606962702,0.20634792800022445,-6.080434799194336,6.485853672027588,1.1999791860580444,-5.94,6.84,1.65
1743700276.321824,2c08d2cc-7a1c-9d34-25ea-6265acb43d72,4bbea51e-b340-3d22-997b-ffc61aced8f7,13,-79.0,-60.0,-75.0,-69.0,-49.0,-53.0,-60.0,3.0218100593446455,1.174990401368486,-2.7998302561643604,-0.3120407207118213,-1.7210071737288142,-0.625678561235683,-2.2816767351229936,0.8929887395931861,0.5075428104128064,0.16708319810312702,1.323124342788345,0.35472146589929554,0.8767596634220011,0.1969047736511877,-6.070175647735596,6.502392292022705,1.170720100402832,-5.94,6.84,1.65
1743700277.325255,2c08d2cc-7a1c-9d34-25ea-6265acb43d72,1cd1f236-e7ef-30d2-16ba-257528e08c75,17,nan,-61.0,-71.0,-77.0,nan,-56.0,nan,nan,1.1621307954128204,-2.7620514518888233,-0.687113404419747,nan,-0.633485449647302,nan,nan,0.3311267972960921,0.21760650984096788,1.1698325241272751,nan,0.611140817313204,nan,nan,nan,nan,-5.94,6.84,1.65
1743700278.32198,2c08d2cc-7a1c-9d34-25ea-6265acb43d72,f4443cc0-410c-60b1-16d5-33802388d64d,20,-81.0,-61.0,-70.0,-75.0,-52.0,-57.0,-62.0,3.100694488729446,1.0953597542462448,-2.771217786044767,-0.9502734012198178,-1.7567916677619344,-1.8710539655281766,-1.555083402601837,0.8608858639699077,0.32726195134314195,0.2672594506003003,1.0578856821784401,0.1593890636855903,0.9080118170168614,0.7329011584045546,-6.057923316955566,6.521463871002197,1.1751772165298462,-5.94,6.84,1.65
1743700279.32548,2c08d2cc-7a1c-9d34-25ea-6265acb43d72,55746da7-7ca2-b23b-0ac5-bf637f0a4571,7,-77.0,-58.0,-74.0,-69.0,nan,nan,nan,3.0668819302653643,1.1137771110807968,-2.722342388455197,-0.8864821709969318,nan,nan,nan,0.9028628753878457,0.38189360518135024,0.18550541520666844,1.4177299447201017,nan,nan,nan,nan,nan,nan,-5.94,6.84,1.65
1743700280.262893,2c08d2cc-7a1c-9d34-25ea-6265acb43d72,55a7f10c-f8c3-42cb-9d73-adbf5b402faa,23,-80.0,-65.0,-69.0,-74.0,-54.0,-64.0,-57.0,3.1377710174255293,1.0202556820288111,-2.7294746001705383,-0.8746071356962686,-1.7563145880252355,-1.3736321452322249,-1.9588442943538358,0.9212085266100474,0.3207396700964561,0.22832195486874024,1.3170098580835774,0.09776428816858393,0.8379060367696384,0.6387591929412652,-6.05235481262207,6.53771686553955,1.2041926383972168,-5.94,6.84,1.65
1743700281.320137,2c08d2cc-7a1c-9d34-25ea-6265acb43d72,349a802c-7e6f-ef95-eb67-e2db55ff417b,19,nan,-61.0,-70.0,-74.0,-50.0,-59.0,-59.0,nan,1.097684693877884,-2.7574316663458633,-1.0509266425129813,-1.684152157018295,-2.062970678305977,-1.208271575117845,nan,0.2945559363119878,0.31121930196309994,1.155163167052846,0.045668932832439,0.6859014892378699,0.6726187699096476,-6.041033744812012,6.55114507675171,1.245222568511963,-5.94,6.84,1.65
1743700282.320468,2c08d2cc-7a1c-9d34-25ea-6265acb43d72,eee87db7-2297-409f-a519-950350b7d6e1,17,-83.0,-61.0,-72.0,-73.0,-50.0,-58.0,-64.0,3.0699770560842543,1.138962092877458,-2.756053480481747,-1.0626726476588302,-1.6701427489341074,-1.1863187644443183,-1.9462043585482556,0.9360467946766147,0.19302138843509004,0.3712274119889875,1.178586201472311,0.1218738925666439,0.7236919186555765,0.6663239428651317,-6.01544189453125,6.5560040473938,1.2587218284606934,-5.94,6.84,1.65
1743700283.327797,2c08d2cc-7a1c-9d34-25ea-6265acb43d72,e531d6f5-55e6-1754-e532-b7d0f8fa4db7,16,nan,-60.0,-72.0,nan,nan,nan,nan,nan,1.134327926264611,-2.711087070740195,nan,nan,nan,nan,nan,0.19669495284274532,0.4172702714431494,nan,nan,nan,nan,nan,nan,nan,-5.94,6.84,1.65
1743700284.264086,2c08d2cc-7a1c-9d34-25ea-6265acb43d72,25515c2e-dc20-16f1-5ac9-e43ba926799c,24,-80.0,-65.0,-69.0,-75.0,-55.0,-62.0,-57.0,3.0488427423056033,1.0517542198217233,-2.6614508080271895,-1.0314028754035558,-1.7918452934882612,-1.0913599514613117,-2.015990442364967,0.9012086528767431,0.2123514438647258,0.3772411959150363,1.1228217387749237,0.14143401469694944,0.6940511196770708,0.6034116483889813,-6.021883487701416,6.5577168464660645,1.3504191637039185,-5.94,6.84,1.65
1743700285.324773,2c08d2cc-7a1c-9d34-25ea-6265acb43d72,5ec0297b-968f-eb37-8182-a6f671c38c3f,2,-74.0,-58.0,-81.0,-67.0,-53.0,-61.0,-53.0,3.0476592335171726,1.1712009894534123,-2.729602698218971,-1.0249388508057156,-1.8258723226822344,-0.5048325700498375,-2.0985381296283414,1.0011935073153235,0.20780193248502982,0.3256990752574289,1.303473409736868,0.357962290990945,0.736314290846137,0.4806805476082169,-6.023821830749512,6.553592681884766,1.4219765663146973,-5.94,6.84,1.65
1743700286.264157,2c08d2cc-7a1c-9d34-25ea-6265acb43d72,5f9139c9-81f4-f805-4d68-ad29396cb0a7,32,-75.0,-69.0,-78.0,-87.0,-54.0,nan,-58.0,3.080584959338258,1.2907934339967286,-2.7362084029868035,-0.9942959866710458,-1.8258723226822344,nan,-2.148995005720092,0.963780488215509,0.24659834725784296,0.25489329510511277,1.2654321509359039,0.357962290990945,nan,0.30564412715170125,-6.025085926055908,6.545503616333008,1.415960669517517,-5.94,6.84,1.65
1743700287.263544,2c08d2cc-7a1c-9d34-25ea-6265acb43d72,5d20fad8-7fc9-5812-9b93-d62a0eda3621,20,-84.0,-61.0,-71.0,-74.0,-51.0,-58.0,-61.0,3.038532580461471,1.2062849410218983,-2.7505330138581217,-0.9910946007246614,-1.7554450540549205,-1.9862344361919264,-2.0812844910732684,0.7961439518168907,0.2495278078121733,0.330676789650896,1.121953814575667,0.13261124851127906,0.9530677818374981,0.4144568782606185,-6.032609462738037,6.540198802947998,1.417117953300476,-5.94,6.84,1.65
1743700288.320346,2c08d2cc-7a1c-9d34-25ea-6265acb43d72,6688c3c5-f5c2-3090-4008-94a0f8b38b69,7,-78.0,-57.0,-75.0,-68.0,-52.0,-57.0,-59.0,2.9712344997151687,1.2226774964796627,-2.7353782956750257,-0.8838589573232039,-1.7848784079322806,-2.9686910550452983,-2.203909057562786,0.9383000952749307,0.24158215018662418,0.211278622709101,1.3774483016521082,0.2317122824120636,0.9177894824135342,0.3169075698695674,-6.03468370437622,6.521076679229736,1.4350379705429077,-5.94,6.84,1.65
1743700289.320323,2c08d2cc-7a1c-9d34-25ea-6265acb43d72,a0f8b222-5763-e268-5a47-ee1d68a0f437,24,-82.0,-66.0,-71.0,-75.0,nan,-61.0,-58.0,3.1339392612491235,1.1984714926997146,-2.724455340464066,-0.8640333209042179,nan,-1.529704178093968,-2.1992058731851465,0.9862551043917693,0.22236559535369627,0.22475767993431905,1.3120949942918363,nan,1.1690119426202716,0.3272010157020287,-6.03652811050415,6.50856065750122,1.4398982524871826,-5.94,6.84,1.65
1743700290.319879,2c08d2cc-7a1c-9d34-25ea-6265acb43d72,a786c266-d712-1fd0-60da-9ea8e4c95a28,16,-79.0,-60.0,-72.0,-70.0,nan,nan,nan,-3.08611980703177,1.237232737101382,-2.6917879412687182,-1.0244857139462382,nan,nan,nan,1.039404942109944,0.19650400419258665,0.3181237801157258,1.1973540303063175,nan,nan,nan,nan,nan,nan,-5.94,6.84,1.65
1743700291.323151,2c08d2cc-7a1c-9d34-25ea-6265acb43d72,800e27de-f8fc-fb8c-1eef-f99f40103e80,9,-77.0,-57.0,-74.0,-68.0,-51.0,-55.0,-57.0,3.1220855312371807,1.2422147125525929,-2.768907227483014,-0.9615235257706941,-1.77249449109766,3.0775630274243673,-2.262868807523545,1.016595366847579,0.1748699482353825,0.1160743920985648,1.2766947923439032,0.24252171872190895,0.9939003059604736,0.2645243133804425,-6.057084560394287,6.500750541687012,1.4729785919189453,-5.94,6.84,1.65
1743700292.320075,2c08d2cc-7a1c-9d34-25ea-6265acb43d72,ae819912-b2b7-9927-35af-a75bc9b8b095,35,-78.0,nan,-85.0,nan,-55.0,-63.0,-69.0,3.1226868730113204,nan,-2.7979830876322813,nan,-1.786030620263265,-2.3439896905308686,-2.2760728885317514,0.9022629983523054,nan,0.20247163220799302,nan,0.3415223913894188,1.0463487642805467,0.21960857592540595,-6.07359218597412,6.494315147399902,1.4446629285812378,-5.94,6.84,1.65
1743700293.319741,2c08d2cc-7a1c-9d34-25ea-6265acb43d72,98a5c648-5930-0b55-fdc9-de14b520d2cb,1,-74.0,nan,-77.0,nan,nan,-62.0,nan,3.0610187148094457,nan,-2.8398658231476306,nan,nan,-0.5691048774205483,nan,0.9897953775868662,nan,0.14088513318304274,nan,nan,1.2427014580294664,nan,nan,nan,nan,-5.94,6.84,1.65
1743700294.263674,2c08d2cc-7a1c-9d34-25ea-6265acb43d72,0a4ac723-5993-5b71-d0f4-bbd0bb701b88,35,-78.0,nan,-84.0,nan,-55.0,-62.0,-61.0,3.1223459883917903,nan,-2.833660924123855,nan,-1.788706355227008,-1.4684401876277489,-2.2816767351229936,0.9739441761996875,nan,0.12759241401034618,nan,0.4012741022665724,1.096874798008194,0.1969047736511877,-6.09504747390747,6.49694538116455,1.3984196186065674,-5.94,6.84,1.65
1743700295.319459,2c08d2cc-7a1c-9d34-25ea-6265acb43d72,d514d32b-b802-ebc9-04d0-5929f7446eba,21,-88.0,nan,-70.0,nan,-51.0,-60.0,-60.0,-2.9995638758108862,nan,-2.76700786099357,nan,-1.7900567770836855,-2.2875993622641526,-2.1895824263547254,0.9755086501820545,nan,0.1155054493435614,nan,0.17434612114226286,0.7351595216960121,0.3857995085459252,-6.111681938171387,6.515759468078613,1.3563811779022217,-5.94,6.84,1.65
1743700296.320301,2c08d2cc-7a1c-9d34-25ea-6265acb43d72,1428246f-14f1-b268-3f8c-764071afe484,19,-84.0,nan,-69.0,nan,-49.0,-57.0,-64.0,-3.0773295112217447,nan,-2.7605331837513694,nan,-1.7407679661108255,-2.361945426535639,-1.4261064346538235,0.9586787370942715,nan,0.1501800647301237,nan,0.08969963645491506,0.46201484456740594,0.6854510147271721,-6.124141693115234,6.539252758026123,1.2928531169891357,-5.94,6.84,1.65
1743700297.327773,2c08d2cc-7a1c-9d34-25ea-6265acb43d72,894426b3-f93e-0afb-64ea-7e658cd5755c,33,-76.0,-69.0,-88.0,-95.0,-57.0,nan,-61.0,-3.0893864404248608,0.8669838370759168,-2.852809584993743,-0.2856184342727091,-1.7841895369507612,nan,-1.9633287337367096,1.0178421257118995,0.6168880435822568,0.20010656206767774,1.172484766256885,0.25579433357610404,nan,0.5493236940639241,-6.125743865966797,6.559517860412598,1.2987791299819946,-5.94,6.84,1.65
1743700298.321208,2c08d2cc-7a1c-9d34-25ea-6265acb43d72,b95462a8-e6cc-41e7-dda0-af934bd3a162,23,-78.0,-65.0,-70.0,-73.0,-55.0,-58.0,-58.0,3.127800674936491,-0.7788348028909481,-2.8126360662660064,-0.1786315301170649,-1.7176125263530515,-1.5908703268268785,-2.0378190801834335,0.8762650866328973,0.5796006591068665,0.28273579541929367,1.050205525068815,0.09471713560869219,0.8550361444505767,0.4636723455082643,-6.118671894073486,6.578596115112305,1.3162504434585571,-5.94,6.84,1.65
1743700299.325398,2c08d2cc-7a1c-9d34-25ea-6265acb43d72,2af0f99f-a00e-4880-d02b-37acae3e0138,25,-80.0,-65.0,-70.0,-74.0,-55.0,-61.0,-56.0,3.080990292456168,-0.7788348028909481,-2.771208198664843,0.2541396038718635,-1.8755558425090746,-1.3802794942745307,-2.0982561684289873,0.8256160237573343,0.6186979944381019,0.28087321384240593,1.0323616799750115,0.1328105873400449,0.8210397673829377,0.45244150025885405,-6.118625164031982,6.593375205993652,1.323792576789856,-5.94,6.84,1.65
1743700300.320672,2c08d2cc-7a1c-9d34-25ea-6265acb43d72,cc1177e7-e029-71ae-7b2d-fb8bdee5103b,20,-81.0,-61.0,-71.0,-75.0,nan,-58.0,nan,-3.1341826741727568,-0.7788348028909481,-2.826203007807197,-0.7552218850857604,nan,-2.087557245879661,nan,0.8522548251930699,0.7063006145464137,0.34480725607874746,1.0204986954782809,nan,0.6690271014447305,nan,nan,nan,nan,-5.94,6.84,1.65
1743700301.322105,2c08d2cc-7a1c-9d34-25ea-6265acb43d72,d1b430d5-5b48-8838-f0eb-06b93f3493cf,8,-78.0,-57.0,-75.0,-69.0,-54.0,-57.0,-57.0,3.1285697958593057,-0.7788348028909481,-2.7954328445724217,-0.9118916572734869,-1.8174921561094328,-2.721989511130449,-2.203909057562786,0.910165529412952,0.7576165329589325,0.3420514502722471,1.1965060798152363,0.22390307021976996,0.8276881376142692,0.3169075698695674,-6.119080066680908,6.616092681884766,1.3253095149993896,-5.94,6.84,1.65
1743700302.325688,2c08d2cc-7a1c-9d34-25ea-6265acb43d72,0f781580-7222-7bd3-91ae-2bafacb08eb6,16,-78.0,-61.0,-73.0,-71.0,nan,-57.0,-74.0,-3.100891296334003,-0.7788348028909481,-2.7907499421116264,-0.9067578816401412,nan,-1.2516061628892214,-2.2837130145370144,0.9222911015931645,0.7199744820053711,0.39051042933586977,1.0800085613537282,nan,1.016201887561216,0.258345266091376,-6.111849784851074,6.626360893249512,1.32733690738678,-5.94,6.84,1.65
1743700303.322598,2c08d2cc-7a1c-9d34-25ea-6265acb43d72,6d3fdf6f-895e-fc5b-de77-4469a66052b6,10,-79.0,-59.0,-73.0,-67.0,-50.0,-57.0,-58.0,-3.13302473173079,-0.7788348028909481,-2.7591041315104325,-0.8841630903196909,-1.8093167181818803,-2.342811410969041,-2.3107893145028404,0.912516301707165,0.734663413313812,0.34990408035196835,1.1539807235288508,0.30382702243462045,0.9399458313607844,0.2281323343132087,-6.0953168869018555,6.6312837600708,1.2951151132583618,-5.94,6.84,1.65
1743700304.333192,2c08d2cc-7a1c-9d34-25ea-6265acb43d72,2719f6b7-e277-1a3e-5650-c1c12e3a74b0,6,-77.0,-59.0,-79.0,-69.0,-53.0,-57.0,-58.0,3.1032548518014487,-0.7788348028909481,-2.773844728144021,-0.8258510477235339,-1.7567834977260843,-2.917162115592326,-2.231977711952853,0.9647006103721313,0.6813593785685218,0.2536090189589357,1.3302793245310065,0.37753327920780233,0.8952123414769405,0.24318226943252452,-6.07721996307373,6.6190996170043945,1.317725658416748,-5.94,6.84,1.65
1743700305.319661,2c08d2cc-7a1c-9d34-25ea-6265acb43d72,a12c6b1f-5839-7056-3df0-f45d31354b6f,18,-79.0,-61.0,-71.0,-75.0,nan,nan,nan,3.0534425541403887,0.7963368312588397,-2.7279712457351883,-0.8983276452094954,nan,nan,nan,0.8797512310788383,0.6600557543235692,0.3628390537664832,1.1828569797544166,nan,nan,nan,-6.056445598602295,6.59891700744629,1.3298094272613525,-5.94,6.84,1.65
1743700306.320672,2c08d2cc-7a1c-9d34-25ea-6265acb43d72,7b285395-e358-7176-d797-49147beb59aa,28,-77.0,-64.0,-71.0,-78.0,-58.0,nan,nan,3.121158751177833,-0.7788348028909481,-2.702283991756938,-0.9235515091580718,-1.262485780414553,nan,nan,0.8257574376112176,0.6486770656710693,0.353275975187145,1.2244909760239522,0.5769016325664218,nan,nan,-6.04886293411255,6.561885833740234,1.366398811340332,-5.94,6.84,1.65
1743700307.320205,2c08d2cc-7a1c-9d34-25ea-6265acb43d72,44fd8d43-8a15-2110-fcb0-bd3963ccfc07,9,-79.0,-57.0,-74.0,-68.0,nan,-59.0,nan,3.07454704051483,0.7963368312588397,-2.7049420928409464,-0.9003148960149125,nan,2.8729673033519805,nan,0.8616721622817536,0.6001782390596363,0.28270906393985207,1.303659032064847,nan,0.5594026223161065,nan,-6.049171447753906,6.520895957946777,1.4125547409057617,-5.94,6.84,1.65
1743700308.32312,2c08d2cc-7a1c-9d34-25ea-6265acb43d72,9ede11f5-0059-fff1-0d52-645ace89d7fa,20,-81.0,-61.0,-70.0,-77.0,nan,nan,-62.0,3.121983265851322,-0.7788348028909481,-2.7260127570695443,-0.8816418757157128,nan,nan,-2.2161026010551153,0.8896966064326576,0.6086965595433366,0.3588589928068734,1.2050194068718927,nan,nan,0.3342169138524848,nan,nan,nan,-5.94,6.84,1.65
1743700309.263568,2c08d2cc-7a1c-9d34-25ea-6265acb43d72,51499f08-47be-21d1-02b2-4e47824a0bfd,7,-77.0,-58.0,-76.0,-69.0,-53.0,-57.0,-57.0,2.8792095008796985,-0.7788348028909481,-2.7404657323054042,-0.8962208184711336,-1.580075669444048,2.860185644493725,-2.1942772893784963,0.9644474769105194,0.7561832196602517,0.3306561834419615,1.4278592779262183,0.4886112103803442,0.6265956528488427,0.2429407978059402,-6.070409774780273,6.47905397415161,1.3880722522735596,-5.94,6.84,1.65
1743700310.320848,2c08d2cc-7a1c-9d34-25ea-6265acb43d72,b7bfe1ed-6f71-a0f9-0dcb-184da4abc789,4,-81.0,-59.0,-81.0,-68.0,-52.0,-58.0,-56.0,2.8449708366412034,-0.7788348028909481,-2.756867608826984,-0.8831204627529249,-1.580075669444048,2.9870197484777856,-2.1324964092366256,0.9185660715974434,0.8373753447086337,0.3277669865543618,1.4082264543701541,0.4886112103803442,0.6574146870263262,0.4072047091804439,-6.105175971984863,6.433612823486328,1.3670847415924072,-5.94,6.84,1.65
1743700311.323296,2c08d2cc-7a1c-9d34-25ea-6265acb43d72,fdde9436-ec5d-1650-19a3-fe553d49ae18,15,-82.0,-61.0,-75.0,-71.0,-50.0,-57.0,nan,2.81964151151346,0.7963368312588397,-2.75843381386406,-0.883189438625158,-1.6132794461746534,1.6663896573720045,nan,0.9546465114668098,0.8386689086291125,0.36813008906219813,1.299783999520727,0.45193047397511005,1.2200606171924222,nan,-6.139140605926514,6.382564067840576,1.3592811822891235,-5.94,6.84,1.65
1743700312.325354,2c08d2cc-7a1c-9d34-25ea-6265acb43d72,ea16f52c-55cf-e8d8-4290-f100915ff5ee,31,-75.0,-68.0,-75.0,-87.0,-55.0,nan,-58.0,2.885472723131347,-0.7788348028909481,-2.7775734199862416,-0.8847204899358445,-1.643910476802157,nan,-2.162083569631313,0.9519218313555495,0.7881675846150216,0.414752485659075,1.311625212675546,0.35947594226310436,nan,0.2767370458379076,-6.165485382080078,6.33108901977539,1.35010826587677,-5.94,6.84,1.65
1743700313.32329,2c08d2cc-7a1c-9d34-25ea-6265acb43d72,fa181003-0fdd-4b4e-0081-6495688c9f14,36,-80.0,-68.0,-84.0,-82.0,-53.0,-62.0,-61.0,2.9309824177352746,-0.7788348028909481,-2.7930711533177397,-0.7754453977716042,-1.8009079684965552,-1.5707963263139229,-2.2009779673568866,0.9447859577937097,0.8047573471515068,0.5371734403066508,1.2507884933659943,0.45491586167105225,1.361356816555577,0.2224637652595629,-6.18647050857544,6.277369022369385,1.3460400104522705,-5.94,6.84,1.65
1743700314.321002,2c08d2cc-7a1c-9d34-25ea-6265acb43d72,0c6937a4-e239-3163-3931-c295fffefe60,33,-78.0,-71.0,-81.0,-88.0,-55.0,nan,-60.0,2.9406811177931256,-0.7788348028909481,-2.878255822893341,-0.5768516110716323,-1.8064984483934858,nan,-2.2443356105928656,1.0113731076870154,0.8212855906668111,0.4835777228429696,1.1405325589722781,0.37068560439526166,nan,0.19996221126694408,-6.196110248565674,6.215671062469482,1.3913347721099854,-5.94,6.84,1.65
1743700315.320273,2c08d2cc-7a1c-9d34-25ea-6265acb43d72,d954c15c-6490-386e-50dc-e21bd2550ef3,29,-75.0,-65.0,-73.0,-81.0,-56.0,nan,-57.0,3.033535424992046,-0.7788348028909481,-2.861323710998726,-0.6096239388139294,-1.7318491120812898,nan,-2.2009779673568866,0.9033847218034469,0.8426601881548142,0.4494307379250009,1.1871491964832972,0.2709185204605117,nan,0.2224637652595629,-6.20337152481079,6.1679816246032715,1.3891489505767822,-5.94,6.84,1.65
1743700316.323143,2c08d2cc-7a1c-9d34-25ea-6265acb43d72,00685a5c-15be-ed74-42b7-41f9b3eb2646,15,-79.0,-61.0,-75.0,-72.0,-50.0,-56.0,-66.0,3.052551460439648,-0.7788348028909481,-2.8315487710633134,-0.8825393610030695,-1.6951256280572684,-0.5336733158970556,-2.2616313016502247,1.0590345698727002,0.7784385245207442,0.4697329137315428,0.9844271106195391,0.3456874644503454,1.1127370132077725,0.2041484729431872,-6.199652671813965,6.115891456604004,1.4030587673187256,-5.94,6.84,1.65
1743700317.326955,2c08d2cc-7a1c-9d34-25ea-6265acb43d72,5fc5c289-ed2b-1592-7770-5de2198aa3e7,31,-75.0,-69.0,-75.0,-88.0,-55.0,nan,-58.0,3.06996214238215,-0.7788348028909481,-2.830042487150765,-0.8160298422555397,-1.7486025257390554,nan,-2.232236021065145,1.04249847003218,0.6250126156987887,0.34502530239299767,0.9811098105867092,0.23879673516130728,nan,0.174346121149145,-6.19277286529541,6.068159580230713,1.4281326532363892,-5.94,6.84,1.65
1743700318.323333,2c08d2cc-7a1c-9d34-25ea-6265acb43d72,6940694d-60a1-7968-ab5e-dacf3575f0f2,5,nan,-58.0,-80.0,-68.0,-54.0,-57.0,-58.0,nan,-0.7788348028909481,-2.773202906321312,-1.1304494316110743,-1.7153011581674313,-2.6081424154772814,-2.2169658399131813,nan,0.8061336688028597,0.25207823396435813,1.4101817472424902,0.2995234982286313,1.3287796761509685,0.28564830083324716,-6.181851387023926,6.030015468597412,1.428318738937378,-5.94,6.84,1.65
1743700319.325949,2c08d2cc-7a1c-9d34-25ea-6265acb43d72,dddf174a-1aae-5065-2185-d4e1efb0263d,3,-82.0,-59.0,-82.0,-68.0,-55.0,nan,nan,3.0414087944387562,-0.7788348028909481,-2.7122069299785734,-1.05349725875518,-1.6706181077071474,nan,nan,1.0227121818183003,0.7905262798134776,0.20637860604043695,1.3918448178728586,0.40749643465837004,nan,nan,nan,nan,nan,-5.94,6.84,1.65
1743700320.320602,2c08d2cc-7a1c-9d34-25ea-6265acb43d72,da7bf886-678b-101c-cbd6-485e02771dd4,15,-78.0,-61.0,-75.0,-70.0,-50.0,-55.0,-75.0,-3.1106262153826787,-0.7788348028909481,-2.7196272957238614,-1.1184166040158237,-1.6515935217008317,-0.36429424151870327,-2.2557349415668653,1.0927550495420928,0.7973279266585127,0.2155572240269087,1.2326992379777402,0.42925965580588177,1.273035463325884,0.2263123114696448,-6.150803089141846,6.00373649597168,1.4049017429351807,-5.94,6.84,1.65
1743700321.3236,2c08d2cc-7a1c-9d34-25ea-6265acb43d72,67e58db1-eb69-d44a-0ac9-7b1233a48f19,12,-79.0,-59.0,-73.0,-67.0,nan,nan,-61.0,2.967671190176642,0.7963368312588397,-2.7361679229382343,-0.9251185131434745,nan,nan,-2.2789567841173315,0.8566505723093275,0.8036426144982269,0.15765650666111447,1.0989706012102285,nan,nan,0.20827524696590222,nan,nan,nan,-5.94,6.84,1.65
1743700322.321369,2c08d2cc-7a1c-9d34-25ea-6265acb43d72,83b45699-c080-1bae-0f27-697bf0667b3b,22,-82.0,-63.0,-70.0,-75.0,-52.0,-58.0,-60.0,3.0402018498327323,-0.7788348028909481,-2.727585620009345,-0.9741032334957924,-1.7392266128878573,-0.6276004264892648,-2.223116334755693,0.8202777839312978,0.6629977483797798,0.20242932123617438,1.074703411304236,0.17786684220691096,0.7674079530333774,0.40191144685695945,-6.109740734100342,5.98694658279419,1.405041217803955,-5.94,6.84,1.65
1743700323.323432,2c08d2cc-7a1c-9d34-25ea-6265acb43d72,9d1eefa1-2525-abf1-e8af-5ddecd76f38a,31,-74.0,-69.0,-75.0,-88.0,-55.0,nan,-57.0,3.0714844052612387,-0.7788348028909481,-2.7482711911443176,-1.018843407702742,-1.7378506682473451,nan,-2.1869280452241626,0.9285249624937949,0.7148771916789592,0.24298538640974376,1.0148614492408556,0.2025217461978216,nan,0.2632187499953176,-6.0662970542907715,5.984299182891846,1.4056713581085205,-5.94,6.84,1.65
1743700324.264159,2c08d2cc-7a1c-9d34-25ea-6265acb43d72,d4262e3b-3661-2fa1-5c7a-51c17430e68b,2,-79.0,-58.0,-86.0,-67.0,-56.0,nan,nan,3.070272134333035,-0.7788348028909481,-2.6864339222132227,-0.8918375216329721,-1.7666324744763007,nan,nan,0.9379379053666799,0.7335444861818152,0.16316806833984476,1.2991965061842556,0.41203186537010605,nan,nan,-6.032548904418945,5.99392032623291,1.4094791412353516,-5.94,6.84,1.65
1743700325.264744,2c08d2cc-7a1c-9d34-25ea-6265acb43d72,7806d345-1fdb-82cc-9cfe-87c7a2917684,14,nan,-61.0,-76.0,-69.0,-50.0,-56.0,-62.0,nan,0.7963368312588397,-2.472491006570579,-0.9229950416482997,-1.7351846205619401,-0.467544312095605,-2.2557349415668653,nan,0.7735459647031324,0.14489580385043166,1.2254401266364565,0.4436693610419558,0.7635752550762862,0.2263123114696448,-6.009775638580322,6.011693000793457,1.4186636209487915,-5.94,6.84,1.65
1743700326.321179,2c08d2cc-7a1c-9d34-25ea-6265acb43d72,62fc2151-43d8-7965-464d-ccb2991b589a,6,-77.0,-58.0,-76.0,-69.0,-54.0,-56.0,-57.0,3.0678353419356124,0.7963368312588397,-2.6377233742951285,-0.9293392239970866,-1.721912596585491,-2.354288213989878,-2.2113534429701045,0.9309825275477199,0.7560469989704943,0.13053762882700004,1.3943631029996375,0.39218390685238796,1.4474613369352138,0.24844300335433342,-5.999884605407715,6.0579514503479,1.3682584762573242,-5.94,6.84,1.65
1743700327.319769,2c08d2cc-7a1c-9d34-25ea-6265acb43d72,78d18db1-7be5-41fb-7af1-6a8f05c7df77,15,-81.0,-61.0,-75.0,-72.0,nan,nan,-67.0,3.112284565793471,0.8095037660043005,-2.6887492744649375,-0.9739519659458759,nan,nan,-2.2760728885317514,1.068654107467148,0.6840498370597743,0.12974354909134406,1.187020166328483,nan,nan,0.21960857592540595,nan,nan,nan,-5.94,6.84,1.65
1743700328.323732,2c08d2cc-7a1c-9d34-25ea-6265acb43d72,97af090f-18d3-fbdd-6e91-b7e2534e2698,20,-84.0,-61.0,-71.0,-78.0,-51.0,-57.0,-61.0,-2.863089653117558,0.7963368312588397,-2.7316077922036914,-0.9985076427769515,-1.7540054024497065,-2.5358146846825704,-2.137247994609506,1.0102419965930316,0.5356806386471205,0.1963355426088823,1.044355891734456,0.16259279348133188,0.7751404675350095,0.5221929494459893,-5.995660781860352,6.112970352172852,1.35618257522583,-5.94,6.84,1.65
1743700329.321593,2c08d2cc-7a1c-9d34-25ea-6265acb43d72,b60e15e0-ddb4-38ef-f03c-dd01ae71ccbb,8,-80.0,-58.0,-74.0,-68.0,-53.0,nan,-57.0,3.042950232077694,0.8087591461635144,-2.7813521792569547,-0.9895164114626805,-1.7608760896934386,nan,-2.26223451925484,0.9912250956180753,0.5447302930578051,0.15659598598077445,1.1065638061102625,0.22921742782310142,nan,0.365884631348916,-6.006618976593018,6.183411598205566,1.3444503545761108,-5.94,6.84,1.65
1743700330.320699,2c08d2cc-7a1c-9d34-25ea-6265acb43d72,6e79d0be-917f-4ae4-fcec-328eaa6d7898,8,-80.0,-58.0,-74.0,-68.0,-54.0,-57.0,-57.0,3.0097480701354584,0.8162913646745854,-2.7350952016511503,-0.9734666048372089,-1.7505284429120502,3.0994954800997996,-2.297456719074068,0.8970818850305835,0.5481576815121962,0.16169404196599954,1.2014816636798311,0.25907517337777525,0.5930011102822185,0.27487294000254425,-6.02037525177002,6.257989883422852,1.326416015625,-5.94,6.84,1.65
1743700331.323675,2c08d2cc-7a1c-9d34-25ea-6265acb43d72,60421928-ff98-9fc9-7327-83dc6b946f6f,33,-77.0,-70.0,-79.0,-85.0,-56.0,nan,-59.0,3.0495197178547016,0.7963368312588397,-2.7399847654125358,-0.9816353188488091,-1.8078285444141695,nan,-2.2760728885317514,0.9942632297896378,0.6023896614498109,0.12641032834862248,1.2383962721816377,0.28223634237019196,nan,0.21960857592540595,-6.03712272644043,6.332398414611816,1.3288207054138184,-5.94,6.84,1.65
1743700332.321672,2c08d2cc-7a1c-9d34-25ea-6265acb43d72,c1e33c66-2098-f1d4-651b-7af3861d0a57,34,-76.0,-70.0,-79.0,-84.0,-56.0,nan,-58.0,3.0609856916119287,0.7963368312588397,-2.84640255204323,-0.9630957229202224,-1.8208252050691434,nan,-2.2124691165609396,1.014215566097484,0.6267652420121699,0.18789267280781546,1.2312909583933063,0.3396733808924173,nan,0.18098847945816457,-6.06001329421997,6.402495384216309,1.3926717042922974,-5.94,6.84,1.65
1743700333.323739,2c08d2cc-7a1c-9d34-25ea-6265acb43d72,c3668a61-4ad3-14e0-15b6-0da17dad04e1,25,-81.0,-65.0,-69.0,-78.0,-54.0,-61.0,-56.0,3.074272202290334,-0.7788348028909481,-2.7584300854385337,-0.9485379522954678,-1.8309243535633326,-2.215362239081336,-2.20035706886222,0.8973608511547694,0.633598846790286,0.19431828130693138,1.2184667724801386,0.17818628350987475,1.1513162264747903,0.40422365624476136,-6.083477973937988,6.4683356285095215,1.4357450008392334,-5.94,6.84,1.65
1743700334.263407,2c08d2cc-7a1c-9d34-25ea-6265acb43d72,eadabc41-e895-6cb3-3e19-7b29edda8b18,25,-81.0,-65.0,-69.0,-78.0,-54.0,nan,nan,3.0267997579630173,-0.7788348028909481,-2.7417014390512007,-0.9008909377586967,-1.793031849008161,nan,nan,0.8209195391749797,0.6090684034105389,0.1896766411982755,1.2320431682431987,0.10241957673509039,nan,nan,nan,nan,nan,-5.94,6.84,1.65
1743700335.319777,2c08d2cc-7a1c-9d34-25ea-6265acb43d72,3bd62c9a-40cd-f464-e9b0-ec33ebfca9b1,7,-79.0,-58.0,-75.0,-68.0,-53.0,-58.0,-56.0,-3.1146491865253525,-0.7788348028909481,-2.7115035891346833,-0.9081151616897,-1.7837041261258675,-3.0456632084267254,-2.272465450945813,1.0172246718131646,0.6434672567886018,0.17527706234227153,1.477881033207013,0.20823976653484108,0.992730758545293,0.29237261452828955,-6.104730129241943,6.53240203857422,1.4402748346328735,-5.94,6.84,1.65
1743700336.324231,2c08d2cc-7a1c-9d34-25ea-6265acb43d72,95adf1d4-5ee6-d1e7-8e53-ace2d686371b,5,-83.0,-58.0,-82.0,-68.0,-52.0,-58.0,-56.0,3.041398674426614,-0.7788348028909481,-2.6628716044687466,-0.792241954766734,-1.7642231838733842,3.141592653589793,-2.2345101571864814,0.9586827318359066,0.6621778276591715,0.16660481114756476,1.4828393065245227,0.33380282383666593,0.8377580410315927,0.3805626552743184,-6.12317132949829,6.591094017028809,1.4119904041290283,-5.94,6.84,1.65
1743700337.326245,2c08d2cc-7a1c-9d34-25ea-6265acb43d72,9785b79b-6567-1fd3-2905-0e24cc13b414,31,-75.0,-68.0,nan,-84.0,-55.0,nan,-59.0,3.0103291718853136,-0.7788348028909481,nan,-0.8433935561399949,-1.7817133163934094,nan,-2.207720947074694,0.9420877761352958,0.6565668135584835,nan,1.4716020983049334,0.3232863839763041,nan,0.25884858239441394,-6.140626907348633,6.646490573883057,1.4047176837921143,-5.94,6.84,1.65
1743700338.325304,2c08d2cc-7a1c-9d34-25ea-6265acb43d72,48c7a3fc-901a-c1ad-8ea2-e9372c7a17e6,1,-77.0,-58.0,nan,-67.0,-57.0,-62.0,-54.0,3.0031993570149536,-0.7829054446171341,nan,-0.7012577192852668,-1.7668902005800684,0.32242154704912734,-2.0523843553449495,0.9460219974346427,0.6186032524823223,nan,1.468008561888035,0.4696887603515479,1.4604322058748065,0.42060187607200256,-6.157387733459473,6.684853553771973,1.4194499254226685,-5.94,6.84,1.65
1743700339.320615,2c08d2cc-7a1c-9d34-25ea-6265acb43d72,65d1aab8-d3f4-821a-40eb-ba634ae3343b,36,-79.0,-68.0,nan,-85.0,-53.0,-62.0,-60.0,3.072784027873198,-0.7788348028909481,nan,-0.6459377381738138,-1.8774689205212998,-1.4352919870265528,-2.120294753639189,0.9046931328470027,0.6175700125583988,nan,1.4283125479437497,0.5163830409629435,1.2007234422798196,0.2817898752382721,-6.17591905593872,6.72041940689087,1.4598252773284912,-5.94,6.84,1.65
1743700340.321753,2c08d2cc-7a1c-9d34-25ea-6265acb43d72,ff93e067-525c-f3d9-5ba4-586e7da7f8b4,23,-80.0,-64.0,nan,nan,nan,nan,-57.0,-3.1349938730407945,-0.7788348028909481,nan,nan,nan,nan,-2.1182724926416756,0.8277031431036295,0.683561413315854,nan,nan,nan,nan,0.3615644819311096,nan,nan,nan,-5.94,6.84,1.65
1743700341.309095,2c08d2cc-7a1c-9d34-25ea-6265acb43d72,88781835-e5fa-33f6-5ea1-6ad7077ffdf7,18,-81.0,-61.0,nan,nan,-49.0,-57.0,-66.0,3.0223970200488988,-0.7788348028909481,nan,nan,-1.8357509738711628,-0.7622676677972198,-1.4261064346538235,0.8748590707353899,0.7353007077626679,nan,nan,0.20180678004848218,0.7290267871417849,0.6854510147271721,-6.184825897216797,6.743685722351074,1.493757724761963,-5.94,6.84,1.65
1743700342.321093,2c08d2cc-7a1c-9d34-25ea-6265acb43d72,34617f07-bb1a-6a12-b2b7-a82695e34b53,14,-78.0,-61.0,-76.0,nan,-50.0,nan,-63.0,3.0832955246957403,-0.7788348028909481,-2.785718698180249,nan,-1.814804139245286,nan,-2.002472891105801,1.0411935210980414,0.8003558742389055,0.5662475694012093,nan,0.34394107474053914,nan,0.5900103348387198,-6.189645290374756,6.740870475769043,1.4280014038085938,-5.94,6.84,1.65
1743700343.32044,2c08d2cc-7a1c-9d34-25ea-6265acb43d72,33a045e0-ed00-a02d-74a4-a1a704629cca,0,-76.0,-60.0,-75.0,nan,nan,-63.0,nan,3.048662712615914,-0.7788348028909481,-2.8078695405469825,nan,nan,-0.26826884109507504,nan,1.0804103657831938,0.8294752104929682,0.48343218108939673,nan,nan,0.7671901028514471,nan,nan,nan,nan,-5.94,6.84,1.65
1743700344.328116,2c08d2cc-7a1c-9d34-25ea-6265acb43d72,68f444c9-8867-e5f2-f804-3917e0d1a679,27,-78.0,-64.0,-71.0,nan,-53.0,-69.0,-56.0,3.0920908805118366,-0.7788348028909481,-2.774432754112711,nan,-1.9165268013628025,-0.8568031864195564,-2.0828133669610858,0.7704102256776186,0.8627103290536938,0.4293552969957655,nan,0.2414118786221542,0.9520117226207135,0.44191844581577705,-6.189842700958252,6.720043659210205,1.3476289510726929,-5.94,6.84,1.65
1743700345.264187,2c08d2cc-7a1c-9d34-25ea-6265acb43d72,08f8d825-85e1-1ace-df41-9f483480338f,3,-81.0,-61.0,-82.0,-67.0,-55.0,-62.0,-56.0,3.137629869887755,-0.7788348028909481,-2.820291855451657,-1.1234064357922509,-1.788706355227008,-0.33223776599425275,-2.0332855317062903,0.7905182237511803,0.9106123412648401,0.34165194281922157,1.4406258064017856,0.4012741022665724,0.8097257782858449,0.5188838770244907,-6.213486194610596,6.695322513580322,1.2743299007415771,-5.94,6.84,1.65
1743700346.328575,2c08d2cc-7a1c-9d34-25ea-6265acb43d72,51758b2e-edfe-9526-c560-b83ff46eece2,20,-81.0,-61.0,-70.0,-75.0,-51.0,-58.0,-61.0,3.1374855265566732,-0.8343140410355877,-2.8084282717436815,-1.119909305806813,-1.7760980775824122,-2.0735406475674023,-2.086327136095843,0.8750518835983119,0.895793381116176,0.4521392726221523,1.3554287531271154,0.16360903859743497,1.0053825441225044,0.5468651733292874,-6.243360996246338,6.6806840896606445,1.3360661268234253,-5.94,6.84,1.65
1743700347.321839,2c08d2cc-7a1c-9d34-25ea-6265acb43d72,4e05b339-0bf4-7182-319a-b4e1cb3d22f2,4,-87.0,-58.0,-79.0,-68.0,-52.0,-60.0,-56.0,3.0714551104892482,-0.7827728191948482,-2.773626881566853,-1.0761924512487264,-1.7817133163934094,-2.7783467969107405,-2.0713794378433055,0.8764753432009591,0.8653461927425997,0.26054174326387314,1.4016194180217765,0.3232863839763041,0.9457245355558933,0.5350146297375514,-6.29170036315918,6.6637349128723145,1.3627111911773682,-5.94,6.84,1.65
1743700348.264461,2c08d2cc-7a1c-9d34-25ea-6265acb43d72,f8dbf9ca-f20c-a718-c43e-e4f17d8be249,28,-76.0,-65.0,-72.0,-80.0,-55.0,nan,nan,3.082484325827702,-0.7788348028909481,-2.781453113062269,-1.0415886676247819,-1.8213063645377165,nan,nan,0.8272817644401517,0.8005677952826487,0.25891974500196036,1.3954547327304607,0.2196085759166845,nan,nan,-6.353004455566406,6.64278507232666,1.4135797023773193,-5.94,6.84,1.65
1743700349.32789,2c08d2cc-7a1c-9d34-25ea-6265acb43d72,1de6fec5-9541-dae4-75da-e49fad9cfcaa,11,-77.0,-59.0,-73.0,-67.0,nan,-54.0,-58.0,2.9633366291864296,-0.7788348028909481,-2.7143880589113483,-0.9940457826866328,nan,-2.80097071914241,-2.162028297786557,0.7921663209917756,0.8032703045778339,0.22016652337307693,1.2877355924330993,nan,0.6004519771043143,0.3596124464612647,-6.41328001022339,6.620200157165527,1.3453528881073,-5.94,6.84,1.65
1743700350.327072,2c08d2cc-7a1c-9d34-25ea-6265acb43d72,bf48a91b-fdd3-c83a-fe86-868981d934e9,3,-83.0,-59.0,-85.0,-68.0,-52.0,-62.0,-53.0,2.9813672950307017,-0.7788348028909481,-2.6570262321921314,-0.8957497052742986,-1.7653731249670384,-2.9695911381427904,-2.1746095910932524,0.8382481957559074,0.8138748788804747,0.11936196459572673,1.4104729639076905,0.39306581234998483,0.621265879368717,0.44461336033707777,-6.48221731185913,6.578755855560303,1.2248038053512573,-5.94,6.84,1.65
1743700351.264067,2c08d2cc-7a1c-9d34-25ea-6265acb43d72,5d327b55-48c2-bfda-13cf-d17e2541e5d4,18,nan,-60.0,-71.0,nan,nan,nan,nan,nan,-0.7788348028909481,-2.689872862128842,nan,nan,nan,nan,nan,0.793084046303417,0.13903831419085685,nan,nan,nan,nan,nan,nan,nan,-5.94,6.84,1.65
1743700352.263677,2c08d2cc-7a1c-9d34-25ea-6265acb43d72,8b274aee-ad67-90cc-1ec8-6c0e47825519,17,-78.0,-61.0,-72.0,-75.0,-50.0,-59.0,-73.0,2.9847851959737093,-0.7788348028909481,-2.72576694730093,-0.9502996333565551,-1.7458415891357382,-1.3049364673890225,-2.2640832264315787,0.9177864977673499,0.8146372753215373,0.19420914163650857,1.374685272021151,0.14510441736365504,1.190261636415344,0.3147941848051927,-6.549498081207275,6.546077728271484,1.1852902173995972,-5.94,6.84,1.65
1743700353.324612,2c08d2cc-7a1c-9d34-25ea-6265acb43d72,3c86891e-a273-f86b-d747-839e54a09e5d,6,nan,-57.0,nan,-70.0,-52.0,nan,-55.0,nan,-0.7788348028909481,nan,-0.9959841644860469,-1.8038467270501404,nan,-2.3044660953791753,nan,0.7308994345871485,nan,1.15585745314903,0.3298813585630694,nan,0.2515890493175618,-6.629430294036865,6.452980995178223,1.243080496788025,-5.94,6.84,1.65
1743700354.326934,2c08d2cc-7a1c-9d34-25ea-6265acb43d72,a6e67a34-afaa-9f58-6681-4d606268214d,31,-76.0,-68.0,-74.0,-87.0,-55.0,nan,-60.0,3.078067739475915,-0.7788348028909481,-2.7498741478044364,-0.9166388750746077,-1.7985165906223133,nan,-2.214821185650664,0.9795846182304206,0.6858824247848851,0.16373272506996883,1.1877874230385348,0.31189184484262267,nan,0.23798774610259443,-6.717426776885986,6.34546661376953,1.3074793815612793,-5.94,6.84,1.65
1743700355.327018,2c08d2cc-7a1c-9d34-25ea-6265acb43d72,cccc711e-c79b-5028-78b4-76075a3c5372,1,-80.0,-57.0,-79.0,-68.0,nan,nan,nan,3.0339977497572836,-0.8108856802939427,-2.82383998497197,-0.9364690388674466,nan,nan,nan,1.0317624021507166,0.6931385400699422,0.20450240905247613,1.3863627007689305,nan,nan,nan,nan,nan,nan,-5.94,6.84,1.65
1743700356.324497,2c08d2cc-7a1c-9d34-25ea-6265acb43d72,94380c35-48c1-76fd-3ca8-399550fee97a,13,-77.0,-61.0,-76.0,-69.0,-51.0,-53.0,-59.0,3.094380666417086,-0.7788348028909481,-2.805532616690438,-0.9227485660894129,-1.788706355227008,-2.633584933017643,-2.2270694452519706,0.9441296883220869,0.7162886004776741,0.2805373226499197,1.2101534488213472,0.4012741022665724,0.9683680826150609,0.1957178150385102,-6.788700103759766,6.27422571182251,1.3939746618270874,-5.94,6.84,1.65
1743700357.321753,2c08d2cc-7a1c-9d34-25ea-6265acb43d72,540c2fda-a373-c0b2-1a9d-4114c63e94d3,23,-81.0,-64.0,-70.0,-75.0,-53.0,-58.0,-57.0,-3.123918052383264,-0.7788348028909481,-2.7688465074101605,-0.9092679109675408,-2.3659095235504757,-1.2551317677617737,-2.2161026010551153,0.9696571526349322,0.6615237552954482,0.2087152802256293,1.2558614157684316,1.1661942956589118,1.0542572339089407,0.3342169138524848,-6.83618450164795,6.214929103851318,1.460332989692688,-5.94,6.84,1.65
1743700358.331372,2c08d2cc-7a1c-9d34-25ea-6265acb43d72,1a232ae8-6414-5b47-9fe8-0294642e67e3,27,-81.0,-64.0,-70.0,-77.0,-54.0,-63.0,-56.0,-3.109719142715398,-0.8892398743057089,-2.747275701528846,-0.8921176861796485,-2.24487092905112,-1.3509942886922626,-2.162083569631313,0.8774456659441295,0.7352109592339322,0.2372909487879091,1.3916670518700955,0.5424452603509033,0.9425627452187154,0.2767370458379076,-6.87751865386963,6.1540117263793945,1.2703171968460083,-5.94,6.84,1.65
1743700359.321813,2c08d2cc-7a1c-9d34-25ea-6265acb43d72,fe7021be-5543-b590-517b-493c973f79a2,18,-78.0,-60.0,-71.0,-77.0,-49.0,-56.0,-69.0,-3.085995703724972,-0.7977869224723878,-2.757033790079005,-0.9354481160635648,-1.9546037393117428,-2.231869012800076,-2.2698075906177917,0.9896730719138044,0.7125236230656018,0.3106557770764392,1.2336561117574054,0.21291414122600003,0.7573506843540223,0.24215464689698832,-6.881443977355957,6.0912628173828125,1.2091069221496582,-5.94,6.84,1.65
1743700360.328432,2c08d2cc-7a1c-9d34-25ea-6265acb43d72,f08d28e7-49f1-5b03-5512-061600529efa,12,-79.0,-60.0,-73.0,-68.0,-47.0,-53.0,-59.0,-3.062400895415197,-0.7788348028909481,-2.8343352365118633,-0.8858035975511797,-1.8993763573795353,-2.6355975222056656,-2.2789567841173315,0.9526414174820891,0.741569922126769,0.3693122662700843,1.0295503139702693,0.34413305617816325,0.6331524771606769,0.20827524696590222,-6.859233856201172,6.030807971954346,1.200057864189148,-5.94,6.84,1.65
1743700361.324813,2c08d2cc-7a1c-9d34-25ea-6265acb43d72,ce681b33-26fe-c0da-47fe-6990253c6f8c,35,-79.0,-69.0,-83.0,-84.0,-56.0,-62.0,-63.0,-3.0599523851089785,-0.7788348028909481,-2.7761081487544796,-0.8548115929976005,-1.8786282430777663,-2.1134274959193284,-2.2643352009635422,0.9349944465718697,0.7594203585442704,0.38275310713365973,1.1259091414266524,0.4083905927976403,0.8592660596601691,0.19300921440813146,-6.82128667831421,5.9715752601623535,1.2776265144348145,-5.94,6.84,1.65
1743700362.322408,2c08d2cc-7a1c-9d34-25ea-6265acb43d72,16c71a65-c871-35bf-a48c-4a57a870c1d3,27,-79.0,-64.0,-70.0,-78.0,-53.0,-64.0,-55.0,-3.1279673888207298,-0.7788348028909481,-2.7367213278127527,-0.8858701765784316,-1.9508950054524608,-1.7311341305302892,-2.1775653372994532,0.842087275625311,0.7421646059981838,0.2096697072260433,1.178984344055278,0.2541671058984858,0.9151968389708944,0.33008555168494247,-6.773483753204346,5.94192886352539,1.3437283039093018,-5.94,6.84,1.65
1743700363.323735,2c08d2cc-7a1c-9d34-25ea-6265acb43d72,c4c7ab42-fd1a-0ef9-886a-395133d7f42b,7,-80.0,-57.0,-74.0,-69.0,-52.0,-55.0,-56.0,3.0496981496477367,-0.7839989385607207,-2.7164770424704066,-0.9214265729242975,-1.874599674813363,-2.790020481061258,-2.1942772893784963,0.8641876510893881,0.7147692004967565,0.13532558467042058,1.3548159597602878,0.3424669260081768,0.9835454895590043,0.2429407978059402,-6.726338863372803,5.909453392028809,1.333727478981018,-5.94,6.84,1.65
1743700364.328229,2c08d2cc-7a1c-9d34-25ea-6265acb43d72,9d156a27-ffdd-8ce7-321b-99656e116f63,24,-81.0,-66.0,-70.0,-76.0,nan,nan,nan,3.06573144467445,-0.8038674518732568,-2.697466333344985,-0.9075758715689591,nan,nan,nan,0.8230047277294845,0.7144675975033051,0.14528226181411577,1.4320388429409885,nan,nan,nan,nan,nan,nan,-5.94,6.84,1.65
1743700365.322663,2c08d2cc-7a1c-9d34-25ea-6265acb43d72,3de42ad6-a3a4-1a07-640b-f718d92c1f71,17,-79.0,-60.0,-72.0,-77.0,-49.0,-56.0,-73.0,3.0336339619523787,-0.8491071019426509,-2.7840896425414474,-0.8764559021250016,-1.7791693455800845,-2.6784220543816577,-2.2587649802759766,0.8982611327612706,0.742045030065239,0.2568354885538371,1.3789778882241954,0.12855285437342073,0.576371219520557,0.21525026774572917,-6.6748685836792,5.94753122329712,1.21826708316803,-5.94,6.84,1.65
1743700366.325025,2c08d2cc-7a1c-9d34-25ea-6265acb43d72,78ea19fe-127f-abdc-418f-893fea583407,2,-78.0,-57.0,-88.0,-67.0,-54.0,-61.0,-53.0,2.9832853036477767,-0.8351087283048674,-3.025123298056813,-0.8153273003599768,-1.8064984483934858,-2.863612455288621,-2.220972568263841,0.8835112150638668,0.7437910650549223,0.19302936127360348,1.4252587011217555,0.37068560439526166,0.6098205370210883,0.2751110185059605,-6.620751857757568,6.024358749389648,1.2170765399932861,-5.94,6.84,1.65
1743700367.263583,2c08d2cc-7a1c-9d34-25ea-6265acb43d72,951200c8-b7e5-0329-b72e-c59b5eb9f2ae,30,-76.0,-66.0,-72.0,-84.0,-56.0,nan,-56.0,3.042838911944129,-0.8478098761756733,-2.956374859780853,-0.8176290704901322,-1.7604223124121123,nan,-2.1698351268033,0.7779094209911727,0.7220509487073058,0.17796077970701482,1.3769601442242967,0.31556723697117506,nan,0.2024137610117444,-6.5851054191589355,6.081512451171875,1.22793710231781,-5.94,6.84,1.65
1743700368.323854,2c08d2cc-7a1c-9d34-25ea-6265acb43d72,5874823e-277a-0e67-db3a-2af6ba86b220,11,-82.0,-59.0,-73.0,-67.0,-48.0,-53.0,-57.0,3.0014193001423446,-0.8600300571536108,-2.8443090411103187,-0.8965547788718295,-1.8029890136841367,-2.881067792327938,-2.2098325063397617,0.834278687572117,0.7839516674513718,0.19475006294341732,1.1496489588577825,0.3934835232376301,0.5088634710785586,0.19141664731905758,-6.5436372756958,6.127148628234863,1.1671125888824463,-5.94,6.84,1.65
1743700369.326508,2c08d2cc-7a1c-9d34-25ea-6265acb43d72,515551d0-cbc6-6eb7-be99-8b30ff9b5667,35,-80.0,-69.0,-82.0,-81.0,-56.0,-63.0,-63.0,3.0015428708169245,-0.8516874387228286,-2.93216219809818,-0.658346737273038,-1.8154196244548202,-2.239928420643438,-2.2495452902983666,0.8420430005721885,0.8434831049316488,0.1657747704148143,1.1237514483114706,0.42741395665635323,0.90447859801815,0.17811659117328632,-6.49141025543213,6.172484397888184,1.2394146919250488,-5.94,6.84,1.65
1743700370.322707,2c08d2cc-7a1c-9d34-25ea-6265acb43d72,d20359ee-3db0-be36-a500-b86061324f1a,16,-81.0,-61.0,-74.0,-74.0,-50.0,nan,nan,3.0706289979191057,-0.8395114662189864,-2.8572384218865445,-0.8523479026731683,-1.762188846836152,nan,nan,0.8849087088458859,0.8079109959353513,0.2039318600784403,1.0074797659104011,0.152840754838197,nan,nan,nan,nan,nan,-5.94,6.84,1.65
1743700371.322701,2c08d2cc-7a1c-9d34-25ea-6265acb43d72,c9961a2d-e1ff-9811-3a19-7b335468d6ed,10,-80.0,-57.0,-73.0,-67.0,-51.0,-57.0,-57.0,2.989652389181938,-0.8496794152609088,-2.7777433296637883,-0.8805108312007561,-1.7841895369507612,-2.658964637006855,-2.2495452902983666,0.897453728897786,0.7548598949145914,0.2393007532388078,1.0606425199598628,0.25579433357610404,0.7422643084916254,0.17811659117328632,-6.45033359527588,6.229253768920898,1.2484451532363892,-5.94,6.84,1.65
1743700372.328838,2c08d2cc-7a1c-9d34-25ea-6265acb43d72,ce75d436-3860-400f-1c2e-c51013a3bba3,7,-78.0,-58.0,-75.0,-68.0,-52.0,-57.0,-57.0,3.0392772003022572,-0.8452175551705902,-2.7484951629919934,-0.8049803868928009,-1.7714752431973855,-3.0225327776218722,-2.217275696425314,0.9448054654486945,0.7696532221377635,0.15156742185524363,1.1719165808383165,0.30879752340487815,0.7469489212996087,0.16002705415883833,-6.420565605163574,6.30155897140503,1.2228994369506836,-5.94,6.84,1.65
1743700373.321927,2c08d2cc-7a1c-9d34-25ea-6265acb43d72,0bdbc951-6059-3f87-1f6c-ae5fde5fe5fc,20,-84.0,-61.0,-70.0,-77.0,-50.0,-58.0,-62.0,3.0745315941805083,-0.7834625779171788,-2.7916037515571057,-0.8764282052496648,-1.7554450540549205,-2.651774366962,-1.5707963266623952,0.8084766513508844,0.7724751076288114,0.1778237267794166,1.1162501224690442,0.13261124851127906,0.45491586169980286,0.715584993317675,-6.397522449493408,6.380221366882324,1.1831154823303223,-5.94,6.84,1.65
1743700374.263629,2c08d2cc-7a1c-9d34-25ea-6265acb43d72,342514fa-683e-6e90-2051-bb884fa4b676,23,-79.0,-64.0,-69.0,-75.0,-54.0,-59.0,-57.0,-3.106135859468696,-0.8105344093461612,-2.7641913018247024,-0.8994895823930968,-2.359575514684278,-1.6738482026439694,-2.0289975084764857,0.8231663816076522,0.7312516376413114,0.23746778268429033,1.0387261689271101,0.9276657745304513,0.9737825461124386,0.5468815071270404,-6.37419557571411,6.43639087677002,1.1715165376663208,-5.94,6.84,1.65
1743700375.321591,2c08d2cc-7a1c-9d34-25ea-6265acb43d72,6cc2ebd5-9ca5-7fc6-9b96-c000a35f41f3,7,-84.0,-58.0,-77.0,-68.0,-53.0,-57.0,-58.0,3.1368841847825326,-0.7962715838121328,-2.7768019022184456,-0.9891172036152777,-1.9582705325111422,-2.8258292669491367,-2.164932446543902,0.8203502884919752,0.7273208784513817,0.2112292543603937,1.270794292632724,0.6178276234500455,1.0428663505653926,0.4256043851637395,-6.354523658752441,6.475683212280273,1.1257892847061157,-5.94,6.84,1.65
1743700376.325893,2c08d2cc-7a1c-9d34-25ea-6265acb43d72,96f10a89-104b-5df4-1fbd-2acf20278134,26,-79.0,-65.0,-70.0,-77.0,-53.0,-63.0,-54.0,3.122824292123569,-0.7958798328157821,-2.7571560291730397,-0.8791763211785175,-2.0381844998846645,-1.706855274822273,-2.217304759402123,0.779708053412385,0.6981719811092192,0.18374474947574662,1.2886270856080035,0.34984526606112587,1.094798811324149,0.48239679065902946,-6.335000038146973,6.51432752609253,1.1443448066711426,-5.94,6.84,1.65
1743700377.328657,2c08d2cc-7a1c-9d34-25ea-6265acb43d72,f99b5f2a-5f08-51d3-2cf7-1be9cd248cd3,27,-80.0,-64.0,-70.0,-78.0,-55.0,-68.0,-56.0,3.140261073044753,-0.8030240287560287,-2.744051945029305,-0.813081722928822,-2.0623385206523595,-1.373182521977694,-2.2424869158661584,0.7760563935046957,0.6806224818948968,0.15831838541578316,1.3521099217766583,0.23600720960282934,0.8919681732876205,0.3195483343302195,-6.314339637756348,6.5585150718688965,1.1303292512893677,-5.94,6.84,1.65
1743700378.325312,2c08d2cc-7a1c-9d34-25ea-6265acb43d72,8ca75f8f-5340-01ad-54df-559cde14e21c,14,-77.0,-61.0,-75.0,-69.0,-50.0,-54.0,-69.0,-3.138859451363045,-0.7788348028909481,-2.6906233409240263,-0.8750244530390839,-1.89966986306839,-0.7589007358336967,-2.2698075906177917,0.8823671210595686,0.6831398349152942,0.22884293575698697,1.0647822707163366,0.39199753565739065,0.9383989112546285,0.24215464689698832,-6.292304039001465,6.585859775543213,1.08807635307312,-5.94,6.84,1.65
1743700379.263555,2c08d2cc-7a1c-9d34-25ea-6265acb43d72,8507cd34-791c-a668-d456-fe733cd85d3d,24,-81.0,-66.0,-69.0,-76.0,-55.0,-63.0,-58.0,-3.1028071744222063,-0.806160167255706,-2.694709961616753,-0.8548483446206436,-2.5275253442107117,-0.9506870416915137,-2.228477029145287,0.8386694412613306,0.7087161016551154,0.2260387935767017,1.0506465445453321,1.0719942686213593,0.7886557401491499,0.25387551665492986,-6.27072286605835,6.610706329345703,1.045172929763794,-5.94,6.84,1.65
1743700380.321575,2c08d2cc-7a1c-9d34-25ea-6265acb43d72,9b339a2d-bc88-d990-adb4-388a58987e17,16,-79.0,-60.0,-73.0,-72.0,-50.0,-56.0,-65.0,-3.0806070635753056,-0.8176671536937203,-2.580479259296093,-1.0458416027275839,-1.8996930063051944,-0.753245573119969,-2.2934142557591213,0.9934470374945559,0.6984470190707972,0.26574948819649585,1.0306502660794994,0.6276147065895504,0.613702030027281,0.22390307022903222,-6.25693416595459,6.6172776222229,1.0077193975448608,-5.94,6.84,1.65
1743700381.325637,2c08d2cc-7a1c-9d34-25ea-6265acb43d72,62ff3dd2-143f-3946-4bd9-e2180318ac47,13,-79.0,-60.0,-76.0,-69.0,-50.0,-54.0,-60.0,-3.0529685114663545,-0.8479094784004422,-2.712385894403827,-0.991082616499756,-1.8058543770314985,-1.9437077906871056,-2.29904504185518,0.9717661764811933,0.6872130066445159,0.290657135055139,1.005540318846551,0.5692322789949816,1.0806854425364087,0.2007425487429814,-6.248201370239258,6.608448028564453,1.0116727352142334,-5.94,6.84,1.65
1743700382.263025,2c08d2cc-7a1c-9d34-25ea-6265acb43d72,998ed538-e310-f396-e667-519e2aeab7d0,29,-77.0,-65.0,-72.0,-80.0,-57.0,nan,-56.0,-3.0573166545781265,-0.8572278790546294,-2.722570887676726,-0.9679681092925768,-1.7674050887553783,nan,-2.232236021065145,0.8610457202143399,0.6528806657146777,0.2843405497131482,0.9241947957193805,0.4503564304058299,nan,0.174346121149145,-6.237546920776367,6.577959060668945,1.0238298177719116,-5.94,6.84,1.65
1743700383.325523,2c08d2cc-7a1c-9d34-25ea-6265acb43d72,1907b280-6ac3-d11d-dff5-1a1fd0c1dace,32,-77.0,-69.0,-76.0,-87.0,-54.0,nan,-59.0,-3.0738540859991916,-0.8450167528243983,-2.761465822765115,-0.8756843843572056,-1.7751461947850884,nan,-2.163227646052524,1.0004954927936138,0.6241200572594487,0.3243340387511952,0.909060250981542,0.4276581049830517,nan,0.15876523551428734,-6.231257438659668,6.535734176635742,1.038930058479309,-5.94,6.84,1.65
1743700384.328669,2c08d2cc-7a1c-9d34-25ea-6265acb43d72,e6b2de8d-1ff9-60df-8ceb-e5eefeaa89c2,30,-76.0,-67.0,-72.0,-84.0,-55.0,-68.0,-56.0,-3.09136516911479,-0.8650767474193111,-2.7525144057091406,-1.035377110698281,-1.786314525367158,-1.7742734507491806,-2.1806379514767573,0.9260812458775382,0.6587936157039533,0.3484843158853335,0.9309752704337495,0.3824017059819207,0.9631068211397871,0.22739861689875798,-6.22438907623291,6.4997172355651855,1.0921443700790405,-5.94,6.84,1.65
1743700385.263002,2c08d2cc-7a1c-9d34-25ea-6265acb43d72,700d48d2-fde5-57de-4f3d-5f1321565786,4,nan,-60.0,-81.0,-68.0,-51.0,-60.0,-57.0,nan,-0.8890811499047402,-2.659820154491734,-0.8698936068829374,-1.7506857915142335,-2.607476401100758,-2.1550183508721505,nan,0.7398378687328088,0.34338516134615876,1.352900614304303,0.45688969021375514,0.9986455911963017,0.4068730229764182,-6.20936155319214,6.46308469772339,1.0772532224655151,-5.94,6.84,1.65
1743700386.32227,2c08d2cc-7a1c-9d34-25ea-6265acb43d72,e7dcefa7-5b9e-cad3-d9e1-48ed3ea5b5f5,31,-75.0,-67.0,-74.0,-86.0,-55.0,nan,nan,-3.131036681977046,-0.8637885764000397,-2.66191499700519,-0.6492536400470715,-1.8129709996942978,nan,nan,0.9460614787978031,0.7463672739354106,0.3268687356081917,1.3135273754841352,0.40832112741112747,nan,nan,nan,nan,nan,-5.94,6.84,1.65
1743700387.323277,2c08d2cc-7a1c-9d34-25ea-6265acb43d72,f3d5a409-a36d-bfcf-67af-714d313d5480,19,-80.0,-60.0,-69.0,-75.0,-50.0,-56.0,-61.0,-3.098759435881395,-0.8559447680414293,-2.672842479590003,-0.9416402319141081,-1.764798393549379,-2.5285695318644343,-1.5435366056934179,0.9629736835632695,0.7416143969169734,0.38904149625760936,1.2611489889547296,0.1494982432911722,0.5686199375347714,0.6627492660985556,-6.191044330596924,6.40956163406372,0.9775758981704712,-5.94,6.84,1.65
1743700388.323607,2c08d2cc-7a1c-9d34-25ea-6265acb43d72,00d0ca9e-abbf-800d-7b0d-293937227642,33,-78.0,-70.0,-78.0,-94.0,nan,nan,-58.0,-3.1025451193709426,-0.858859331538412,-2.729878335391794,-0.8861756411554638,nan,nan,-1.9877535990170272,0.9766981510829383,0.757636772983217,0.3988053771831396,1.2162829803862736,nan,nan,0.5085125931857972,nan,nan,nan,-5.94,6.84,1.65
1743700389.327433,2c08d2cc-7a1c-9d34-25ea-6265acb43d72,e7b8bb8f-1587-c2e3-1087-dd9cafc4badd,13,-77.0,-61.0,-76.0,-68.0,-50.0,-53.0,-66.0,3.118376813103136,-0.8589842337935367,-2.7518342343667346,-0.9980433206408962,-1.7613314771414588,-2.7955847592506027,-2.1785935701950465,1.0207015617743176,0.7029992934801241,0.38042876671326575,0.9704941175865169,0.2942785936623695,0.5314273026885232,0.3676701502046803,-6.16849708557129,6.344613075256348,0.8769837021827698,-5.94,6.84,1.65
1743700390.322352,2c08d2cc-7a1c-9d34-25ea-6265acb43d72,9069b453-94d4-b3cf-c73f-8d136c322c9e,3,-81.0,-59.0,nan,-67.0,nan,nan,-57.0,3.086226067159264,-0.8655457300872739,nan,-1.1939658236094641,nan,nan,-2.0982561684289873,0.9927594093010972,0.6725249408634292,nan,1.3409362299490675,nan,nan,0.45244150025885405,nan,nan,nan,-5.94,6.84,1.65
1743700391.325885,2c08d2cc-7a1c-9d34-25ea-6265acb43d72,ee2c5845-f3f1-24ab-71bc-53038757fc4c,34,-78.0,-70.0,-81.0,-90.0,-56.0,-67.0,-58.0,-3.0804131854479477,-0.8571415926353109,-2.7672587307682552,-1.2139674949765042,-1.758248269094805,-2.1478142972477055,-2.182389914175086,0.937757209886718,0.7471485788202125,0.36433471832418535,1.325578445732853,0.33710665962647873,0.8862887342987329,0.320098644082161,-6.14454460144043,6.28950595855713,0.8112178444862366,-5.94,6.84,1.65
1743700392.329801,2c08d2cc-7a1c-9d34-25ea-6265acb43d72,770d76b9-6551-2efe-f246-ed5ca2f6d948,26,-80.0,-64.0,-69.0,-77.0,-53.0,-63.0,-54.0,3.100514991671975,-0.8584713089675874,-2.7280934848292233,-1.196064527706501,-1.997765853662892,-1.7136869051484556,-2.1508472689048364,0.7525312934364534,0.6809565754536473,0.3037488687893187,1.3304312578711956,0.31291221357494314,0.9349764856542194,0.3419377331069042,-6.125839710235596,6.23729372024536,0.8277584314346313,-5.94,6.84,1.65
1743700393.325913,2c08d2cc-7a1c-9d34-25ea-6265acb43d72,ed87ef82-2e7b-2538-6c4e-d8d24b5037d6,28,-76.0,-63.0,-72.0,-77.0,-54.0,-71.0,-57.0,3.0768773064686497,-0.8373311362345384,-2.7192310173536574,-1.1441474006778967,-2.0295463960280364,-1.591592296297761,-2.17892064843254,0.6918130847954098,0.678828976058783,0.2467172241110014,1.3318491248355535,0.2219159189119121,0.8724831357806276,0.2832779614416667,-6.10934019088745,6.1971173286438,0.8153483867645264,-5.94,6.84,1.65
1743700394.327787,2c08d2cc-7a1c-9d34-25ea-6265acb43d72,d3ae251c-d748-2821-2983-2d58f8ce640c,2,-75.0,-58.0,-85.0,-67.0,-56.0,-61.0,-55.0,3.049904810948327,-0.8657507934912101,-2.8037123460853692,-1.1451121307827778,-1.9177737590135249,-0.5331889877129289,-2.110111797070661,0.6923820025832781,0.5787472491355506,0.2587107534354164,1.4899968182702197,0.42391020941625035,1.0365373813821743,0.40687302297491434,-6.098063945770264,6.1614089012146,0.7614965438842773,-5.94,6.84,1.65
1743700395.26365,2c08d2cc-7a1c-9d34-25ea-6265acb43d72,5506c044-13f0-9c1f-d468-b433f18c2b98,29,-76.0,-63.0,-72.0,nan,-55.0,nan,-57.0,-3.0535131279092753,-0.8376283450121913,-2.7853128324301206,nan,-1.874599674813363,nan,-2.162083569631313,0.7350519685168545,0.6421545181082746,0.19129823998602472,nan,0.3424669260081768,nan,0.2767370458379076,-6.093256950378418,6.133353233337402,0.7329270839691162,-5.94,6.84,1.65
1743700396.322474,2c08d2cc-7a1c-9d34-25ea-6265acb43d72,3c746b30-a109-114f-4b62-ebeb155fe92c,29,-75.0,-64.0,-72.0,nan,-55.0,-72.0,nan,-3.016593459401398,-0.8287315227585635,-2.7756394324026257,nan,-1.923500882095881,-1.170560353043791,nan,0.7132742350188406,0.6763834618087905,0.21040196001251738,nan,0.29171725203296806,1.0358925880725933,nan,-6.100146293640137,6.121617317199707,0.6730337142944336,-5.94,6.84,1.65
1743700397.322687,2c08d2cc-7a1c-9d34-25ea-6265acb43d72,6c50c1d1-01eb-6679-4b64-7d4c2656d7d7,16,-80.0,-60.0,-73.0,nan,-47.0,-56.0,nan,-3.138977163083226,-0.8184093766895254,-2.6953959919135575,nan,-1.7046106630567595,-0.23403062475487976,nan,0.7423370456787662,0.7394535745875104,0.21076156998346213,nan,0.24584225309583954,1.0174641490689968,nan,-6.099648475646973,6.116559028625488,0.577280104160309,-5.94,6.84,1.65
1743700398.263081,2c08d2cc-7a1c-9d34-25ea-6265acb43d72,e121539f-e94b-9715-0058-fec67bdab504,30,-75.0,-65.0,-73.0,nan,nan,nan,nan,-3.0725619202382854,-0.8261535828233669,-2.734580678928547,nan,nan,nan,nan,0.7162067082741539,0.7022936889493077,0.18109335622873415,nan,nan,nan,nan,nan,nan,nan,-5.94,6.84,1.65
1743700399.323934,2c08d2cc-7a1c-9d34-25ea-6265acb43d72,eb92255f-2b9a-9094-b875-ae40055b2f77,11,-76.0,-59.0,-72.0,nan,-48.0,-54.0,-60.0,-3.120501216704693,-0.8515899670269317,-2.7732319347771943,nan,-1.731623170020623,-2.7439982580359468,-2.2698075906177917,0.7533476188895899,0.6663997369352741,0.18212361674118813,nan,0.33079144076096084,1.2506094151711808,0.24215464689698832,-6.101073741912842,6.13062572479248,0.5499863028526306,-5.94,6.84,1.65
1743700400.321843,2c08d2cc-7a1c-9d34-25ea-6265acb43d72,9651ef63-7306-ee0b-0cea-8cb8375efb48,34,-76.0,-70.0,-80.0,nan,-53.0,nan,-61.0,3.10196854499494,-0.8649473177903332,-2.8650372228227328,nan,-1.721912596585491,nan,-2.2443356105928656,0.9294806378509697,0.6824750433281833,0.21217710668186648,nan,0.39218390685238796,nan,0.19996221126694408,-6.102962493896484,6.159858226776123,0.573291778564453,-5.94,6.84,1.65
1743700401.326871,2c08d2cc-7a1c-9d34-25ea-6265acb43d72,fc2a6c78-a477-92cb-5e9b-326821b7df6d,29,-76.0,-65.0,-72.0,-77.0,-56.0,nan,-54.0,3.0163063706358875,-0.8505750363355025,-2.8723939390179676,0.22642914641348003,-1.7642231838733842,nan,-2.2297316340040347,0.8371416523229792,0.6361651353957136,0.16925009576882682,1.0903452882297344,0.33380282383666593,nan,0.18504979189552154,-6.11152982711792,6.2072434425354,0.612289845943451,-5.94,6.84,1.65
1743700402.264105,2c08d2cc-7a1c-9d34-25ea-6265acb43d72,88791783-62f4-02a8-dc63-4e01e69ab30e,14,-78.0,-61.0,-77.0,-70.0,-50.0,-54.0,-64.0,-3.1296137550066168,-0.8713205285950016,-2.8769854950533733,-0.9174635229061506,-1.7149679967305234,-0.678899213113921,-2.2668779094554163,0.9068353796278624,0.68189873526829,0.22463064715032227,1.047815670885605,0.37596162410531364,1.1753015913963007,0.1818347476899402,-6.120035648345947,6.256915092468262,0.6812716722488403,-5.94,6.84,1.65
1743700403.326827,2c08d2cc-7a1c-9d34-25ea-6265acb43d72,658fea43-58ea-dcf2-7b12-54474c5c1332,14,-78.0,-62.0,-76.0,-69.0,-50.0,-55.0,-64.0,3.0951338083733613,-0.8829414983276715,-2.846293096122428,-1.1140243855880105,-1.6909047149471519,-0.44684623936636003,-2.2866300517707616,0.8957386531557749,0.636724332645603,0.27584917709072826,0.9962622650828785,0.42050103752480067,0.9286110430643089,0.1740613470905022,-6.123476028442383,6.305286407470703,0.7305747866630554,-5.94,6.84,1.65
1743700404.324046,2c08d2cc-7a1c-9d34-25ea-6265acb43d72,3d8b68ff-a633-edbc-5754-d27859a36396,36,-81.0,-68.0,-82.0,-84.0,nan,nan,nan,3.0597936607080096,-0.9114676820279463,-2.843847515293408,-1.0920197507651217,nan,nan,nan,0.8686299369456947,0.6437351707942638,0.2984764756212343,1.0146354800223625,nan,nan,nan,nan,nan,nan,-5.94,6.84,1.65
1743700405.327703,2c08d2cc-7a1c-9d34-25ea-6265acb43d72,f478b589-c48e-27cb-95cf-1bfd81c63a2a,20,-86.0,-61.0,-71.0,-77.0,-51.0,-58.0,-60.0,3.1042807014533467,-0.891896643809172,-2.868813585248465,-1.0401048874234442,-1.745304560316084,-2.105606085905985,-2.0972521812340204,0.8409773366619931,0.7001939195878347,0.3150539543271914,0.9457777189836551,0.1719101082645419,0.9506573207043199,0.5880971270118275,-6.123600006103516,6.348164081573486,0.7948427200317383,-5.94,6.84,1.65
1743700406.32335,2c08d2cc-7a1c-9d34-25ea-6265acb43d72,c9146100-7218-5135-f737-b92ef39b8c3e,35,-78.0,-69.0,-82.0,-86.0,-53.0,-61.0,-63.0,3.113636386362795,-0.8565133529341611,-2.865082762877373,-1.0153177818936407,-1.7985165906223133,-1.7534273127087814,-2.2289120343258335,0.8871612104958747,0.6975888154095193,0.31953915036656205,0.907708763307354,0.31189184484262267,0.9122182606501872,0.3912763828232947,-6.1213603019714355,6.386732578277588,0.8611493706703186,-5.94,6.84,1.65
1743700407.322106,2c08d2cc-7a1c-9d34-25ea-6265acb43d72,d1c0fbdc-7fd7-92a0-5f45-112f036f52a4,20,-91.0,-61.0,-71.0,-77.0,-51.0,-58.0,-60.0,2.999935386782952,-0.8565125539858341,-2.766173226307939,-1.117067579765644,-1.7431842704723828,-2.217304759395112,-1.9202086645441492,0.8077760402471116,0.7379051461507109,0.2915679361479461,0.8561511630259104,0.1195377278151047,0.6060027455670415,0.6787014800595071,-6.114609241485596,6.416497707366943,0.857560157775879,-5.94,6.84,1.65
1743700408.329403,2c08d2cc-7a1c-9d34-25ea-6265acb43d72,52253d8d-8784-1477-dafe-8bb414392a3b,9,-80.0,-59.0,-75.0,-67.0,-50.0,nan,nan,2.98876608917116,-0.866287154134752,-2.6474367217389743,-1.149564270335118,-1.7455339853892582,nan,nan,0.9610138633170803,0.684752046060201,0.18487353030377668,1.091296902266247,0.2189503993694557,nan,nan,nan,nan,nan,-5.94,6.84,1.65
1743700409.305764,2c08d2cc-7a1c-9d34-25ea-6265acb43d72,28a7765d-9d60-5d66-4b7d-0bc44b4f75c1,0,-75.0,-59.0,-79.0,-67.0,-55.0,-60.0,-55.0,2.9594942203656633,-0.8763104935294832,-2.7201628574190764,-1.1103878391195074,-1.786314525367158,-1.2930891095613928,-1.8437936498875627,1.0016421833799747,0.6969492572737367,0.2262856519649952,1.1941796754449976,0.3824017059819207,1.2618870163627098,0.6123224472564955,-6.102947235107422,6.436400413513184,0.8675915002822876,-5.94,6.84,1.65
1743700410.323918,2c08d2cc-7a1c-9d34-25ea-6265acb43d72,2a4fe8e4-4cc5-b1ce-0c4a-6a9eae149cac,5,-80.0,-58.0,-78.0,-68.0,-52.0,-57.0,-57.0,2.9737751553951037,-0.8867950924250162,-2.7641705291681995,-1.1458222626874477,-1.7673142845548828,-2.8680533313641425,-1.9861741761303497,0.9806665274232653,0.706543561416856,0.21149105974030524,1.2929685708170506,0.4311330722096082,1.1734849022723834,0.5559994734578472,-6.101275444030762,6.452227592468262,0.903533101081848,-5.94,6.84,1.65
1743700411.334291,2c08d2cc-7a1c-9d34-25ea-6265acb43d72,99dc2c80-91a3-fb88-f612-68970c937cd4,15,-79.0,-61.0,-74.0,-72.0,-50.0,-55.0,nan,2.9998794604000603,-0.9429712798269296,-2.7535112269051574,-1.1323848839332893,-1.673127384817428,0.7418390811160408,nan,0.9881462150818348,0.7035546957254601,0.23619797083178373,1.188300347864484,0.38885024375812677,1.1776791705207466,nan,-6.097191333770752,6.454136848449707,0.9357750415802002,-5.94,6.84,1.65
1743700412.333967,2c08d2cc-7a1c-9d34-25ea-6265acb43d72,a4010d72-e89a-c446-7c75-f65b8cdfa2c3,26,-81.0,-64.0,-70.0,-76.0,-55.0,-66.0,-55.0,3.0194467701933085,-0.9413848347655693,-2.720783906585283,-1.1175514761357115,-1.188229716346279,-0.7667225871963718,-2.086327136095843,0.8958427827543969,0.7708199530113273,0.2008107684389219,1.2478245282307905,0.55591988161125,1.2146106532236285,0.5468651733292874,-6.099390983581543,6.453845024108887,0.931974709033966,-5.94,6.84,1.65
1743700413.327,2c08d2cc-7a1c-9d34-25ea-6265acb43d72,31a1b4e5-0f77-5544-1978-8595adbc24e1,13,-78.0,-60.0,-74.0,-68.0,-49.0,-54.0,-63.0,2.910722686058606,-0.9269363869035625,-2.7572883882792167,-1.132210446881889,-1.5004074681430508,-0.13494504488905007,-2.2345101571864814,0.9035722083441884,0.7383086816348852,0.19445027422845843,1.0190059936872913,0.5897215022532001,1.0257037318008715,0.3805626552743184,-6.096277236938477,6.4424309730529785,0.921217381954193,-5.94,6.84,1.65
1743700414.324368,2c08d2cc-7a1c-9d34-25ea-6265acb43d72,30da8134-50e5-e435-52be-a12d7314b452,21,-82.0,-62.0,-70.0,-75.0,-54.0,-58.0,-60.0,2.9278878245486024,-0.9075578952316009,-2.783105604518663,-1.1508496450352448,-1.765785161516064,-0.5468076393388321,-2.057564682139896,0.7918743053782484,0.7674992574481074,0.22500949846014287,0.9670458566070823,0.2699568184136226,0.6218790055176102,0.5720276657672124,-6.09496021270752,6.429635047912598,0.855732262134552,-5.94,6.84,1.65
1743700415.323405,2c08d2cc-7a1c-9d34-25ea-6265acb43d72,29e2703c-ec56-7977-7f4e-09582c43511e,30,-75.0,-67.0,-73.0,-81.0,-56.0,nan,-54.0,2.9738673007688203,-0.8923693549026611,-2.768553027058034,-1.139817367061537,-1.756177371999887,nan,-2.1353251779885056,0.7808179923757027,0.7499266553113285,0.18408526791062688,0.9129262953569828,0.2765562991419573,nan,0.4353266578304612,-6.095789909362793,6.424198150634766,0.7823131680488586,-5.94,6.84,1.65
1743700416.322238,2c08d2cc-7a1c-9d34-25ea-6265acb43d72,2810d422-0134-5ebc-7e35-5b886ed8c088,27,-83.0,-63.0,-70.0,-77.0,-55.0,-69.0,-55.0,3.076144937168878,-0.8834560210502749,-2.7089245839350506,-1.1593688310462993,-1.3249407363299772,-0.9606853486799783,-2.1370929833904433,0.7947633025287664,0.7732008856048853,0.19651007952882338,0.8868120700769655,0.5650756813299803,0.8439306861884078,0.4638908927875505,-6.09802484512329,6.42534875869751,0.716038167476654,-5.94,6.84,1.65
1743700417.324749,2c08d2cc-7a1c-9d34-25ea-6265acb43d72,ee4f0ad4-323e-9262-e343-0d2c3b72c07b,19,-86.0,-60.0,-70.0,-74.0,-49.0,-57.0,-62.0,3.130128810361438,-0.840142102765117,-2.7515562003489302,-1.0844876654121052,-1.7258628299113625,-2.081151387971087,-1.3968220445426007,0.8113000681595589,0.6910734583816676,0.21628278562114395,0.922291434488301,0.2943139312420967,0.831694369771888,0.6433537564231805,-6.09753704071045,6.4317450523376465,0.6836348176002502,-5.94,6.84,1.65
1743700418.327052,2c08d2cc-7a1c-9d34-25ea-6265acb43d72,3230f298-2203-b828-ea8a-616734c8840a,18,-82.0,-60.0,-70.0,-76.0,nan,nan,nan,-3.0783601545636055,-0.8462652427434272,-2.7112354088129127,-1.2091752697529612,nan,nan,nan,1.0055386543708698,0.7056205763620619,0.28822117489555715,0.8789356379950016,nan,nan,nan,nan,nan,nan,-5.94,6.84,1.65
1743700419.32331,2c08d2cc-7a1c-9d34-25ea-6265acb43d72,23ac8598-86ac-61b7-98f5-4c5e59194098,33,-76.0,-70.0,-77.0,-88.0,-56.0,nan,-64.0,-3.0722660430411772,-0.8431038042133943,-2.722469154923085,-0.5893415702679949,-1.7206086800974538,nan,-1.9787228528130267,0.996188162625547,0.7241763509942707,0.32601725642866614,1.0705196518107487,0.2969642837253161,nan,0.5835339435234018,-6.093113899230957,6.4330854415893555,0.653778851032257,-5.94,6.84,1.65
1743700420.323672,2c08d2cc-7a1c-9d34-25ea-6265acb43d72,2008cbe9-e892-580a-925a-f6bc6f1fb383,7,-79.0,-58.0,-74.0,-68.0,-54.0,-56.0,-63.0,-3.0866982456205347,-0.8451296708546174,-2.7631287005497605,-1.097188813282911,-1.7206086800974538,-2.862656844164044,-2.1611960776625416,0.9968636068570184,0.7062279102486545,0.21684529517763912,1.419264324982151,0.2969642837253161,0.8883610027123651,0.39720150935601894,-6.086255073547363,6.4308624267578125,0.6320770978927612,-5.94,6.84,1.65
1743700421.327076,2c08d2cc-7a1c-9d34-25ea-6265acb43d72,6b570a26-6f09-94e0-944f-0877c4bf6251,4,-82.0,-59.0,-80.0,-68.0,-54.0,-59.0,-60.0,3.123008582871002,-0.861644731722526,-2.694887328145352,-1.144879903135723,-1.6942694279513402,-3.1169124762443476,-2.1219390210442874,0.9800081274227707,0.7092030606604365,0.15395281524362767,1.4578436754813657,0.3829495949977053,0.7852458702205459,0.4823967906553766,-6.0794219970703125,6.43403148651123,0.5894229412078857,-5.94,6.84,1.65
1743700422.328575,2c08d2cc-7a1c-9d34-25ea-6265acb43d72,43b9892f-ffd4-e0c4-69de-0ac80426f181,36,-81.0,-69.0,-86.0,-84.0,nan,-60.0,nan,3.1414317986599523,-0.8700254333568962,-2.6844738356509246,-1.1287364863979354,nan,-2.430978066473863,nan,0.8653433964234551,0.6931186329407939,0.23373116793782742,1.4693695703631195,nan,0.9590646229225054,nan,nan,nan,nan,-5.94,6.84,1.65
1743700423.322666,2c08d2cc-7a1c-9d34-25ea-6265acb43d72,4fa4c0fc-346a-8dcf-e21b-1ec14d664be7,10,-80.0,-58.0,-72.0,-69.0,-50.0,-57.0,-57.0,3.0477945221005482,-0.8898308297515976,-2.6724933391710937,-1.1300974948730202,-1.6872678990411674,-2.6224836317807494,-2.2330813316811495,0.9088800881337981,0.6541481972355009,0.15447617633209862,1.4230417526723194,0.3850385528955244,0.7150007605906908,0.3411439131756796,-6.07545042037964,6.448105335235596,0.5311192870140076,-5.94,6.84,1.65
1743700424.264776,2c08d2cc-7a1c-9d34-25ea-6265acb43d72,5c585b60-38cf-59ec-3c86-e8136fc4ef78,19,-80.0,-60.0,-71.0,-79.0,nan,nan,-62.0,3.0418807065839184,-0.8618199677222531,-2.714704176132741,-1.1751738931675924,nan,nan,-1.4417366730866368,0.8679290595258131,0.6595017502378054,0.2142650249764886,1.35221817927497,nan,nan,0.7414543622092477,nan,nan,nan,-5.94,6.84,1.65
