1743701423.287239,2c08d2cc-7a1c-9d34-25ea-6265acb43d72,6a3b5407-f1ca-7e1f-fa43-bd3e48a5fe59,1,nan,-72.0,-74.0,-66.0,nan,nan,nan,nan,-0.8359236555984316,-3.0227397688811917,-0.06987708594593509,nan,nan,nan,nan,1.0155615277124102,0.9957935487310245,1.2248337248562458,nan,nan,nan,nan,nan,nan,-5.94,4.44,1.65
1743701424.286342,2c08d2cc-7a1c-9d34-25ea-6265acb43d72,21d503d0-82c5-65d5-90d1-5c7582add925,36,-83.0,-72.0,-71.0,-64.0,nan,-57.0,-65.0,-2.980576336186948,-0.8233836289735754,-2.966711386919778,-0.11024901017488228,nan,-2.7719759061193114,-1.7962090218127476,0.1654299909221899,1.1409449494670765,1.036639315896924,1.1185289894138248,nan,0.544490695747249,0.35612110895392696,-6.290669918060303,3.088609457015991,1.6479895114898682,-5.94,4.44,1.65
1743701425.34316,2c08d2cc-7a1c-9d34-25ea-6265acb43d72,d74b8593-bed7-4dbe-97fa-8d0cdd0a6c7e,25,-70.0,-81.0,-69.0,-63.0,nan,nan,-63.0,-3.1233886159585564,-0.8541111816309097,-2.9668948787188842,-0.0914247223257662,nan,nan,-1.7250186719105702,0.19856031409402092,1.1422986342491637,0.9914856193517123,1.1291289031845584,nan,nan,0.4655987405901254,-6.329081058502197,3.0816574096679688,1.7133681774139404,-5.94,4.44,1.65
1743701426.346979,2c08d2cc-7a1c-9d34-25ea-6265acb43d72,8ff0c875-1b77-2fce-8e47-6bd433b55c9b,25,-70.0,-80.0,-70.0,-63.0,nan,-53.0,-63.0,3.077191559477279,-0.8416140318996039,-2.9146495170859277,-0.06361013526876061,nan,2.969925731791796,-1.6761717113214256,0.19091855643836347,1.1093550652487747,1.01651320832795,1.0952413101567633,nan,0.4134041618796359,0.49598967557973817,-6.358039379119873,3.03325891494751,1.7521381378173828,-5.94,4.44,1.65
1743701427.341619,2c08d2cc-7a1c-9d34-25ea-6265acb43d72,18e71e6a-7af5-9ac7-f579-c27ad585373c,11,-69.0,-78.0,-73.0,-71.0,nan,-55.0,-61.0,3.0343615375621886,-0.8649156261733612,-2.9566536927469844,-0.07705031034206351,nan,2.8895147931057394,-1.7012216468184818,0.1648411493604166,1.064134856255338,1.1359410029368722,1.1207205046748512,nan,0.6997224452590439,0.3807397913064414,-6.353562831878662,3.048459768295288,1.766782522201538,-5.94,4.44,1.65
1743701428.352438,2c08d2cc-7a1c-9d34-25ea-6265acb43d72,6a45802b-9c32-ed55-0afd-85885b143b59,31,-78.0,-73.0,-69.0,-65.0,nan,-55.0,nan,3.013639481120282,-0.8369977084660606,-2.9098723387225434,-0.1356920522811723,nan,2.7639743349345443,nan,0.1573128090776829,1.1518766931096338,1.018647598783594,1.2761026384755243,nan,0.5769898830509308,nan,-6.316744327545166,2.98049783706665,1.7268654108047485,-5.94,4.44,1.65
1743701429.34532,2c08d2cc-7a1c-9d34-25ea-6265acb43d72,fae5507f-da36-4e4e-e360-bf4c7cd9d79f,33,-81.0,-75.0,-70.0,-65.0,nan,-56.0,-65.0,3.0675008489026987,-0.8018831305450388,-2.863008959336528,-0.20730525294173002,nan,2.6817871951193943,-1.8064984483934858,0.16831046595721963,1.1638298921882912,1.0356523483969406,1.2180610398880651,nan,0.49393594531949814,0.37068560439526166,-6.283055782318115,2.882728099822998,1.6604351997375488,-5.94,4.44,1.65
1743701430.344901,2c08d2cc-7a1c-9d34-25ea-6265acb43d72,35cd2bef-a82d-64f2-d4b2-acc0b818fc4f,9,-69.0,-74.0,-72.0,-75.0,nan,nan,nan,3.1089902355250434,-0.8362336475493167,-2.8711896575730336,-0.20556833927878035,nan,nan,nan,0.20654265676358585,1.1817289978747132,1.1268538978233582,1.1874369510390803,nan,nan,nan,nan,nan,nan,-5.94,4.44,1.65
1743701431.343749,2c08d2cc-7a1c-9d34-25ea-6265acb43d72,9d82fcd0-cae6-f01a-6317-d2857c8998f2,25,-71.0,-75.0,-70.0,-62.0,nan,-54.0,-62.0,3.0105715195445106,-0.8486719414205319,-2.8731430862326066,-0.1400274122197123,nan,2.617785560753883,-1.6963666267789768,0.1981163651403047,1.0471868319732103,1.0656982649732691,1.1917024029990058,nan,0.35223357457220755,0.4372325831194607,-6.188894271850586,2.7906594276428223,1.5859224796295166,-5.94,4.44,1.65
1743701432.352851,2c08d2cc-7a1c-9d34-25ea-6265acb43d72,4dc0923c-b41f-0584-23c4-07c3d344c8c1,26,-72.0,-75.0,-70.0,-63.0,nan,-54.0,-65.0,2.911806592622268,-0.8772535188714803,-2.8638598393048085,-0.044633780921401,nan,2.61134575686073,-1.6403331419779603,0.21253959619573992,0.9855196058777169,1.014770169394493,1.1149203395577405,nan,0.28874387311221855,0.4134041618428448,-6.131739139556885,2.767144203186035,1.4974370002746582,-5.94,4.44,1.65
1743701433.352071,2c08d2cc-7a1c-9d34-25ea-6265acb43d72,2a8c43e2-8e70-ed67-0888-a156fc3330e3,35,-81.0,-74.0,-71.0,-64.0,nan,-56.0,-64.0,2.971598287520073,-0.8242249215619315,-2.875537001736479,-0.17792685769262992,nan,2.581405375476946,-1.8064984483934858,0.21026670471865497,1.077704793852755,1.06391554493957,1.0543235044833772,nan,0.34519808479327574,0.37068560439526166,-6.033592224121094,2.668565034866333,1.397355079650879,-5.94,4.44,1.65
1743701434.28831,2c08d2cc-7a1c-9d34-25ea-6265acb43d72,24cf6aea-1762-972d-f782-21a5bc367720,19,-79.0,-68.0,-72.0,-66.0,nan,-52.0,-58.0,3.0494169198366246,-0.8754063503394014,-2.9021576936768025,-0.016130766722609945,nan,2.866880368719677,-1.7567834977260843,0.189588390697653,0.9329376206829744,1.025555239440014,1.1042736873098762,nan,0.5930293899543098,0.37753327920780233,-5.891156196594238,2.643303632736206,1.2796741724014282,-5.94,4.44,1.65
1743701435.34487,2c08d2cc-7a1c-9d34-25ea-6265acb43d72,0c87e5af-6ac8-9263-499e-d277376d6e36,32,-81.0,-75.0,-69.0,-66.0,nan,-54.0,nan,3.049931442559228,-0.8512133960487945,-2.957501376921957,-0.14840598332521063,nan,2.724367853631522,nan,0.1830863994095222,1.020165267709803,1.0169168769701786,1.2197161945055495,nan,0.4856578175972918,nan,-5.739943027496338,2.594611406326294,1.1629424095153809,-5.94,4.44,1.65
1743701436.288546,2c08d2cc-7a1c-9d34-25ea-6265acb43d72,28e484ce-ca02-69f0-a4b6-f49cbe982060,10,nan,-74.0,-73.0,-74.0,nan,-56.0,-60.0,nan,-0.8416041782035706,-2.933336119506687,-0.18283586252997297,nan,2.717332939026242,-1.7437333514278726,nan,1.1090033282478025,1.0620264316203225,1.2229250373029856,nan,0.7216967783872311,0.4026359191280338,-5.584936618804932,2.5250985622406,1.0526089668273926,-5.94,4.44,1.65
1743701437.354013,2c08d2cc-7a1c-9d34-25ea-6265acb43d72,547e5c50-9c26-5b92-8dd7-9143ca712c7f,10,nan,-74.0,-74.0,-74.0,nan,-56.0,nan,nan,-0.8379556475101619,-2.9027979176028573,-0.20343381566508184,nan,2.714055986442633,nan,nan,1.1895685451755798,1.095388915860181,1.2137295415331053,nan,0.8435992317367611,nan,-5.423999309539795,2.44506573677063,0.9554617404937744,-5.94,4.44,1.65
1743701438.343073,2c08d2cc-7a1c-9d34-25ea-6265acb43d72,8d19df3b-b2dc-cfc8-cfa1-de1b1dc388cf,14,nan,-71.0,-71.0,-68.0,nan,-49.0,-64.0,nan,-0.8221148990302617,-2.9003187809441027,-0.14321308551566508,nan,2.7201645599203506,-1.807723592660189,nan,1.0668359008119237,1.0877956443811199,1.2827371053831298,nan,0.7745535092036918,0.20827524695730623,-5.329641819000244,2.388470411300659,0.8581974506378174,-5.94,4.44,1.65
1743701439.354868,2c08d2cc-7a1c-9d34-25ea-6265acb43d72,75fc7a01-821b-8253-48e0-b8e337a6f728,6,nan,-70.0,-76.0,-75.0,nan,nan,-62.0,nan,-0.8580353494971414,-2.9157275646951915,-0.2072410707594591,nan,nan,-1.7873928480615988,nan,1.1938698166521666,1.0591367021005047,1.272829080863599,nan,nan,0.3195838662137599,-5.272167682647705,2.449388265609741,0.7829214930534363,-5.94,4.44,1.65
1743701440.353905,2c08d2cc-7a1c-9d34-25ea-6265acb43d72,dbd5820e-7b71-c535-5fec-de7c7c0059c7,1,nan,-73.0,-74.0,-65.0,nan,-53.0,-60.0,nan,-0.861986415290383,-2.8933064114778144,-0.33292549629633167,nan,2.8639388821543466,-1.8867133000575103,nan,1.312366636723024,1.0288411141719813,1.2904091398514301,nan,0.8008049525445252,0.22200743323361766,-5.215113162994385,2.610830307006836,0.7179250717163086,-5.94,4.44,1.65
1743701441.351742,2c08d2cc-7a1c-9d34-25ea-6265acb43d72,6d190d26-78f0-41b8-ae5c-78e6871099e0,15,nan,-72.0,-70.0,-66.0,nan,-48.0,nan,nan,-0.8420132397470068,-2.9803787296340647,-0.3858664756060169,nan,2.7955403459758124,nan,nan,1.2400080172733536,0.9860781373373337,1.337039359484009,nan,0.7027656857816622,nan,-5.22524070739746,2.78801441192627,0.661143183708191,-5.94,4.44,1.65
1743701442.343516,2c08d2cc-7a1c-9d34-25ea-6265acb43d72,7cd0c847-6975-0ce6-218f-db9a9e53086d,1,nan,-74.0,-74.0,-65.0,nan,-54.0,-60.0,nan,-0.9227456366122139,-2.951069043941088,-0.450773037693428,nan,2.8733238124210754,-1.9352668900702272,nan,1.3020588717238726,0.9742046333542972,1.2707803110370013,nan,0.7671901029853044,0.17213405354039776,-5.237834930419922,2.93665075302124,0.6161181926727295,-5.94,4.44,1.65
1743701443.28853,2c08d2cc-7a1c-9d34-25ea-6265acb43d72,cca937ce-26eb-d2cb-3613-aeae8c1345db,22,-74.0,-73.0,-69.0,-64.0,nan,-52.0,-60.0,-2.512175302606068,-0.919136121228775,-2.864704594002582,-0.3896806549192284,nan,2.6476635600981275,-1.786030620263265,0.583277951940048,1.0210587582555246,0.7960769067364479,1.1668865353294293,nan,0.47030017732390095,0.3415223913894188,-5.296850681304932,3.073287010192871,0.589277148246765,-5.94,4.44,1.65
1743701444.286862,2c08d2cc-7a1c-9d34-25ea-6265acb43d72,4c3d3033-f9c0-1de0-40e7-56e7d43f1324,30,-77.0,-73.0,-69.0,-67.0,nan,-53.0,nan,-2.506734464499036,-0.8657718324638217,-2.938768701814339,-0.43778906211485574,nan,2.6369153484646755,nan,0.5666091600982148,1.0210092900382763,0.8142989207050427,1.224069530781447,nan,0.4356041892775728,nan,-5.39250659942627,3.1017823219299316,0.572864055633545,-5.94,4.44,1.65
1743701445.352923,2c08d2cc-7a1c-9d34-25ea-6265acb43d72,e1ed132f-571c-3242-2531-987eab5e3a85,24,-72.0,-75.0,-69.0,-63.0,nan,-54.0,-63.0,-2.510286855077093,-0.8379833443854988,-2.8491693100997137,-0.38508696835495065,nan,2.5305924790915153,-1.6909047149471519,0.519775907722031,1.0092582248863562,0.8400022202288607,1.2466572647250087,nan,0.3195838662327411,0.42050103752480067,-5.501093864440918,3.1381874084472656,0.5689014792442322,-5.94,4.44,1.65
1743701446.350423,2c08d2cc-7a1c-9d34-25ea-6265acb43d72,71b568e0-d2db-6321-58e2-5159ef02b8b1,31,-78.0,-73.0,-69.0,-66.0,nan,-55.0,nan,-2.482919412767111,-0.8083463561945521,-2.8191285866875107,-0.42522426809186187,nan,2.5926783726584968,nan,0.5476431255000792,1.0034429463300591,0.859617400342703,1.2631883045594576,nan,0.37861106834855224,nan,-5.60648536682129,3.1592023372650146,0.5629367232322693,-5.94,4.44,1.65
1743701447.2892,2c08d2cc-7a1c-9d34-25ea-6265acb43d72,2156b691-e8d6-e0f2-736e-3c6ad7380979,25,-72.0,-76.0,-70.0,-63.0,nan,nan,nan,-2.5297657479221503,-0.8410851281071141,-2.833284353145718,-0.34428734045493675,nan,nan,nan,0.40135841656214405,0.9531904947198362,0.8387705748037263,1.2358099432890068,nan,nan,nan,nan,nan,nan,-5.94,4.44,1.65
1743701448.350334,2c08d2cc-7a1c-9d34-25ea-6265acb43d72,f449a6df-84eb-b0b5-dc4c-13e022aa1711,15,-77.0,-70.0,-70.0,-67.0,nan,-49.0,-62.0,-2.6632596270395714,-0.8323464976222371,-2.868422633200441,-0.19835996115626287,nan,2.6535517218241336,-1.7837041261258675,0.3175067256911544,1.013146506656899,0.8444612174210075,1.247404814042994,nan,0.5207749632359242,0.20823976653484108,-5.728899002075195,3.171562910079956,0.561188578605652,-5.94,4.44,1.65
1743701449.352755,2c08d2cc-7a1c-9d34-25ea-6265acb43d72,33bf553d-f056-6042-3967-dd6dcc1945e4,11,-69.0,-74.0,-73.0,-72.0,nan,-53.0,-60.0,-2.5109782116960773,-0.8329230719982392,-2.93212198436572,-0.10264328841772499,nan,2.6798135893931043,-1.7179461403775587,0.2519583750705477,1.0313724487881015,0.9668022439463674,1.1883176584115696,nan,0.6956295312137084,0.2585862429251705,-5.79563808441162,3.15314769744873,0.559115469455719,-5.94,4.44,1.65
1743701450.344531,2c08d2cc-7a1c-9d34-25ea-6265acb43d72,aa43457e-d640-7cd8-0c40-2decf322f1a7,7,-72.0,-74.0,-76.0,-80.0,nan,-62.0,-64.0,-2.462563540975091,-0.8365604174150696,-2.91676699646865,-0.1648265019744211,nan,2.717332939026242,-1.719674174126901,0.23990380942289946,1.1352589673817028,1.0187980673851835,1.233963307389146,nan,0.7216967783872311,0.3361758602584337,-5.836813926696777,3.119063377380371,0.5403389930725098,-5.94,4.44,1.65
1743701451.349706,2c08d2cc-7a1c-9d34-25ea-6265acb43d72,246c6a8c-0128-1f78-8153-256a40ce3994,30,-76.0,-73.0,-70.0,-66.0,nan,nan,nan,-2.4627859149261124,-0.8397325085894629,-2.903597931194317,-0.23220101544400878,nan,nan,nan,0.21270005165141717,1.0287010318986431,1.0680871204710702,1.3242386093884342,nan,nan,nan,nan,nan,nan,-5.94,4.44,1.65
1743701452.288971,2c08d2cc-7a1c-9d34-25ea-6265acb43d72,d93d3c2e-87d9-8958-b492-1e0547bac1bb,4,-70.0,-73.0,-75.0,-66.0,nan,-56.0,-64.0,-2.4696227820765637,-0.8154665836849879,-2.928465996821259,-0.27578923932144467,nan,1.071374643821492,-1.6887434420900918,0.28395502385584565,1.0902900942161426,1.0609811408924663,1.173025920590389,nan,1.2514058244103767,0.32930600181913716,-5.8864569664001465,3.048593044281006,0.527892827987671,-5.94,4.44,1.65
1743701453.35069,2c08d2cc-7a1c-9d34-25ea-6265acb43d72,bac3725e-78a7-fa02-d47d-679e252b2a9d,8,-71.0,-69.0,-74.0,-78.0,nan,-59.0,-64.0,-2.46939295127449,-0.8271512029677106,-2.8971405644992023,-0.23993829735901598,nan,2.336445331768707,-1.7062960889042444,0.3182211852325954,1.0691824786274198,1.132050790374539,1.2735097848382233,nan,1.1784750548469962,0.41605139235615984,-5.894035816192627,2.97831392288208,0.5237364172935486,-5.94,4.44,1.65
1743701454.343227,2c08d2cc-7a1c-9d34-25ea-6265acb43d72,e8d95d28-b61d-2347-3857-910fcc98aa3f,23,-71.0,-74.0,-69.0,-63.0,nan,-53.0,nan,-2.448228011143303,-0.8865016120728895,-2.8782137449481175,-0.17085616499846956,nan,1.1992643494978568,nan,0.27819613773563107,0.9334658586851916,1.0813643100856603,1.240497239965601,nan,1.004379625388041,nan,-5.90115737915039,2.947253465652466,0.4807937443256378,-5.94,4.44,1.65
1743701455.353271,2c08d2cc-7a1c-9d34-25ea-6265acb43d72,5f5879b6-268f-3b37-3b3b-6f95d5c77314,9,-70.0,-71.0,-73.0,-75.0,nan,-56.0,-61.0,-2.444420223416708,-0.8571208199788083,-2.9217870551234495,-0.18377595839477096,nan,2.0076785408671878,-1.728271763319566,0.26652837959155995,0.9958111921732462,1.2180260193197305,1.1897515043424682,nan,1.1052630333413527,0.427380195807186,-5.92000389099121,2.977264404296875,0.4829818308353424,-5.94,4.44,1.65
1743701456.343791,2c08d2cc-7a1c-9d34-25ea-6265acb43d72,213b9e83-05f5-f5fc-0061-9a332ed03ff6,8,-71.0,-71.0,-74.0,-77.0,nan,-59.0,-61.0,-2.479508436042938,-0.8248960381566316,-2.8916917369089,-0.18782209903892833,nan,2.430616770965214,-1.7250186719105702,0.15144866151538292,1.089964389614826,1.2834457725492,1.2398463633951857,nan,1.019126887140245,0.4655987405901254,-5.96103048324585,3.056680917739868,0.5228293538093567,-5.94,4.44,1.65
1743701457.343559,2c08d2cc-7a1c-9d34-25ea-6265acb43d72,a925018f-64d0-0e95-6507-f7ae6fc974c7,23,-72.0,-74.0,-69.0,-64.0,nan,nan,nan,-2.432745990462237,-0.8153488719648063,-2.932813873616922,-0.04314906861368183,nan,nan,nan,0.17647932977163097,0.9672518521174,1.255684448713996,1.2185185709633404,nan,nan,nan,-5.98811435699463,3.148585319519043,0.5535861253738403,-5.94,4.44,1.65
1743701458.34319,2c08d2cc-7a1c-9d34-25ea-6265acb43d72,c7a08931-d679-d92d-07f7-1d1c70604671,26,-70.0,-75.0,-70.0,-63.0,nan,-54.0,nan,-2.4387439618693127,-0.8711498199691278,-2.877073912001564,-0.07519115758507919,nan,2.5746314065088103,nan,0.22913516775235274,1.0268280972830177,1.2248278659018474,1.1421461682767569,nan,0.6159493630068713,nan,-6.007174015045166,3.223520040512085,0.5414493680000305,-5.94,4.44,1.65
1743701459.347157,2c08d2cc-7a1c-9d34-25ea-6265acb43d72,30439b09-a9cb-9f4a-99a8-899e876634ac,22,-73.0,-75.0,-69.0,-63.0,nan,-54.0,-63.0,-2.439188177139138,-0.8777262299649694,-2.82111264169962,-0.004226702966064759,nan,1.7669990897962495,-1.660869421505876,0.11421567210525763,0.9812295196777081,1.1609407618797185,1.1499818539940427,nan,0.9461672894065062,0.5165051023683952,-6.027594089508057,3.3291406631469727,0.5572491884231567,-5.94,4.44,1.65
1743701460.351354,2c08d2cc-7a1c-9d34-25ea-6265acb43d72,cc089289-8cd4-8089-44d8-9d358807d8aa,11,-68.0,-73.0,-74.0,-71.0,nan,-54.0,-63.0,-2.4292114430634837,-0.8672280489478771,-2.8623429027478995,0.04198100615957308,nan,2.2475744478957727,-1.7012216468184818,0.16253866350571813,1.0435466902372352,1.2242931031549595,1.1772322503741146,nan,0.9978620945928227,0.3807397913064414,-6.03978681564331,3.406353712081909,0.6130133867263794,-5.94,4.44,1.65
1743701461.34404,2c08d2cc-7a1c-9d34-25ea-6265acb43d72,da28d47a-946d-d958-7713-bfe12890224a,34,-80.0,-74.0,-71.0,-64.0,nan,nan,nan,-2.467403569940201,-0.8456346061972966,-2.8551073603822634,-0.043466783731728284,nan,nan,nan,0.2095143783554644,0.9934052258654416,1.0250955112568394,1.112823299936385,nan,nan,nan,-6.0601630210876465,3.452676773071289,0.8227742314338684,-5.94,4.44,1.65
1743701462.290379,2c08d2cc-7a1c-9d34-25ea-6265acb43d72,7fdfd47c-ab13-0bd0-e0b8-bdf0151ec302,15,-77.0,-71.0,-70.0,-67.0,nan,nan,nan,-2.4490498626557016,-0.8091567561142632,-2.885851424638356,-0.021861356756242453,nan,nan,nan,0.23346015800739825,0.9540632126090551,0.9681231718470468,1.1655088820975312,nan,nan,nan,nan,nan,nan,-5.94,4.44,1.65
1743701463.348592,2c08d2cc-7a1c-9d34-25ea-6265acb43d72,524ab1db-fc64-e873-d73f-762390d7a0d6,25,-69.0,-78.0,-70.0,-63.0,nan,-54.0,-64.0,-2.4481358657695864,-0.7788348028909481,-2.8225829729374525,0.05533782429075648,nan,2.461667425410096,-1.646946973824858,0.2054260931870565,1.1090818914999596,0.8932748962523153,1.1077802049381562,nan,0.610841359259629,0.4477895397326222,-6.0591402053833,3.4693474769592285,0.9969639778137207,-5.94,4.44,1.65
1743701464.351488,2c08d2cc-7a1c-9d34-25ea-6265acb43d72,fa51413f-c37e-3525-4bf2-43a0c578a1d6,19,-77.0,-71.0,-73.0,-65.0,nan,-52.0,-60.0,-2.4704222630358053,-0.7788348028909481,-2.7841540910398273,0.07515280806538205,nan,2.739708740299445,-1.6552885644447868,0.1751923238853366,0.8724489765278955,0.8445499672643344,1.1516266222832756,nan,0.7265637581807458,0.44638912548800125,-6.056611061096191,3.4546103477478027,1.1227692365646362,-5.94,4.44,1.65
1743701465.350777,2c08d2cc-7a1c-9d34-25ea-6265acb43d72,f1acc0ff-3c3f-0279-7e3b-0389200faac6,34,-80.0,-75.0,-70.0,-64.0,nan,-56.0,nan,-2.502602836383887,-0.8300018505985315,-2.8319338641569387,0.0022152173947279103,nan,2.604553844116469,nan,0.2436269918506143,0.9405511321863201,0.819410658680368,1.0987481606801799,nan,0.541622662780981,nan,-6.034183502197266,3.3916373252868652,1.1341137886047363,-5.94,4.44,1.65
1743701466.343192,2c08d2cc-7a1c-9d34-25ea-6265acb43d72,e8b2bed8-bc6e-ebf0-b149-258b97af37b7,7,-71.0,-71.0,-75.0,-78.0,nan,-62.0,-62.0,-2.516965264142684,-0.8099897929032399,-2.8309309176904147,-0.02666197093721928,nan,2.682804208330633,-1.698725982330726,0.37404516958034584,1.046483158234184,0.8174795339949243,1.1421333851035245,nan,0.6279921817339,0.47296327033618524,-6.008097171783447,3.2745752334594727,1.1027841567993164,-5.94,4.44,1.65
1743701467.3458,2c08d2cc-7a1c-9d34-25ea-6265acb43d72,80eddb4f-adb1-576f-e44f-091919e236fd,16,-76.0,-71.0,-70.0,-66.0,nan,-50.0,-62.0,-2.535777301450786,-0.8655830143425352,-2.8289295521312203,-0.0066049058195055185,nan,2.7512964481357045,-1.7799304596915155,0.35261254847009255,0.9539826519860802,0.8948383049702462,1.1670792150342966,nan,0.6943587341267776,0.3451980847716346,-5.980151176452637,3.127546787261963,1.0648400783538818,-5.94,4.44,1.65
1743701468.348245,2c08d2cc-7a1c-9d34-25ea-6265acb43d72,361969b7-9f97-5594-2405-b36c06fef839,23,-71.0,-77.0,-69.0,-63.0,nan,-54.0,-63.0,-2.4912327364259026,-0.8498434659840577,-2.874282386546943,0.009395632325799552,nan,1.6576787106941504,-1.7103279493114334,0.2803374856996229,0.9874848856041408,0.8608604973605248,1.1704921891292874,nan,1.0274677321516044,0.4515977611798429,-5.959672927856445,2.9719574451446533,1.0333973169326782,-5.94,4.44,1.65
1743701469.34617,2c08d2cc-7a1c-9d34-25ea-6265acb43d72,dd565cd7-9227-d459-c33c-60d49e9226ec,36,-80.0,-73.0,-71.0,-63.0,nan,-56.0,nan,-2.557698845647664,-0.8127642741268845,-2.8479176243873763,-0.08934692404328638,nan,-2.9761077196285117,nan,0.33998826608624905,1.0882882626037573,0.7960961480753239,1.1266099522675073,nan,0.8833809952988828,nan,-5.95593023300171,2.8812670707702637,1.094897747039795,-5.94,4.44,1.65
1743701470.346188,2c08d2cc-7a1c-9d34-25ea-6265acb43d72,81498d85-9553-c48d-f331-0a9e505b1d40,1,-72.0,-74.0,-74.0,-65.0,nan,-53.0,-61.0,-2.6723495284722296,-0.8321424994827371,-2.862509882948247,-0.11341497607876848,nan,-3.1155123830807714,-1.9221135354920267,0.4194850893637138,1.103657698149741,0.7903853320127852,1.2541589900415986,nan,0.837588905250966,0.32084473510047745,-5.95851707458496,2.857344627380371,1.1389740705490112,-5.94,4.44,1.65
1743701471.346357,2c08d2cc-7a1c-9d34-25ea-6265acb43d72,cfca22fd-5b49-ee62-4420-785e12c888bf,6,-72.0,-70.0,-76.0,-74.0,nan,-60.0,-63.0,-2.664874567924595,-0.8460607119717092,-2.8513339274337297,-0.12006915037844047,nan,0.7902878830928511,-1.8551296021402246,0.46927448383939924,1.1427805332484136,0.7953844182740001,1.2526973140773086,nan,1.3736567601359662,0.38104125618923285,-5.983224391937256,2.869924306869507,1.186975359916687,-5.94,4.44,1.65
1743701472.350408,2c08d2cc-7a1c-9d34-25ea-6265acb43d72,2f7e9683-4c93-0174-a208-5006ef94efad,27,-72.0,-78.0,-71.0,-63.0,nan,-53.0,-65.0,-2.7494419167595163,-0.8572720875287247,-2.945260423287517,-0.08120803743589522,nan,2.5524754053994214,-1.670005724187051,0.41710312479523337,1.0166766598398536,0.8405952396245941,1.1493763843202132,nan,0.9077040719691811,0.2800907651822144,-5.96890115737915,2.8904666900634766,1.140538215637207,-5.94,4.44,1.65
1743701473.346169,2c08d2cc-7a1c-9d34-25ea-6265acb43d72,b9dc6c17-3620-c0d0-ef12-5e601f13aedd,17,-76.0,-72.0,-70.0,-65.0,nan,-51.0,-62.0,-2.8012435957548654,-0.8518043514946831,-2.665571783497978,-0.033151295565415365,nan,2.714055986442633,-1.7400354957734623,0.41327226743569523,0.9547176178679149,0.7994937424150197,1.162300838248422,nan,0.8435992317367611,0.30677508670605097,-5.975640296936035,2.899587631225586,1.090354323387146,-5.94,4.44,1.65
1743701474.346189,2c08d2cc-7a1c-9d34-25ea-6265acb43d72,4ee0d1d6-01a5-77a9-4ad3-38788fb17372,34,-81.0,-75.0,-70.0,-64.0,nan,-56.0,nan,-2.9056291241577203,-0.8253692818823386,-2.6879418040224254,-0.08452100983195379,nan,2.6131100935580136,nan,0.36811444299079393,1.030039536662517,0.9095193133744444,1.1801591975701662,nan,0.5769016326300747,nan,-5.9621844291687,2.9153897762298584,1.0615346431732178,-5.94,4.44,1.65
1743701475.290964,2c08d2cc-7a1c-9d34-25ea-6265acb43d72,45499653-393d-f323-605b-4b5734323f72,19,-76.0,-70.0,-72.0,-65.0,nan,-52.0,-60.0,-2.92041765769093,-0.8277123310093903,-2.7422708228922597,-0.02955229966828228,nan,2.8358202271305837,-1.7290183402992527,0.3641607806154895,1.0327054940717408,0.8924967205817941,1.1802675882265325,nan,0.7268496725566862,0.38949508769991115,-5.980613708496094,2.934072971343994,1.1822556257247925,-5.94,4.44,1.65
1743701476.344099,2c08d2cc-7a1c-9d34-25ea-6265acb43d72,daf87511-997d-d504-6b0f-577947f22296,25,-69.0,-78.0,-69.0,-63.0,nan,-54.0,-64.0,-3.0302493505229973,-0.8262973935222312,-2.779794230019258,0.012108061896045257,nan,2.651774366962,-1.667713773107015,0.29824121862843944,0.9307811259902826,0.9103648004415172,1.1167390122661556,nan,0.45491586169980286,0.4618995657038058,-5.98447036743164,2.9334540367126465,1.24797260761261,-5.94,4.44,1.65
1743701477.344859,2c08d2cc-7a1c-9d34-25ea-6265acb43d72,aa370879-3101-63b3-e6c9-a630f7b20019,6,-72.0,-71.0,-76.0,-74.0,nan,-60.0,-62.0,-2.9692954521254817,-0.8360517536468645,-2.7600410315819226,-0.04484044222199116,nan,1.6162301119341884,-1.7351846205619401,0.3083019754364863,1.1426898526132965,0.9454567414932733,1.1913942752608835,nan,1.203880621028228,0.4436693610419558,-5.968702793121338,2.931321382522583,1.243869662284851,-5.94,4.44,1.65
1743701478.347247,2c08d2cc-7a1c-9d34-25ea-6265acb43d72,457eb717-d82c-5c6c-4e62-615b5d207990,18,-76.0,-71.0,-71.0,-65.0,nan,-51.0,-61.0,-2.993206910288867,-0.8798413125027102,-3.0992305490782295,0.013705958550092798,nan,2.520684059763805,-1.728271763319566,0.29554623276333375,1.0673523543263175,0.7973864496234672,1.2715374477349106,nan,1.1097575043826764,0.427380195807186,-5.967604160308838,2.9335107803344727,1.2881828546524048,-5.94,4.44,1.65
1743701479.345882,2c08d2cc-7a1c-9d34-25ea-6265acb43d72,6dfb2af8-a8a4-8b55-bc02-82b25b397684,8,-70.0,-72.0,-74.0,-75.0,nan,-61.0,-61.0,-2.9145664264599174,-0.8349364217823393,-2.9466692355041686,-0.026134665041383596,nan,2.649640442161781,-1.7514041905330695,0.29163285069951683,1.0621110535639597,0.8326604843147575,1.228907429217685,nan,0.9908942383439209,0.4376770715339111,-5.9670209884643555,2.894028902053833,1.279813528060913,-5.94,4.44,1.65
1743701480.290193,2c08d2cc-7a1c-9d34-25ea-6265acb43d72,2fce8f9c-df97-e9fc-c316-04306b19bf57,30,-75.0,-74.0,-69.0,-65.0,nan,-53.0,nan,-2.9547069219901365,-0.8176461147211087,-2.9074328831640313,-0.10547609286924228,nan,2.6355975222056656,nan,0.22729076224990474,1.099841854360848,0.889796075499372,1.2084868426111757,nan,0.6331524771606769,nan,-5.933027267456055,2.755356550216675,1.2415847778320312,-5.94,4.44,1.65
1743701481.345633,2c08d2cc-7a1c-9d34-25ea-6265acb43d72,99e48925-3108-1f8b-6209-917797f17312,16,-76.0,-71.0,-69.0,-65.0,nan,nan,-63.0,-2.9923006365699134,-0.7845068033805986,-2.8809493440198475,-0.0416286699473556,nan,nan,-1.7929944463089422,0.2344777518599175,1.0590432917252701,0.9000485133268773,1.2140204918821969,nan,nan,0.31578519991005755,-5.876530647277832,2.6281628608703613,1.1527929306030273,-5.94,4.44,1.65
1743701482.346147,2c08d2cc-7a1c-9d34-25ea-6265acb43d72,cffe951e-00c7-8fcf-a5fa-2b39add0efa7,14,-74.0,-72.0,-70.0,-68.0,nan,-50.0,nan,-3.0138706435029006,-0.8239745844194641,-2.909518138297563,0.03224741869144247,nan,2.713562864289825,nan,0.19216260220732356,1.0227257639398595,0.9367372857682448,1.2572914001157496,nan,0.669145517661204,nan,-5.84225082397461,2.512964963912964,1.0542391538619995,-5.94,4.44,1.65
1743701483.346848,2c08d2cc-7a1c-9d34-25ea-6265acb43d72,aab20252-26f9-1bb3-3012-9234135463c9,18,-76.0,-71.0,-71.0,-65.0,nan,-50.0,-61.0,-2.9977116472727365,-0.8185361431574132,-2.8962177791814896,0.03404372084670092,nan,2.8079440006599237,-1.7702387313263102,0.22273730606284406,0.9917520686187746,0.8294718815416057,1.2715873820053496,nan,0.7396427464979033,0.370847020594511,-5.837370872497559,2.442117929458618,1.03311562538147,-5.94,4.44,1.65
1743701484.350019,2c08d2cc-7a1c-9d34-25ea-6265acb43d72,636a1750-5602-f781-3ef1-da00fd2036a5,19,-76.0,-70.0,-72.0,-65.0,nan,-52.0,-61.0,-3.069214593064165,-0.8452564373225052,-2.8490358857291005,0.036163863390513,nan,2.941970706809991,-1.7351846205619401,0.22339578928712298,0.971971639359293,0.8336995831930791,1.2533163658726978,nan,0.7928256221391485,0.4436693610419558,-5.8543829917907715,2.3877415657043457,1.0220216512680054,-5.94,4.44,1.65
1743701485.343189,2c08d2cc-7a1c-9d34-25ea-6265acb43d72,1d61cd2c-88d7-e520-a1db-def40dbdb8c8,3,-70.0,-70.0,-75.0,-65.0,nan,-55.0,-63.0,-2.9098784639930506,-0.8485310601988668,-2.822573385557528,0.049855973502937384,nan,0.7033818005499268,-1.708122002561692,0.26805067576016284,1.0745371634731877,0.7569781732456404,1.253213434696566,nan,1.2989893317364614,0.3784101244585871,-5.8614959716796875,2.333202838897705,1.0364437103271484,-5.94,4.44,1.65
1743701486.34684,2c08d2cc-7a1c-9d34-25ea-6265acb43d72,9a305edf-4aca-6813-a629-ba3252dd9ddf,28,-75.0,-75.0,-70.0,-63.0,nan,nan,nan,-2.934955321449455,-0.8002346338302797,-2.7597992165549434,0.024052339385050636,nan,nan,nan,0.2933648042249362,0.9390211461400696,0.701457256629941,1.1563528011117845,nan,nan,nan,-5.918596267700195,2.3068108558654785,1.1083143949508667,-5.94,4.44,1.65
1743701487.343228,2c08d2cc-7a1c-9d34-25ea-6265acb43d72,dafafb67-d0c4-25e6-4aaa-a30e20492a9b,12,-70.0,-74.0,-73.0,-70.0,nan,-52.0,nan,-2.882021000042495,-0.8562100188860011,-2.8045578997314693,0.026024410172254316,nan,2.353189006621928,nan,0.3250007944196101,1.010280745586892,0.7253452789757338,1.1691696633319542,nan,0.9044785980248062,nan,-5.956468105316162,2.321582794189453,1.1265888214111328,-5.94,4.44,1.65
1743701488.346464,2c08d2cc-7a1c-9d34-25ea-6265acb43d72,c1308461-5eca-bda9-166e-3a7c9c966656,10,-68.0,-74.0,-73.0,-72.0,nan,-56.0,-63.0,-2.8015943340704292,-0.8171534299194441,-2.8563478608180217,0.021983595850277086,nan,2.4901838337013915,-1.7075211740328322,0.35408680787053315,1.0395436262237099,0.8769047113477072,1.2173871269742207,nan,0.9047917464591027,0.3971909845873149,-5.962928295135498,2.3260674476623535,1.08127224445343,-5.94,4.44,1.65
1743701489.348791,2c08d2cc-7a1c-9d34-25ea-6265acb43d72,c42eaf9f-77a4-9538-6097-991f45bb53be,7,-71.0,-71.0,-74.0,-78.0,nan,-62.0,-64.0,-2.7461880665396574,-0.8477342424007149,-2.9218664173239333,-0.005922337632118209,nan,2.649811149858861,-1.7124405963676064,0.34813567480912844,1.149041092338972,0.8756415074636553,1.232840651831623,nan,0.8100320185626548,0.4325820581021286,-5.963232517242432,2.3245608806610107,1.0629080533981323,-5.94,4.44,1.65
1743701490.29231,2c08d2cc-7a1c-9d34-25ea-6265acb43d72,f5ca9307-af4c-d079-3c67-a85bf6d95c84,26,-70.0,-78.0,-70.0,-63.0,nan,-54.0,nan,-2.916591760468923,-0.8236600650947258,-2.855267682679886,0.011080614347492686,nan,2.6148464934226014,nan,0.5073433063576459,1.082413196080988,0.8481820529380119,1.1248223053857913,nan,0.5115372798815839,nan,-5.962156295776367,2.3239006996154785,1.0299413204193115,-5.94,4.44,1.65
1743701491.34563,2c08d2cc-7a1c-9d34-25ea-6265acb43d72,c4f8ac65-e7c0-47ad-9462-4e0bb16791aa,8,-69.0,-72.0,-74.0,-78.0,nan,-59.0,-61.0,-2.8159519681392644,-0.8355311056537539,-2.8250442664169038,-0.031792018145038924,nan,2.6562513868452626,-1.7163192884063072,0.4719791569529701,1.0198603357649887,1.009205094822609,1.1322340158575364,nan,0.6384883776573268,0.4682048196825309,-5.972140789031982,2.3252322673797607,0.981604039669037,-5.94,4.44,1.65
1743701492.34398,2c08d2cc-7a1c-9d34-25ea-6265acb43d72,cd1e049e-222a-7ddc-3538-5f786482b5d1,13,-72.0,-72.0,-72.0,-69.0,nan,nan,-66.0,-2.966211777899279,-0.8363281897680147,-2.9926130253657797,0.006578274208604726,nan,nan,-1.787274375045722,0.343683135782625,1.0297662297556476,1.0451473166314003,1.178411231788693,nan,nan,0.2045212916969312,-5.978846073150635,2.347419023513794,0.9034278988838196,-5.94,4.44,1.65
1743701493.345922,2c08d2cc-7a1c-9d34-25ea-6265acb43d72,f0657ad4-7292-7492-cf01-4470b34a7388,10,-68.0,-75.0,-73.0,-73.0,nan,nan,nan,-2.8317780692331693,-0.8410545017545783,-3.0092966643306895,-0.018165954427648498,nan,nan,nan,0.37459061826110773,0.9833040555878526,1.1251866258229142,1.1673842801371652,nan,nan,nan,nan,nan,nan,-5.94,4.44,1.65
1743701494.345167,2c08d2cc-7a1c-9d34-25ea-6265acb43d72,87eab131-5d0e-9d9d-7d5d-1d8361688f34,24,-70.0,-75.0,-69.0,-63.0,nan,-54.0,-67.0,-3.0461862391182497,-0.8254734114809607,-3.0550156833962983,0.00010439591473110613,nan,2.5299898662952613,-1.7336728438093796,0.3587112872349149,0.9441183033084267,1.0828414323842728,1.13921256317798,nan,0.39521408423984306,0.34927870324302557,-5.969302654266357,2.3605055809021,0.8646686673164368,-5.94,4.44,1.65
1743701496.346435,2c08d2cc-7a1c-9d34-25ea-6265acb43d72,060ab9bb-12da-1ebd-5818-e1a3ee195edc,2,-70.0,-70.0,-74.0,-64.0,nan,-54.0,-63.0,-2.9089570102558833,-0.8150487337099546,-2.963235961697224,-0.02351890821870777,nan,1.3049364673890225,-1.7567834977260843,0.46276255563145113,1.133265191831615,1.0559646775051386,1.1816135498414584,nan,1.190261636415344,0.37753327920780233,-5.967227458953857,2.391852378845215,0.8994247317314148,-5.94,4.44,1.65
1743701497.34653,2c08d2cc-7a1c-9d34-25ea-6265acb43d72,7ce5f885-d2db-dbc8-6238-b885a989e09f,35,-79.0,-74.0,-71.0,-64.0,nan,nan,nan,-2.974614850086806,-0.8551096007235803,-2.9333638163820233,-0.04759388447302408,nan,nan,nan,0.46187918509787185,0.9037028363956567,1.0188633148318904,1.1114622248822723,nan,nan,nan,nan,nan,nan,-5.94,4.44,1.65
1743701498.345862,2c08d2cc-7a1c-9d34-25ea-6265acb43d72,96748b45-5887-3369-6338-3ef93d8fa87b,23,-71.0,-75.0,-69.0,-63.0,nan,-53.0,-64.0,-3.0056729010354193,-0.8500187019837849,-2.8528042586715627,0.011430820030838108,nan,0.9424816283833374,-1.6849166064889574,0.3911380698257742,0.9650448905220514,0.9312412536476212,1.1192894550630974,nan,0.8565946367734327,0.458222588628912,-5.953768253326416,2.427079916000366,0.7944430112838745,-5.94,4.44,1.65
1743701499.292717,2c08d2cc-7a1c-9d34-25ea-6265acb43d72,641475cd-38fc-ccb5-c0c8-b856511615c8,2,-71.0,-71.0,-74.0,-63.0,nan,-54.0,-63.0,-2.943865725824642,-0.8065726909085593,-2.6249812137435353,-0.03817135422021473,nan,0.45878844514970446,-1.7931293941069182,0.4223171614459314,1.074736767396889,0.9346554927441298,1.2413439920341918,nan,0.6279921816285469,0.37861106832517005,-5.887409210205078,2.451766014099121,0.6448814868927002,-5.94,4.44,1.65
1743701500.34345,2c08d2cc-7a1c-9d34-25ea-6265acb43d72,d36b664e-f3a5-3c7e-f630-5dafd079a7b7,16,-77.0,-70.0,-70.0,-65.0,nan,-49.0,-62.0,-3.0041740739739224,-0.8297579050426802,-2.8179016683733114,0.0015792545264169881,nan,1.520154195029936,-1.7766051510398753,0.38121862700306963,1.0695645090857917,1.0182254211717892,1.2186807574737266,nan,1.2387417272558576,0.28396755067815976,-5.838143348693848,2.4344496726989746,0.598982334136963,-5.94,4.44,1.65
1743701501.344153,2c08d2cc-7a1c-9d34-25ea-6265acb43d72,3127dc96-2ca0-072b-1715-6e94884d3adc,24,-69.0,-78.0,-69.0,-63.0,nan,-54.0,-64.0,-3.1153493315759344,-0.8451493782466841,-2.804150436084687,0.10273170536591561,nan,2.3769390325838513,-1.721912596585491,0.34965703887134986,1.0046813162369461,1.0007616757445672,1.149660144134361,nan,0.7637554140785552,0.39218390685238796,-5.793071746826172,2.4168930053710938,0.5627166628837585,-5.94,4.44,1.65
1743701502.293639,2c08d2cc-7a1c-9d34-25ea-6265acb43d72,24c791d5-68f5-c276-9a19-2a16baccc8d2,28,-74.0,-74.0,-71.0,-63.0,nan,-53.0,nan,3.1395271058483276,-0.8243138711423401,-2.8344625356119693,0.07811690635864024,nan,2.527642759235481,nan,0.2670687016872234,1.086849223508733,0.92753366735704,1.0982831061748246,nan,0.5198290362105591,nan,-5.737207412719727,2.395756483078003,0.507209300994873,-5.94,4.44,1.65
1743701503.344988,2c08d2cc-7a1c-9d34-25ea-6265acb43d72,70316aff-b71b-e037-17ca-ece46cfbf5d5,35,-79.0,-73.0,-70.0,-64.0,nan,-56.0,nan,3.1158979427604905,-0.8252209438096211,-3.000844589979105,-0.021343904556440054,nan,2.4936147489409275,nan,0.3420667301590014,1.1935683468167695,0.8499663042893376,1.0386774330791617,nan,0.3858806563084542,nan,-5.7107133865356445,2.369596004486084,0.511071741580963,-5.94,4.44,1.65
1743701504.345852,2c08d2cc-7a1c-9d34-25ea-6265acb43d72,c681ef15-7c5a-06fe-d7fe-76eeb9ac9fbd,34,-80.0,-74.0,-70.0,-64.0,nan,-55.0,-66.0,3.1197627221344133,-0.8066499225801717,-2.993586677060313,-0.07984423264166564,nan,2.4697242596298805,-1.7998580173474983,0.25140080900682604,1.1505907857772892,0.810204310529046,1.0982606024636135,nan,0.335304636544862,0.3747051476165545,-5.713340759277344,2.3401503562927246,0.593935489654541,-5.94,4.44,1.65
1743701505.343987,2c08d2cc-7a1c-9d34-25ea-6265acb43d72,50f2b552-bc3b-e90e-02b9-01b4a5c8b8e3,31,-75.0,-73.0,-69.0,-65.0,nan,-55.0,nan,3.0863144841074543,-0.8304364784884323,-3.0130820815041286,-0.16110313645438137,nan,2.5236118280520365,nan,0.17982842128997376,1.1265359163892028,0.801621608125993,1.2634837822824017,nan,0.34810603181334027,nan,-5.72258186340332,2.3024916648864746,0.6449461579322815,-5.94,4.44,1.65
1743701506.343997,2c08d2cc-7a1c-9d34-25ea-6265acb43d72,0da4a395-c863-0415-ca0a-b28cca77a39d,36,-77.0,-73.0,-71.0,-63.0,nan,-56.0,-66.0,-3.1176622869826685,-0.8216429868850997,-2.9353494692907867,-0.16962631720707094,nan,2.4837877903788907,-1.8325920935834694,0.31782876844597224,1.0962500489986582,0.8258220858466794,1.1961866336424813,nan,0.3535054447658857,0.33083654975247956,-5.73975944519043,2.2778091430664062,0.65232652425766,-5.94,4.44,1.65
1743701507.293751,2c08d2cc-7a1c-9d34-25ea-6265acb43d72,d4f9dac7-89e7-32be-dd0e-82257c4315f5,30,-75.0,-73.0,-70.0,-64.0,nan,-54.0,nan,3.1379451881608205,-0.8352187168578876,-2.955810269629757,-0.17025828533374673,nan,2.5706062931816978,nan,0.3074603166634804,1.01688971272706,0.773467401450975,1.1985435312072013,nan,0.3894077265958017,nan,-5.74501371383667,2.2472984790802,0.561859905719757,-5.94,4.44,1.65
1743701508.344691,2c08d2cc-7a1c-9d34-25ea-6265acb43d72,19ff32d5-b1ac-ebde-89be-6dde29d308e7,21,-75.0,-73.0,-70.0,-63.0,nan,-52.0,-63.0,-3.1287381076401983,-0.865611510166199,-2.907220895541261,-0.12693531230088276,nan,-3.1039471840207593,-1.6909047149471519,0.34695968945077676,0.9964443587224127,0.7439724263251567,1.1585477784822278,nan,0.3837263258492476,0.42050103752480067,-5.761109352111816,2.2172677516937256,0.629050850868225,-5.94,4.44,1.65
1743701509.346203,2c08d2cc-7a1c-9d34-25ea-6265acb43d72,fbc6c2d2-56e8-bdfa-c8db-8ec74e884005,17,-77.0,-70.0,-71.0,-65.0,nan,-50.0,-59.0,3.1379313397231523,-0.8346900793815069,-2.8621953636235093,-0.06398830414355187,nan,3.0169202000776547,-1.7149679967305234,0.36664757386237823,1.1320100440098608,0.7326259619218468,1.2155474152931935,nan,0.5724052229767469,0.37596162410531364,-5.78626298904419,2.194309711456299,0.6871224641799927,-5.94,4.44,1.65
1743701510.347028,2c08d2cc-7a1c-9d34-25ea-6265acb43d72,614569aa-7940-68f1-7c4e-bb8c8ea98ab6,20,-77.0,-71.0,-72.0,-64.0,nan,-52.0,-60.0,3.127911995070056,-0.8077202470222744,-2.845311987576843,0.010813765606266746,nan,-3.075184022618693,-1.6552885644447868,0.23806807583875103,1.0436239219088477,0.6950663358040233,1.223998557538397,nan,0.6621548382959273,0.44638912548800125,-5.816999435424805,2.19343090057373,0.7296403646469116,-5.94,4.44,1.65
1743701511.346926,2c08d2cc-7a1c-9d34-25ea-6265acb43d72,00cbbb91-84a8-dea9-3410-22cb5b977f07,6,-73.0,-70.0,-74.0,-75.0,nan,-60.0,-61.0,-2.9228864080214336,-0.808380977288723,-2.871795526721027,-0.05210661094016335,nan,0.9535057540079745,-1.7044324057983722,0.27034002890173586,1.1321237609884074,0.7271750038026727,1.25000845348271,nan,1.420783853464323,0.4349768332455602,-5.865357398986816,2.2042548656463623,0.7838334441184998,-5.94,4.44,1.65
1743701512.346611,2c08d2cc-7a1c-9d34-25ea-6265acb43d72,c1d6c8fe-297d-ccf9-8cb5-77a55eb7ba4f,21,-75.0,-74.0,-71.0,-63.0,nan,-53.0,-62.0,-2.8753242151653815,-0.7878144494544772,-2.8060636510118,-0.007818242012145619,nan,-2.722177552634385,-1.6263179747104488,0.25824345188789155,1.0161164639045555,0.7576551487947386,1.2404868536373495,nan,0.9346843741895038,0.4857816786263936,-5.918676376342773,2.2600698471069336,0.8201656341552734,-5.94,4.44,1.65
1743701513.347926,2c08d2cc-7a1c-9d34-25ea-6265acb43d72,6972fc56-0aa2-17d7-6ad4-546a45e494fc,36,-79.0,-73.0,-71.0,-64.0,nan,nan,nan,-2.81305924256322,-0.8419413343975747,-2.785244122873997,-0.01609934142174701,nan,nan,nan,0.32252615184519495,1.0743418871862576,0.8218850016491606,1.1345367180940733,nan,nan,nan,-5.96031093597412,2.3482329845428467,0.860859453678131,-5.94,4.44,1.65
1743701514.346408,2c08d2cc-7a1c-9d34-25ea-6265acb43d72,eb8e0086-5735-918c-3aa8-217c8034ce40,0,-76.0,-77.0,-74.0,-65.0,nan,nan,nan,-2.737570876200488,-0.8572031116564917,-2.767952217916112,-0.08119845005597094,nan,nan,nan,0.47079834461514264,1.217812433800306,0.7904351331251698,1.306536710780732,nan,nan,nan,-5.9912872314453125,2.451533079147339,0.86943918466568,-5.94,4.44,1.65
1743701515.34348,2c08d2cc-7a1c-9d34-25ea-6265acb43d72,a0dcd22c-9f37-d17a-185b-7266b265c55c,31,-77.0,-74.0,-70.0,-66.0,nan,-54.0,nan,-2.8437660225640515,-0.8488335952986997,-2.8856913686568424,-0.1315178135885821,nan,2.9574830333693773,nan,0.45718409867508947,1.1187018285685713,0.8546877560069118,1.3126876807924335,nan,0.7071559355933822,nan,-5.992637634277344,2.5826008319854736,0.9260711073875427,-5.94,4.44,1.65
1743701516.343472,2c08d2cc-7a1c-9d34-25ea-6265acb43d72,7df2f435-ef5a-4737-c11d-466ccd5922b9,21,-74.0,-73.0,-72.0,-63.0,nan,-52.0,-61.0,-2.781650985931262,-0.8322841796527294,-2.7957750607724967,-0.08779057270224408,nan,-2.896009745786391,-1.5530160188601607,0.3500484236830506,0.9605414851187274,0.8298487188358519,1.288537603395377,nan,0.5449078132959977,0.4709285334360859,-5.97120189666748,2.6807868480682373,0.938202440738678,-5.94,4.44,1.65
1743701517.345591,2c08d2cc-7a1c-9d34-25ea-6265acb43d72,aa000144-b7cc-1edf-1790-6f95a6dd9eea,21,-73.0,-74.0,-70.0,-64.0,nan,-53.0,-59.0,-2.617881226277384,-0.8165827144978401,-2.742378680916408,0.006000101935948523,nan,-2.6881052757657233,-1.5175866882610627,0.3058183779829056,0.8411040365508538,0.788239556543481,1.211087419415638,nan,0.3807021208866365,0.4684496427332405,-5.949281692504883,2.780871868133545,0.9519934058189392,-5.94,4.44,1.65
1743701518.343089,2c08d2cc-7a1c-9d34-25ea-6265acb43d72,e720dfbe-061d-a4e0-c5e5-76d293aefb90,35,-79.0,-73.0,-71.0,-64.0,nan,-56.0,nan,-2.718983077056171,-0.8405540937857523,-2.8696285125420293,-0.1158424474123757,nan,3.027903936173718,nan,0.3447176407080663,1.0478719967426602,0.8110123801828032,1.1617912423738352,nan,0.39910155490751736,nan,-5.913662910461426,2.9043211936950684,0.9326777458190918,-5.94,4.44,1.65
1743701519.343901,2c08d2cc-7a1c-9d34-25ea-6265acb43d72,fcfcdd9c-f8e2-0a64-1d04-7ed0a8018420,2,-70.0,-72.0,-74.0,-64.0,nan,-53.0,-62.0,-2.708400473832523,-0.8479819163820923,-2.851161088278984,-0.10328377865988904,nan,1.1100785134589137,-1.890584659939509,0.38057940176242344,1.1464925803338206,0.8314629939306033,1.246895617642571,nan,1.414790976976093,0.4219892663299623,-5.90468978881836,2.995333433151245,0.981530487537384,-5.94,4.44,1.65
1743701520.344739,2c08d2cc-7a1c-9d34-25ea-6265acb43d72,df7e3f8d-fca6-aaa8-52a2-a1cd0e2dc00b,14,-76.0,-71.0,-70.0,-68.0,nan,-50.0,-64.0,-2.6918052518158033,-0.8460442003729507,-2.859871222940197,-0.0405365075843141,nan,2.6079193374626652,-1.8309243535633326,0.38366567257068895,1.0729970574147947,0.7579200667441742,1.2630792481128188,nan,1.1127370133622108,0.17818628350987475,-5.9120831489563,3.063446521759033,1.00855827331543,-5.94,4.44,1.65
1743701521.342632,2c08d2cc-7a1c-9d34-25ea-6265acb43d72,85145c60-2b2a-14fc-7d10-656c2901df09,20,-74.0,-71.0,-71.0,-64.0,nan,-52.0,-61.0,-2.6671012369120106,-0.8593813111120675,-2.794292745309759,-0.023758592716814898,nan,3.079225122944972,-1.7611701679437566,0.32499094072357687,0.8867425615725142,0.7401872088887999,1.2263485308842828,nan,0.9764818488133072,0.3555904998282891,-5.937752723693848,3.157829999923706,1.0388518571853638,-5.94,4.44,1.65
1743701522.347287,2c08d2cc-7a1c-9d34-25ea-6265acb43d72,833bb659-d60b-92c6-292f-71e133693bf3,19,-75.0,-70.0,-71.0,-65.0,nan,-52.0,-60.0,-2.7411000972770614,-0.8543178429314998,-2.762312974307869,0.02662521931417619,nan,-3.113863390170756,-1.6929074047538133,0.2953550510865797,0.9401961328130126,0.8594227232670183,1.293993355204513,nan,0.8899298596121716,0.401696493684231,-5.970568656921387,3.26854419708252,1.081251859664917,-5.94,4.44,1.65
1743701523.343243,2c08d2cc-7a1c-9d34-25ea-6265acb43d72,23a78369-cb35-591d-1451-7cd7f060687e,28,-75.0,-77.0,-71.0,-63.0,nan,nan,nan,-2.815342370565745,-0.8523449731959691,-2.7510635155472656,-0.03306980283605894,nan,nan,nan,0.3092411059053891,1.0113944795547631,0.8998612931022447,1.2628547436329254,nan,nan,nan,-6.00201940536499,3.3625147342681885,1.087361454963684,-5.94,4.44,1.65
1743701524.353212,2c08d2cc-7a1c-9d34-25ea-6265acb43d72,92b9d4f7-9b8f-abfc-6a84-444a96560c09,34,-77.0,-74.0,-70.0,-65.0,nan,-56.0,nan,-3.0188981590087525,-0.8071631137222299,-2.839029324249237,-0.07780744703997304,nan,2.7968835396221294,nan,0.33211959046096007,1.0942653947753038,0.9783402562110811,1.2232045360593895,nan,0.6168906585122679,nan,-6.02243947982788,3.4220142364501953,1.0507888793945312,-5.94,4.44,1.65
1743701525.346912,2c08d2cc-7a1c-9d34-25ea-6265acb43d72,a260eb8e-6f5e-5e62-5294-2e3cba3618ad,32,-77.0,-74.0,-70.0,-66.0,nan,-55.0,nan,-3.1013240600111414,-0.829985338999773,-2.8940323891909703,-0.08658975336672733,nan,2.685863065229732,nan,0.28690044673195964,1.023981444393832,0.9945429282831232,1.2896143194240957,nan,0.47827950979282247,nan,-6.09846067428589,3.451284885406494,0.966490387916565,-5.94,4.44,1.65
1743701526.346642,2c08d2cc-7a1c-9d34-25ea-6265acb43d72,7e834774-93c6-3b27-01b6-f8fae56931e1,12,-72.0,-73.0,-72.0,-71.0,nan,-52.0,-64.0,-3.1111857455277043,-0.8523114173662342,-2.872231486191473,-0.0424286835388154,nan,2.68829358737305,-1.723292466237861,0.2911726231736375,1.0586475459872844,1.0409919863825496,1.2740420175820757,nan,0.6123224472926708,0.21363345765781747,-6.119798183441162,3.415300130844116,0.906734824180603,-5.94,4.44,1.65
1743701527.347137,2c08d2cc-7a1c-9d34-25ea-6265acb43d72,7579bd1d-cd86-69d7-d51c-b67a25103fe0,33,-77.0,-75.0,-70.0,-65.0,nan,-56.0,nan,-3.110772156610415,-0.8399144024919153,-2.8892916961345203,-0.070445404522558,nan,2.619665388514949,nan,0.33550799689489513,1.0588835020598655,1.0170600218787706,1.2553514204196818,nan,0.49642858902705955,nan,-6.117902755737305,3.3467838764190674,0.9035996198654175,-5.94,4.44,1.65
1743701528.340954,2c08d2cc-7a1c-9d34-25ea-6265acb43d72,afdc02a1-524f-deb0-b0cd-59cf3c4aa890,18,-78.0,-71.0,-71.0,-65.0,nan,-51.0,-59.0,-3.1186143670723716,-0.7954603849440947,-2.869784573781908,-0.04816459989462806,nan,2.771493006621659,-1.7004993396912835,0.33949488220479823,0.9435502510479128,0.9102887671923955,1.2824670608485957,nan,0.6295239094920442,0.32499422300749164,-6.1265482902526855,3.2490174770355225,0.901943564414978,-5.94,4.44,1.65
1743701529.295124,2c08d2cc-7a1c-9d34-25ea-6265acb43d72,d5e39622-ef5e-9761-369c-0c1cc60442ca,26,-72.0,-79.0,-71.0,-63.0,nan,-54.0,-61.0,3.0471324602535548,-0.7791956612186537,-2.8589034302000624,0.00738201622559064,nan,2.659440547953248,-1.4827775226026527,0.2152741965820605,0.7457389010762063,0.8799867876772558,1.1790198972558303,nan,0.42405001774165196,0.17084190702879684,-6.1097822189331055,3.1510438919067383,0.8570366501808167,-5.94,4.44,1.65
1743701530.346711,2c08d2cc-7a1c-9d34-25ea-6265acb43d72,b230761c-bccc-d67b-5150-af0354784f2c,16,-78.0,-70.0,-72.0,-65.0,nan,-50.0,-62.0,3.105921208684836,-0.8283967634095406,-2.8203555050017104,0.018020545832130173,nan,2.7033696829642846,-1.5758006819310866,0.28485024545627574,0.9519762264208146,0.8147314846450988,1.2308138530840183,nan,0.5650756813915012,0.27920900788153535,-6.086080074310303,3.05474328994751,0.829613745212555,-5.94,4.44,1.65
1743701531.342721,2c08d2cc-7a1c-9d34-25ea-6265acb43d72,97bb7dd3-a55f-ac12-ee1b-852a01aeca7a,4,nan,nan,nan,-65.0,nan,nan,nan,nan,nan,nan,-0.029470806938925856,nan,nan,nan,nan,nan,nan,1.166201037664843,nan,nan,nan,nan,nan,nan,-5.94,4.44,1.65
1743701532.295156,2c08d2cc-7a1c-9d34-25ea-6265acb43d72,d2772ec0-1c16-4230-ea20-76be485e901f,11,nan,-75.0,-76.0,-70.0,nan,-55.0,-63.0,nan,-0.8183489229327806,-2.8145836359711813,-0.0010546117916713784,nan,2.695152796033301,-1.6156231379206845,nan,1.0193073969436612,0.9228819238809987,1.1958843648587572,nan,0.716583644068406,0.27572414654002836,-6.04483461380005,2.9207236766815186,0.7922524213790894,-5.94,4.44,1.65
1743701533.295087,2c08d2cc-7a1c-9d34-25ea-6265acb43d72,151b57e8-8cc9-c5bf-abe2-89fa7a391e21,35,nan,-74.0,-71.0,-64.0,nan,-56.0,-67.0,nan,-0.80169218189488,-2.8048135631961166,-0.056713879626000434,nan,-2.9387137989632848,-1.7153011581674313,nan,1.0078663237426262,0.8996201438655381,1.1014342915346609,nan,0.5319484179175044,0.2995234982286313,-6.023939609527588,2.7892203330993652,0.835258185863495,-5.94,4.44,1.65
1743701534.343746,2c08d2cc-7a1c-9d34-25ea-6265acb43d72,28762f3b-c41e-6913-b033-6e05069bc7b3,25,nan,-77.0,-71.0,-63.0,nan,-53.0,-63.0,nan,-0.8685124915416221,-2.755814594931967,-0.04872945636183387,nan,2.877079367918711,-1.6305170884081266,nan,0.8065708932748236,0.8641873181942518,1.0925237540014192,nan,0.3888502437908478,0.3263861266852719,-5.99936580657959,2.6732025146484375,0.858349323272705,-5.94,4.44,1.65
1743701535.344079,2c08d2cc-7a1c-9d34-25ea-6265acb43d72,eb9027f5-9b58-8771-c57b-784f7c027dbe,14,nan,-71.0,-72.0,-68.0,nan,-50.0,-64.0,nan,-0.8216078331587107,-2.754064099147458,0.002905508749276449,nan,2.8757990541141214,-1.7240657368284382,nan,0.974688929198528,0.9333211158799457,1.1439328830520912,nan,0.5425686749349075,0.1679598037597871,-5.96376371383667,2.60124683380127,0.8696805834770203,-5.94,4.44,1.65
1743701536.34064,2c08d2cc-7a1c-9d34-25ea-6265acb43d72,edf2b649-0be0-e0d3-dcda-c57e38376f1a,18,nan,-70.0,-74.0,-65.0,nan,-52.0,nan,nan,-0.8011784581206037,-2.7991607374663148,0.07622046934639481,nan,2.9377092653431665,nan,nan,1.0264258933793884,0.7744007728340208,1.1806846392532386,nan,0.6878452036135941,nan,-5.884413719177246,2.5633187294006348,0.8678772449493408,-5.94,4.44,1.65
1743701537.350271,2c08d2cc-7a1c-9d34-25ea-6265acb43d72,13234cc9-eaa6-2665-83f2-335497e1f8f1,21,-75.0,-74.0,-71.0,-64.0,nan,-53.0,-61.0,3.0660499587408236,-0.8032794259045672,-2.767945560013387,0.11102292478765931,nan,-3.001092811874765,-1.688023353291335,0.19912275707148883,0.9737732678367317,0.756825840431288,1.1126111125765328,nan,0.7281166634061935,0.31091930487702013,-5.882172107696533,2.623661994934082,0.8781266808509827,-5.94,4.44,1.65
1743701538.348677,2c08d2cc-7a1c-9d34-25ea-6265acb43d72,681fdff2-5e9d-5c98-da9d-52f4768f6c84,20,-75.0,-72.0,-73.0,-64.0,nan,-52.0,-61.0,3.1305495898136706,-0.8159984169546767,-2.7627622495837656,0.12624475463022522,nan,-2.8488730176519272,-1.615136944827787,0.16677859905344927,0.9471359977186228,0.7957843584907027,1.181523002364396,nan,0.6768146602621665,0.39910155487063165,-5.901296138763428,2.720050573348999,0.8727939128875732,-5.94,4.44,1.65
1743701539.344774,2c08d2cc-7a1c-9d34-25ea-6265acb43d72,8925c3ac-4c9d-e965-b60d-981393c1ba94,11,-69.0,-74.0,-75.0,-69.0,nan,-55.0,-61.0,3.0775585430754915,-0.819368114681954,-2.7545240270677143,0.13644412897301067,nan,3.1155123830807714,-1.659680058789188,0.20472653070296312,1.0409941169114216,0.8344855486097887,1.1907461950096128,nan,0.837588905250966,0.31990321628213747,-5.916377067565918,2.867398738861084,0.8590187430381775,-5.94,4.44,1.65
1743701540.296388,2c08d2cc-7a1c-9d34-25ea-6265acb43d72,cc0b04a9-1be9-6c28-6571-a4001bb6696b,11,-71.0,-74.0,-75.0,-71.0,nan,-54.0,-62.0,3.0921745037700648,-0.7927213237629481,-2.7844694093128926,0.13659912494845328,nan,2.873862383893496,-1.6799251221150324,0.19597268691035905,1.0416779501003268,0.8469909541404739,1.185380458045321,nan,0.8547494955186152,0.2764607411043517,-5.932021141052246,3.013010025024414,0.8794304728507996,-5.94,4.44,1.65
1743701541.347654,2c08d2cc-7a1c-9d34-25ea-6265acb43d72,e66f0f50-cf50-7905-dcf5-d1ea91b5ae32,11,-69.0,-75.0,-72.0,-71.0,nan,-55.0,-61.0,3.1177568292013658,-0.8027699631880351,-2.7968118293848647,0.1274447750174149,nan,2.78282890702553,-1.6649927103890518,0.13140272341759865,0.994222083950796,0.9337459566528405,1.17888980183658,nan,0.8754222412007603,0.2817759673849422,-5.942468166351318,3.143022298812866,0.92379492521286,-5.94,4.44,1.65
1743701542.296557,2c08d2cc-7a1c-9d34-25ea-6265acb43d72,b9dcdfba-9a5e-e571-fafa-9037d8e06d85,6,-71.0,-69.0,-81.0,-71.0,nan,nan,-60.0,-2.851168545130036,-0.8082984192949306,-2.8220394217589675,0.0519537454935928,nan,nan,-1.6504373395226215,0.3218830983104816,0.9950398075635049,1.0266145117635932,1.2424517338896102,nan,nan,0.35814415696810725,-5.963043689727783,3.3065621852874756,0.9951583743095398,-5.94,4.44,1.65
1743701543.343836,2c08d2cc-7a1c-9d34-25ea-6265acb43d72,1ab37b8b-5464-d279-c68c-0c726515cf1e,33,-81.0,-74.0,-70.0,-65.0,nan,-54.0,nan,3.027378729184001,-0.8134846592017511,-2.840046385469538,-0.06487353888989421,nan,2.618715907630904,nan,0.4009649678005984,0.9428220762268579,0.8818307604160269,1.2179035139095868,nan,0.5618046739197455,nan,-5.955352783203125,3.4486982822418213,0.9600422978401184,-5.94,4.44,1.65
1743701544.295961,2c08d2cc-7a1c-9d34-25ea-6265acb43d72,315685df-2279-0bae-1165-2480407a0a4a,18,-77.0,-72.0,-72.0,-66.0,nan,-51.0,-61.0,-3.121521207402193,-0.7897649486368512,-2.806360327157235,0.00264238843357662,nan,2.7881169260089846,-1.7217571872653485,0.33599039523684937,1.0471147934657234,0.7146259224301102,1.2239153337543318,nan,0.6496925063729139,0.37339536554331926,-5.974642276763916,3.5913898944854736,0.9518950581550598,-5.94,4.44,1.65
1743701545.344236,2c08d2cc-7a1c-9d34-25ea-6265acb43d72,87d70a9b-3bb3-a1e0-2fac-394e90e1ec8f,14,-74.0,-71.0,-71.0,-67.0,nan,-51.0,-63.0,-2.9620854761063105,-0.8258672930061834,-2.8380418241170355,0.0738100422437641,nan,2.8225179182843827,-1.807723592660189,0.3459467228406515,1.070852680105063,0.7782484413979398,1.2398345123283345,nan,0.6900442017982563,0.20827524695730623,-5.997520446777344,3.721550464630127,0.9783591032028198,-5.94,4.44,1.65
1743701546.347226,2c08d2cc-7a1c-9d34-25ea-6265acb43d72,9ec764d5-0c57-75d2-dc3f-93176860c4e6,10,-69.0,-75.0,-74.0,-72.0,nan,-56.0,-59.0,-2.539776304143649,-0.8136622920464592,-2.8622651384440694,0.011339739921557394,nan,2.773449933427394,-1.7099419515739283,0.2838784579745059,1.0879165518946095,0.8411245428912474,1.289277163230092,nan,0.7681819495654311,0.3019905957456423,-6.04749345779419,3.8498950004577637,1.0678938627243042,-5.94,4.44,1.65
1743701547.343875,2c08d2cc-7a1c-9d34-25ea-6265acb43d72,afbf25ca-8624-83b0-6a72-20fecb9838ef,15,-75.0,-71.0,-71.0,-66.0,nan,-50.0,-61.0,-2.542795529871472,-0.8140338030185252,-2.866037772444275,0.07840665828524086,nan,2.7850215248101757,-1.7608760896934386,0.2234081230519214,1.0946853752792094,0.895243038876911,1.2306057270448287,nan,0.7355410979125249,0.22921742782310142,-6.077263832092285,3.9884543418884277,1.130033254623413,-5.94,4.44,1.65
1743701548.346941,2c08d2cc-7a1c-9d34-25ea-6265acb43d72,bf3aaf92-5ece-1b1c-0c3c-05c43f5811cb,22,-74.0,-81.0,-69.0,-64.0,nan,-54.0,-61.0,-2.5083643190861644,-0.8826786443280806,-2.767487229989784,0.1711128937275532,nan,-2.9229015090885317,-1.6883772863489943,0.1930841891025455,0.8096965788672221,0.888033462331903,1.1225976337691936,nan,0.49598967562118934,0.36638002349064164,-6.099643230438232,4.155765533447266,1.1474062204360962,-5.94,4.44,1.65
1743701549.34818,2c08d2cc-7a1c-9d34-25ea-6265acb43d72,64f83352-b52c-3531-c946-a5ad93a7d89e,21,-75.0,-70.0,-71.0,-64.0,nan,-54.0,-61.0,-2.454391098537964,-0.8650482515956472,-2.7305201572145035,0.14263411429468187,nan,-2.8556474739739843,-1.5940935798080251,0.16251762453310653,0.9674304836475172,0.787120829148566,1.105952743798144,nan,0.540049441465764,0.4182689328608491,-6.107476234436035,4.30683183670044,1.149760127067566,-5.94,4.44,1.65
1743701550.344501,2c08d2cc-7a1c-9d34-25ea-6265acb43d72,773866bc-09a8-fc81-77b9-328ba7dbe761,26,-71.0,-79.0,-72.0,-63.0,nan,-55.0,-63.0,-2.529455755971265,-0.8497451953398338,-2.7470719697054546,0.0927930544938489,nan,2.9334829498890636,-1.4252808626841262,0.1651431351832748,0.9462552237671064,0.8231356886760891,1.063958288675066,nan,0.3936397175822344,0.19699049964281629,-6.0921478271484375,4.416396617889404,1.1721632480621338,-5.94,4.44,1.65
1743701551.343847,2c08d2cc-7a1c-9d34-25ea-6265acb43d72,e521fb88-4fbc-ca78-9a9f-0697c1cef476,3,-70.0,-71.0,-79.0,-64.0,nan,-55.0,-62.0,-2.6313733329919433,-0.8789387672092824,-2.680472702429189,-0.007588144893962773,nan,1.277369613911476,-1.4053881951027032,0.29858806207090866,1.088507241024389,0.8783502751874022,1.1498929044136337,nan,1.3335827711487411,0.2887438730829652,-6.074970245361328,4.540502548217773,1.189318060874939,-5.94,4.44,1.65
1743701552.296427,2c08d2cc-7a1c-9d34-25ea-6265acb43d72,8c9ddbb7-bb59-e548-976a-b6b9b1408247,15,nan,-72.0,-71.0,-67.0,nan,-50.0,-62.0,nan,-0.866253598305017,-2.7703783576691743,0.0202631937860859,nan,2.6079193374626652,-1.6679100865304033,nan,0.9426307281025358,0.8651335393295569,1.2110803620387491,nan,1.1127370133622108,0.22457317882720035,-6.056532859802246,4.60512399673462,1.1937012672424316,-5.94,4.44,1.65
1743701553.340002,2c08d2cc-7a1c-9d34-25ea-6265acb43d72,a29b4ea0-fcb0-c941-8466-29dd2839c4c0,3,-70.0,-70.0,-76.0,-65.0,nan,-55.0,-64.0,-2.6596718164190163,-0.8348735711806133,-2.6207776802789544,-0.126169919803594,nan,0.5171321600479489,-1.6305170884081266,0.4704840583169997,1.1356295462473873,0.9059693196413687,1.2400096151700073,nan,1.059469518239417,0.3263861266852719,-6.06922149658203,4.6547465324401855,1.2453867197036743,-5.94,4.44,1.65
1743701554.297304,2c08d2cc-7a1c-9d34-25ea-6265acb43d72,91708601-a976-bfa4-e1ac-cb7ef2f2db1f,14,-72.0,-72.0,-71.0,-68.0,nan,-51.0,-62.0,-2.64587557670797,-0.8409136205329131,-2.769299777427692,-0.09124043157833273,nan,2.2156738630436177,-1.7515428819213363,0.41599791294285043,1.172109526859293,0.9257112662230988,1.3053899536153437,nan,1.2854605560660068,0.19043725858288604,-6.0878586769104,4.69014072418213,1.3123431205749512,-5.94,4.44,1.65
1743701555.341708,2c08d2cc-7a1c-9d34-25ea-6265acb43d72,e5f886f3-af74-4af5-ba28-9a0b5c5d5c73,12,-69.0,-75.0,-72.0,-70.0,nan,-53.0,-59.0,-2.601549124576364,-0.8275722487360521,-2.830721859544844,-0.07601966700020284,nan,2.6085879815056185,-1.751016047203799,0.41725176247357343,0.9398026507619534,0.9738955069307663,1.2742313683355802,nan,1.0745722436669076,0.10728814633591365,-6.098944664001465,4.739990234375,1.3830397129058838,-5.94,4.44,1.65
1743701556.34666,2c08d2cc-7a1c-9d34-25ea-6265acb43d72,5ae0a30c-f2db-1dbe-cdb7-4b552ef89cb7,11,-69.0,-75.0,-73.0,-73.0,nan,-54.0,-58.0,-2.517995907484545,-0.8319741877018441,-2.8139394173034913,-0.05806516756310663,nan,2.701820783027145,-1.7392266128878573,0.4105956573821111,0.9810626726354147,0.9503728037075051,1.240275265488743,nan,0.9664213798657886,0.17786684220691096,-6.100618839263916,4.779406547546387,1.4066574573516846,-5.94,4.44,1.65
1743701557.29695,2c08d2cc-7a1c-9d34-25ea-6265acb43d72,f0fcd8a2-c996-3482-2243-ae9dbc23c264,12,-70.0,-74.0,-73.0,-70.0,nan,-53.0,-60.0,-2.4644376074341796,-0.8092046930138846,-2.8398240115185165,-0.00017124125809209501,nan,2.775286349729394,-1.751016047203799,0.4258029064177088,1.0199992861948637,0.9784718829479584,1.274431105417336,nan,0.8917412516998043,0.10728814633591365,-6.108089923858643,4.813650131225586,1.4284454584121704,-5.94,4.44,1.65
1743701558.339237,2c08d2cc-7a1c-9d34-25ea-6265acb43d72,05e11192-c6d6-6ebb-36c4-f787748713fa,24,-72.0,-78.0,-70.0,-63.0,nan,-56.0,-64.0,-2.442242023961132,-0.8575754215768848,-2.8298755069504167,0.03302053435589247,nan,2.6292269956221888,-1.7206086800974538,0.4441889711094524,0.901943951653714,0.9211960097529239,1.213452705937792,nan,0.5314697238843976,0.2969642837253161,-6.124656677246094,4.824944019317627,1.4572327136993408,-5.94,4.44,1.65
1743701559.341741,2c08d2cc-7a1c-9d34-25ea-6265acb43d72,2c37618b-54f0-9507-6952-96774b69fe0a,31,-78.0,-74.0,-69.0,-65.0,nan,-53.0,nan,-2.4323481141953787,-0.7788348028909481,-2.973192455748595,-0.024843298228804173,nan,2.585070208471585,nan,0.48944549896225475,0.9849516867752575,0.8867167289099407,1.2366712095855388,nan,0.4083211274353203,nan,-6.151867866516113,4.783452987670898,1.5089691877365112,-5.94,4.44,1.65
1743701560.344155,2c08d2cc-7a1c-9d34-25ea-6265acb43d72,c4221ccd-211b-a98b-59a4-54227945c269,19,-76.0,-69.0,-72.0,-65.0,nan,-52.0,-59.0,-2.455516816730741,-0.82020940727031,-2.9210970300850096,0.02505688374822853,nan,2.866880368719677,-1.654601354225065,0.4704297964097893,0.9576207297722102,0.7949429327442924,1.2629900322163012,nan,0.5930293899543098,0.3751590702931883,-6.193535804748535,4.709611415863037,1.5206938982009888,-5.94,4.44,1.65
1743701561.297208,2c08d2cc-7a1c-9d34-25ea-6265acb43d72,54644c00-b957-dc2b-c8e2-b8f82578a958,20,-76.0,-74.0,-72.0,-64.0,nan,-54.0,-61.0,-2.463698846547792,-0.8460921372725722,-2.9446042203949214,0.07664524354026246,nan,3.0973065359461693,-1.60184392978408,0.37521429729889066,0.9483316904690412,0.8130670755428265,1.2700873565213624,nan,0.6627492661617009,0.41779472729294953,-6.210787773132324,4.637531757354736,1.5390108823776245,-5.94,4.44,1.65
1743701562.343109,2c08d2cc-7a1c-9d34-25ea-6265acb43d72,e6f225db-3f01-151c-7c93-31f9df3aa414,19,-76.0,-71.0,-72.0,-65.0,nan,-53.0,-59.0,-2.468521831281925,-0.8197747793804091,-2.882920615858724,0.16704890990409227,nan,3.141592653589793,-1.5963167362464583,0.30405586468397755,1.0611856050851571,0.7894194034854135,1.2777422136006318,nan,0.7155849933832811,0.4531172938287658,-6.20887851715088,4.612509727478027,1.5340088605880737,-5.94,4.44,1.65
1743701563.297418,2c08d2cc-7a1c-9d34-25ea-6265acb43d72,a6698297-f422-2593-7f30-cb47f8cb364c,18,-76.0,-72.0,-72.0,-65.0,nan,-52.0,-59.0,-2.4730385524906993,-0.8505939447792421,-2.858497564449934,0.13193353303474348,nan,3.0477730894576314,-1.6403331419779603,0.22434157765875098,0.9011754299421444,0.7039849293995625,1.2665072690679688,nan,0.7308471066918594,0.4134041618428448,-6.19684600830078,4.573683738708496,1.5057203769683838,-5.94,4.44,1.65
1743701564.342738,2c08d2cc-7a1c-9d34-25ea-6265acb43d72,92c3e456-09d5-11e5-a728-72f1b855defc,29,-79.0,-74.0,-70.0,-63.0,nan,-52.0,nan,-2.480979566229098,-0.8291427148308718,-2.870173927933277,0.045973617265819874,nan,2.7889780533935933,nan,0.2972719278601915,1.1295890974209242,0.7519110432185739,1.2494879386476538,nan,0.46284322619154084,nan,-6.1827521324157715,4.539501190185547,1.4476701021194458,-5.94,4.44,1.65
1743701565.347853,2c08d2cc-7a1c-9d34-25ea-6265acb43d72,94cd6944-b30f-20e6-a2ca-265ca99f9ebe,26,-71.0,-79.0,-72.0,-63.0,nan,nan,-62.0,-2.483956980327806,-0.8469693825356442,-2.8014428002044034,0.03555053739146775,nan,nan,-1.4457129517509384,0.3215838921620112,1.0228211051068845,0.7858849892447147,1.2013778003973181,nan,nan,0.18979728947563307,-6.14116382598877,4.4999847412109375,1.40904426574707,-5.94,4.44,1.65
1743701566.347206,2c08d2cc-7a1c-9d34-25ea-6265acb43d72,fb4daf76-0316-d13a-3e5b-3b7aba70e321,21,-75.0,-74.0,-71.0,-64.0,nan,-54.0,-62.0,-2.4672349918431986,-0.8708741827963045,-2.799452087289569,0.06391080615583057,nan,3.099978448226995,-1.4410933136892345,0.33954734647827284,0.9237037088143699,0.7535247856811075,1.1971946401150761,nan,0.5755631024461159,0.324994222999232,-6.084490776062012,4.452265739440918,1.329596996307373,-5.94,4.44,1.65
1743701567.340723,2c08d2cc-7a1c-9d34-25ea-6265acb43d72,52382c2b-5d95-e21c-1a2a-77315a8f613b,32,-80.0,-74.0,-69.0,-66.0,nan,-53.0,nan,-2.484453393554997,-0.804241892322522,-2.7909933550352597,0.0014130732743960438,nan,2.8137138258846974,nan,0.4137193123141787,0.9639000641484535,0.8299133670713136,1.1999926903143678,nan,0.4325820581358988,nan,-6.025970458984375,4.404873371124268,1.2444640398025513,-5.94,4.44,1.65
1743701568.347133,2c08d2cc-7a1c-9d34-25ea-6265acb43d72,956d095f-dc1f-dc72-046a-ec61ea0f9695,14,-75.0,-71.0,-71.0,-68.0,nan,-50.0,-62.0,-2.5269792824736004,-0.8255325336571605,-2.8204985167522474,0.02368295894185665,nan,2.8289850128835585,-1.6835091255377772,0.41301983305386936,1.0030470008549917,0.8770581760055232,1.2158697909431477,nan,0.570602109408092,0.21725911837459705,-5.99498414993286,4.366443157196045,1.2331634759902954,-5.94,4.44,1.65
1743701569.341454,2c08d2cc-7a1c-9d34-25ea-6265acb43d72,2346bf62-2515-f6b7-9d26-499565ee6713,26,-70.0,-78.0,-71.0,-63.0,nan,-54.0,-63.0,-2.586385351645562,-0.8408640857366376,-2.8043573637013863,0.011424961076439932,nan,2.651202203262129,-1.5136953600400211,0.425675707186144,1.0859101263293438,0.8777177078494811,1.1889954329089947,nan,0.3742477737197425,0.12748600526175166,-5.9645867347717285,4.345022201538086,1.2207270860672,-5.94,4.44,1.65
1743701570.344638,2c08d2cc-7a1c-9d34-25ea-6265acb43d72,4c0b48b2-c2dd-4122-b237-0495a29e632f,8,-72.0,-73.0,-73.0,-78.0,nan,-59.0,-59.0,-2.538932881026421,-0.834056247042068,-2.854701494632135,-0.023803600139237237,nan,2.69856700965785,-1.520011392885833,0.4105443915311271,1.0260354739635829,0.9880520723373004,1.1695250621794253,nan,0.5808620510311733,0.31016155046015215,-5.936126708984375,4.395671844482422,1.2347190380096436,-5.94,4.44,1.65
1743701571.338247,2c08d2cc-7a1c-9d34-25ea-6265acb43d72,ea589eae-c28e-ae3d-9ca6-9c9e22edb52e,33,-79.0,-74.0,-70.0,-65.0,nan,-53.0,nan,-2.5979786245028946,-0.793892848326474,-2.8312797917932153,-0.03834286179441583,nan,2.5706062931816978,nan,0.3983744111397375,1.0207534268365468,0.9850620748024411,1.2188140486862848,nan,0.3894077265958017,nan,-5.948596954345703,4.410382270812988,1.2616941928863525,-5.94,4.44,1.65
1743701572.297914,2c08d2cc-7a1c-9d34-25ea-6265acb43d72,a20b28f8-d8fa-dcf5-7b76-727176c2e00a,28,-75.0,-75.0,-72.0,-63.0,nan,-52.0,-66.0,-2.5836782483974963,-0.8402094807406961,-2.835900642600612,-0.034747594322808856,nan,2.554764146572653,-1.6665372757231298,0.4034218004852238,1.0880983792180348,0.9651936280689324,1.191398403160573,nan,0.2942785936810289,0.1461533861827785,-5.979345321655273,4.391114234924316,1.3187758922576904,-5.94,4.44,1.65
1743701573.338536,2c08d2cc-7a1c-9d34-25ea-6265acb43d72,a26d6753-1fd9-6eb0-030b-6f70f90fed0d,25,-70.0,-78.0,-70.0,-63.0,nan,-55.0,nan,-2.6949107639629446,-0.8068499259780365,-2.81124456459644,-0.033253294635165395,nan,2.489234513742728,nan,0.3389026617573919,1.0284384442151613,0.888064621316657,1.1281125077545298,nan,0.25268025516194503,nan,-6.017148971557617,4.33347511291504,1.40140962600708,-5.94,4.44,1.65
1743701574.34872,2c08d2cc-7a1c-9d34-25ea-6265acb43d72,e3a1bbdf-0689-0e8e-7ca3-c232beef7ecd,17,-77.0,-71.0,-71.0,-65.0,nan,-50.0,-61.0,-2.6468074167733886,-0.8519945011965148,-2.861750615721466,0.01458293749705589,nan,2.6707280845315218,-1.7297889193521732,0.2194924773011779,0.9426551626055373,0.7399115051369494,1.2094438495488955,nan,0.45882576666628766,0.23055073836834833,-6.012046813964844,4.230068683624268,1.4745104312896729,-5.94,4.44,1.65
1743701575.347687,2c08d2cc-7a1c-9d34-25ea-6265acb43d72,65a050bd-8838-9c4e-2ddd-2458946640a3,3,-70.0,-69.0,-75.0,-65.0,nan,-56.0,-64.0,-2.6685137775541885,-0.8432430875384054,-2.8347336454109393,-0.008369516357792022,nan,1.2306208956646267,-1.6707855559906875,0.3625582900085616,1.0477564155513508,0.7719928757344253,1.1999954866335125,nan,1.218175533413279,0.33500179280976367,-6.01973581314087,4.11377239227295,1.4197781085968018,-5.94,4.44,1.65
1743701576.348126,2c08d2cc-7a1c-9d34-25ea-6265acb43d72,9a051f70-7ce7-19c4-5a35-c2b503d980f4,8,-72.0,-74.0,-74.0,-78.0,nan,-60.0,-60.0,-2.598851076076005,-0.844541911202037,-2.870230919580605,-0.035997682138492054,nan,2.303516161871361,-1.6674450802600531,0.40112991734061526,1.0925664311578878,0.7996407489071922,1.2571758189244402,nan,1.1420793823619795,0.42616629253821914,-6.037914276123047,3.9950578212738037,1.3968324661254883,-5.94,4.44,1.65
1743701577.299405,2c08d2cc-7a1c-9d34-25ea-6265acb43d72,1abb690b-af00-69c0-c750-7e2b955f0420,7,-73.0,-72.0,-75.0,-77.0,nan,-62.0,-61.0,-2.560769736700635,-0.8369258031166283,-2.879157569238442,-0.11306503671153208,nan,2.5915605155634895,-1.6446613464063176,0.4080790367310135,1.0876520334193374,0.8468423497516475,1.2219351403258032,nan,0.9382786417924087,0.4835247069981715,-6.048724174499512,3.8651251792907715,1.3713982105255127,-5.94,4.44,1.65
1743701578.347405,2c08d2cc-7a1c-9d34-25ea-6265acb43d72,fd919898-fe3a-2bd8-314e-c29477a0764e,12,-71.0,-73.0,-73.0,-70.0,nan,-52.0,-61.0,-2.4996291507107045,-0.818024549912009,-2.917720674455007,-0.0931728212652942,nan,2.7227082512686533,-1.7687469921695966,0.4369400796488521,1.0700572604664835,0.8908946960280569,1.24637643438806,nan,0.8810738906359561,0.22248671692504246,-6.030787467956543,3.709091901779175,1.293962001800537,-5.94,4.44,1.65
1743701579.29936,2c08d2cc-7a1c-9d34-25ea-6265acb43d72,cfb265dd-3455-ab67-927c-02ede43cc959,9,-70.0,-75.0,-73.0,-75.0,nan,-57.0,nan,-2.5042582573174803,-0.8430931515690339,-2.885920400510589,-0.09567086636778854,nan,2.705717088998073,nan,0.3964588659466708,1.054680434648475,1.180461865828054,1.2508829024266377,nan,0.8594514487049104,nan,-6.05171537399292,3.569673538208008,1.2191071510314941,-5.94,4.44,1.65
1743701580.345242,2c08d2cc-7a1c-9d34-25ea-6265acb43d72,4499c6a0-bc9f-9658-bd0e-045e3783b81a,19,-76.0,-71.0,-72.0,-65.0,nan,-52.0,-61.0,-2.5108860663223607,-0.8491550388422722,-2.841345741765388,-0.060249225973080626,nan,2.909168538679688,-1.7351556805049502,0.4015318882176491,0.9707352668232238,0.9572048105889672,1.2179756855751278,nan,0.8241864210570297,0.367914094748632,-6.0947113037109375,3.4643173217773438,1.1467667818069458,-5.94,4.44,1.65
1743701581.341333,2c08d2cc-7a1c-9d34-25ea-6265acb43d72,cb686775-8659-163b-dcd0-5944452e001a,35,-81.0,-73.0,-71.0,-64.0,nan,-55.0,-62.0,-2.5855304769356464,-0.8409157510617852,-2.8469431737445166,-0.07192265997922495,nan,2.619665388514949,-1.8264123792817935,0.4368729679893821,0.986709173357628,0.930078650673747,1.125267452761998,nan,0.49642858902705955,0.3129853596391101,-6.129249095916748,3.399167060852051,1.1197952032089233,-5.94,4.44,1.65
1743701582.299044,2c08d2cc-7a1c-9d34-25ea-6265acb43d72,da8dbe8b-0cc3-2d93-1110-0828741b4ecd,30,-77.0,-73.0,-69.0,-64.0,nan,-52.0,nan,-2.595753819728243,-0.8286050226067848,-2.8272613480243947,-0.13897280042804092,nan,2.6073866335553166,nan,0.4693702910596149,1.0168769961328548,0.9144470269184453,1.256259691509453,nan,0.3974395620356471,nan,-6.153937339782715,3.343155860900879,1.1003687381744385,-5.94,4.44,1.65
1743701583.337517,2c08d2cc-7a1c-9d34-25ea-6265acb43d72,f25ec0ac-0a89-17f3-9663-3d8401fe981e,4,-70.0,-69.0,-76.0,-66.0,nan,-57.0,-63.0,-2.6181869571705247,-0.8406536960105212,-2.81133591102183,-0.1308887749391054,nan,1.3583339594160972,-1.698627270641554,0.5706178833290566,1.0960495129685752,0.9783596307080116,1.236798641843699,nan,1.1775125985175736,0.41834282646019927,-6.1584882736206055,3.346978187561035,1.1810895204544067,-5.94,4.44,1.65
1743701584.300783,2c08d2cc-7a1c-9d34-25ea-6265acb43d72,91b7df61-bd1e-e1f1-930b-14503d5c7ad2,6,-73.0,-70.0,-76.0,-74.0,nan,nan,-61.0,-2.552111799996787,-0.8438265861332417,-2.7922690091974074,-0.13170503381321466,nan,nan,-1.6436139393543114,0.6133436424874704,1.129851951420515,1.051155940682837,1.2709566123011644,nan,nan,0.4305989246769578,-6.17952060699463,3.40158224105835,1.3319358825683594,-5.94,4.44,1.65
1743701585.298264,2c08d2cc-7a1c-9d34-25ea-6265acb43d72,8db4ee18-6ae1-5a2e-60a6-c9b007ffa7b2,8,-72.0,-73.0,-75.0,-79.0,nan,-59.0,-62.0,-2.465967060848212,-0.8251857900832321,-2.8071294480800497,-0.1215051268382112,nan,2.3528325481529704,-1.6301661235066045,0.5640851491750922,1.1110175435592566,1.108959852143007,1.2787014842252782,nan,1.0940589885131775,0.4501533302072041,-6.204274654388428,3.4692344665527344,1.571534514427185,-5.94,4.44,1.65
1743701586.30009,2c08d2cc-7a1c-9d34-25ea-6265acb43d72,2c666b13-add8-b987-86f5-2e3c926e7d5d,1,-73.0,-73.0,-76.0,-65.0,nan,-53.0,-62.0,-2.5612190119765312,-0.837215022411011,-2.7777148338401245,-0.1282708875875575,nan,0.5633391616905212,-1.9462927553509335,0.6712361706329125,1.1667670925545393,1.1635671713467546,1.2281464309361947,nan,1.0284315017332164,0.39922474620705517,-6.254050254821777,3.53994607925415,1.704585313796997,-5.94,4.44,1.65
1743701587.344131,2c08d2cc-7a1c-9d34-25ea-6265acb43d72,6687a443-48f3-82de-96a5-1706c11c4904,3,-70.0,-69.0,-77.0,-65.0,nan,-55.0,-63.0,-2.6072858398805034,-0.8286545574030603,-2.7982222394981706,-0.1452599911295,nan,0.3320224668971218,-1.6240059651049004,0.6686357935655319,1.168932508836883,1.1808165988852526,1.2022045787577333,nan,0.6533839189458366,0.4684496427380432,-6.289119243621826,3.6239700317382812,1.8021950721740723,-5.94,4.44,1.65
1743701588.345573,2c08d2cc-7a1c-9d34-25ea-6265acb43d72,81a47adf-bfdb-dc76-0d06-665572dc58e5,20,-75.0,-72.0,-72.0,-64.0,nan,-53.0,-61.0,-2.596819084164274,-0.8786932237567772,-2.8103015392544433,-0.031338748127507435,nan,1.1912359332562006,-1.5974565101373575,0.6056886522501467,0.8933687726807404,0.9906809452283449,1.1938343966096687,nan,1.4768239356404917,0.47054073524208656,-6.314300537109375,3.7433888912200928,1.8752377033233643,-5.94,4.44,1.65
1743701589.300539,2c08d2cc-7a1c-9d34-25ea-6265acb43d72,646ae375-b4bc-a62c-7d50-779aa14c1b8d,7,nan,-71.0,-74.0,nan,nan,nan,-61.0,nan,-0.8972035249133729,-2.8017589174257957,nan,nan,nan,-1.5986166686251504,nan,0.8301667002700073,0.9600855519401057,nan,nan,nan,0.4879636423095475,-6.300281047821045,3.8454012870788574,1.8515276908874512,-5.94,4.44,1.65
1743701590.344875,2c08d2cc-7a1c-9d34-25ea-6265acb43d72,c0a5a2c6-b159-bebe-699d-39249b93b5f4,4,nan,-69.0,-76.0,nan,nan,-57.0,-62.0,nan,-0.8775749624150528,-2.8429771942491704,nan,nan,0.2731814930920228,-1.5622844248906849,nan,0.949443227329013,0.8842082974791949,nan,nan,0.8715684396626385,0.4537113228280941,-6.253457069396973,3.930880546569824,1.82027530670166,-5.94,4.44,1.65
1743701591.345141,2c08d2cc-7a1c-9d34-25ea-6265acb43d72,35bb6186-e002-2899-0e7e-561e9f2e5435,1,nan,-73.0,-75.0,nan,nan,-54.0,-66.0,nan,-0.8655449311389469,-2.702042709362177,nan,nan,0.22775065427072577,-1.8804908567757426,nan,1.0070278274734148,0.9455167291968274,nan,nan,0.5640727981881027,0.3843284504171259,-6.200138568878174,4.012982368469238,1.729970097541809,-5.94,4.44,1.65
1743701592.344891,2c08d2cc-7a1c-9d34-25ea-6265acb43d72,082ee7e0-d317-f17c-2218-ffa4f0de3fec,10,nan,-75.0,-73.0,nan,nan,-56.0,-62.0,nan,-0.8638394427768601,-2.8376090604398976,nan,nan,1.0104555434302176,-1.7666324744763007,nan,0.9525705108180658,1.1301157375264872,nan,nan,1.2811668993343452,0.41203186537010605,-6.145071983337402,4.095984935760498,1.611589789390564,-5.94,4.44,1.65
1743701593.345506,2c08d2cc-7a1c-9d34-25ea-6265acb43d72,4c555843-24da-edfb-836f-77bd65df2565,34,nan,-73.0,-70.0,nan,nan,-54.0,-61.0,nan,-0.8742500057940888,-2.6942004989002206,nan,nan,2.4112608192777554,-1.8495334147164928,nan,1.0790091435756486,1.0365727368696722,nan,nan,0.8538140043162328,0.31685361168313886,-6.09293270111084,4.159209251403809,1.3608295917510986,-5.94,4.44,1.65
1743701594.344529,2c08d2cc-7a1c-9d34-25ea-6265acb43d72,2ebbb38a-e290-81f9-3eab-682459f19730,15,nan,-70.0,-70.0,-67.0,nan,-50.0,-62.0,nan,-0.8510762432526554,-2.5183439826390184,-0.22385120647828335,nan,2.6350848806293135,-1.8368373708424377,nan,1.147340131350738,0.9657642103324818,1.2048668077414308,nan,0.7883557618822261,0.16910757124254155,-6.085269927978516,4.129833698272705,1.1012187004089355,-5.94,4.44,1.65
1743701595.347592,2c08d2cc-7a1c-9d34-25ea-6265acb43d72,b830228f-dfae-830b-d461-b8495af26736,13,-72.0,-72.0,-72.0,-69.0,nan,-51.0,-63.0,-2.5921122132536683,-0.8579266925246662,-2.623636051076936,-0.183911513294256,nan,2.7435832281494195,-1.7786585727111834,0.6678914400408549,1.1354034438708396,0.9146626763877144,1.260122074038395,nan,0.7796383897395913,0.09162397941198473,-6.104608058929443,4.06458568572998,0.9170395135879517,-5.94,4.44,1.65
1743701596.335878,2c08d2cc-7a1c-9d34-25ea-6265acb43d72,40e955fe-0ba1-35b1-0ca5-cad6348bd3ba,14,-73.0,-71.0,-71.0,-68.0,nan,-50.0,-62.0,-2.5237286280470497,-0.8665433502316177,-2.736400683217507,-0.1510140169807252,nan,2.8026007495899647,-1.7525580687143953,0.616062929697523,1.0739817612278517,0.8220302105075972,1.2730177658268313,nan,0.7561183299763314,0.062161357015430914,-6.070337772369385,3.9891512393951416,0.8502826690673828,-5.94,4.44,1.65
1743701597.338856,2c08d2cc-7a1c-9d34-25ea-6265acb43d72,6a938ea9-dc16-ff68-9b28-cca88ed1f28e,31,-77.0,-74.0,-69.0,-66.0,nan,-53.0,nan,-2.559611794258668,-0.8332181502470202,-2.8244676920409018,-0.21102275950737165,nan,2.673054519981368,nan,0.6507982734793175,1.02322364190565,0.834305385762045,1.2808192299241092,nan,0.5251500895971056,nan,-6.126063346862793,3.8953330516815186,0.7789650559425354,-5.94,4.44,1.65
1743701598.336577,2c08d2cc-7a1c-9d34-25ea-6265acb43d72,9dc79433-469e-8b79-9191-3b0b01f01f52,33,-77.0,-75.0,-69.0,-66.0,nan,-54.0,-63.0,-2.835806100381914,-0.8024455901672636,-2.7888737451236656,-0.22868457754066818,nan,2.5889658059520007,-1.8036211409934617,0.6363592798391804,1.057887812707312,0.8880087615127926,1.2305716385828755,nan,0.39348352326144115,0.07482778676822009,-6.146982669830322,3.76760458946228,0.7049102783203125,-5.94,4.44,1.65
1743701599.300339,2c08d2cc-7a1c-9d34-25ea-6265acb43d72,1b2d4778-9f0c-9d8c-ec5d-b5263945642f,8,-72.0,-73.0,-74.0,-79.0,nan,-60.0,-61.0,-2.647325667921518,-0.8159534095322544,-2.807643970802653,-0.17330307740803436,nan,2.6583967560479893,-1.8248862197232658,0.5742437771531995,1.1577890438876641,0.8424017283710221,1.2222644401945915,nan,0.5716960494217201,0.2910573865542258,-6.153654098510742,3.633758544921875,0.7095654010772705,-5.94,4.44,1.65
1743701600.345259,2c08d2cc-7a1c-9d34-25ea-6265acb43d72,46c6f1ec-93d3-0c8d-28e5-42e557acf9fb,28,-76.0,-75.0,-72.0,-63.0,nan,-53.0,nan,-2.649709996045466,-0.8077548681164455,-2.817080083177022,-0.15645245824277595,nan,2.644408226340296,nan,0.5562433048977857,1.2162516882434649,0.8700564591835954,1.1580502999906008,nan,0.40498543851712393,nan,-6.154380798339844,3.493298053741455,0.700155019760132,-5.94,4.44,1.65
1743701601.335436,2c08d2cc-7a1c-9d34-25ea-6265acb43d72,fa8abb2f-35e6-c38f-b14b-d0688ee24a9b,24,-70.0,-78.0,-70.0,-63.0,nan,-56.0,-68.0,-2.690043570754716,-0.804311400826973,-2.726606641992632,-0.12303591183278874,nan,2.554764146572653,-1.6855239606570185,0.4465183049568902,1.0382954026207898,0.8067788861559587,1.154502303628343,nan,0.2942785936810289,0.40375853987234966,-6.1573805809021,3.35941481590271,0.688305377960205,-5.94,4.44,1.65
1743701602.350526,2c08d2cc-7a1c-9d34-25ea-6265acb43d72,bf86502c-0c3d-fc54-3782-ab62501f96bd,2,-70.0,-71.0,nan,-65.0,nan,-54.0,-65.0,-2.6230464272115928,-0.8233141204691244,nan,-0.13084829489053618,nan,1.4481196774480016,-1.8055920323784773,0.4337608978080564,1.225407769229212,nan,1.1467792696251677,nan,1.1661541656453045,0.4124442623645772,-6.20002269744873,3.25350832939148,0.7159467935562134,-5.94,4.44,1.65
1743701603.34898,2c08d2cc-7a1c-9d34-25ea-6265acb43d72,8289bafc-5cbf-9d62-63b1-6b2061f6104a,13,-72.0,-73.0,nan,-70.0,nan,-51.0,-63.0,-2.5764975671503154,-0.7894765282907956,nan,-0.08796048237979112,nan,2.42710474798574,-1.818135971966497,0.477525023475492,1.048703435634983,nan,1.298659213434332,nan,1.0796742963118797,0.19571781503140534,-6.277440547943115,3.167449712753296,0.8205769658088684,-5.94,4.44,1.65
