1743705024.423478,2c08d2cc-7a1c-9d34-25ea-6265acb43d72,aee51897-a264-00a1-4ad2-584e2c26a6d9,23,-72.0,nan,-87.0,-53.0,-53.0,-71.0,-52.0,-2.8622507573741824,nan,-2.7381999148499645,2.843413952667943,-3.0791846889529237,1.6022709037064573,-2.967164614400142,0.5833433991238367,nan,0.5754230914629138,0.7246577839403298,0.5750689196023472,1.0643761465699988,0.44778953977196867,-6.5930938720703125,1.967457890510559,-1.1849614381790161,-8.64,1.44,1.65
1743705025.42268,2c08d2cc-7a1c-9d34-25ea-6265acb43d72,7740b59f-e1ee-32e9-f2d7-eac1fa9ab00f,1,-74.0,nan,-78.0,-61.0,nan,-61.0,nan,-2.8327959294017973,nan,-2.7198004011947163,2.849923783636533,nan,2.405810462589863,nan,0.40794567893942774,nan,0.6685983761522163,0.718315465804306,nan,0.8896595186870562,nan,nan,nan,nan,-8.64,1.44,1.65
1743705026.417581,2c08d2cc-7a1c-9d34-25ea-6265acb43d72,20111909-c567-26f9-47fe-1ebc27768914,9,-71.0,nan,-74.0,-57.0,-67.0,-55.0,-50.0,-2.8522492559003902,nan,-2.69927967973122,2.8407981958452675,2.3705946493019323,2.4217696336478793,-2.899163084015278,0.32594478515750236,nan,0.7014581221572953,0.6989253893816026,1.0577795695293504,0.5155092785172455,0.35669908331481803,-6.820729732513428,1.9568126201629639,-1.0758945941925049,-8.64,1.44,1.65
1743705027.417042,2c08d2cc-7a1c-9d34-25ea-6265acb43d72,9664848e-b1d1-a4e7-514b-317cd1040ef8,24,-75.0,nan,-93.0,-54.0,-53.0,-68.0,-53.0,-2.7200451456988946,nan,-2.562560712533713,2.7988592676309176,-2.7568041610305603,1.570796326611289,-2.938836902508694,0.3837782244162585,nan,0.673156642673996,0.7518485920910115,0.8704258491191692,0.9948376736367679,0.325293123158801,-6.963326930999756,1.923418641090393,-0.9287275075912476,-8.64,1.44,1.65
1743705028.407195,2c08d2cc-7a1c-9d34-25ea-6265acb43d72,33b51224-3fe6-0491-c101-0b014d18c6be,2,-74.0,-70.0,-79.0,-60.0,-59.0,-62.0,-50.0,-2.772116869228778,-1.7740053716639756,-2.5484395671696767,2.8341498804999934,2.8494535107322583,2.273770476750161,-2.8684056751750373,0.3811322407152101,1.2671600098511473,0.6377857354980541,0.7197535727929489,0.573508444662438,0.6912673266985924,0.28630480246559975,-7.199755668640137,1.9223625659942627,-0.9329466223716736,-8.64,1.44,1.65
1743705029.417424,2c08d2cc-7a1c-9d34-25ea-6265acb43d72,5f07e80d-c363-62e9-5dc1-e13a6d8e24c7,1,-75.0,-69.0,-78.0,-61.0,-57.0,nan,-53.0,-2.8586586856958838,-1.8290092355540364,-2.593853654290471,2.841623775783192,2.596212417425123,nan,-2.833658255161195,0.37464264977090506,1.28171831310812,0.6550058682645609,0.7202938615990988,0.36370561892739084,nan,0.266745372539505,-7.526923179626465,1.9218897819519043,-0.7945061326026917,-8.64,1.44,1.65
1743705030.408942,2c08d2cc-7a1c-9d34-25ea-6265acb43d72,648022d9-c8cc-f69e-63d2-cd03ad62141e,17,-68.0,-85.0,-79.0,-53.0,-58.0,-64.0,-51.0,-3.0023958813140768,-2.193319818980843,-2.7417831980966665,2.7936682340341354,2.3425517930540276,2.3501626501847315,-2.8757990541141214,0.6092212688571095,1.1815514981880597,0.626515038027757,0.7232137514182616,0.2485808738424719,0.44268437068228345,0.5425686749349075,-7.77924346923828,1.9202606678009033,-0.680732786655426,-8.64,1.44,1.65
1743705031.429704,2c08d2cc-7a1c-9d34-25ea-6265acb43d72,7a9ae0ee-6ca7-0624-9c66-aef8d12547ce,20,-69.0,-83.0,-84.0,-53.0,-60.0,-69.0,-51.0,-2.9577988520157183,2.872341741060602,-2.793627753985566,2.8307341100858583,2.217304759402123,2.3810143421540673,-2.8357715392119536,0.6111015271657326,1.0770724262519158,0.6092503638920185,0.7745233448231913,0.48239679065902946,0.31200562032730145,0.8843966903439772,-7.979730129241943,1.9155659675598145,-0.6169336438179016,-8.64,1.44,1.65
1743705032.408404,2c08d2cc-7a1c-9d34-25ea-6265acb43d72,8b76cad0-e393-8ef3-ad78-cbb84d8d78e2,8,-71.0,-77.0,-74.0,-57.0,nan,-57.0,-50.0,-2.9565793905525717,2.925250229804988,-2.7315292289515343,2.85869996469278,nan,3.1224880309234533,-2.8217602477282044,0.5764346266239531,1.2091450428745887,0.7845757792528317,0.7543633485293463,nan,0.41881121105756924,0.6037784874430636,-8.05592918395996,1.9462649822235107,-0.6325678825378418,-8.64,1.44,1.65
1743705033.415971,2c08d2cc-7a1c-9d34-25ea-6265acb43d72,fc3e9366-1cc3-5401-1b59-7a181a79c723,18,-69.0,-83.0,-81.0,-53.0,-57.0,-61.0,-50.0,-2.9940870850291383,2.7394670468966247,-2.84404299131742,2.82662645042052,2.160502795360659,2.7173120653541014,-2.8340130662031133,0.6335044377296427,1.108735347663113,0.7043487837834945,0.7353439175513546,0.46423150130386065,0.32027880707508505,0.8138047985063079,-8.08524417877197,1.954140067100525,-0.645771563053131,-8.64,1.44,1.65
1743705034.417735,2c08d2cc-7a1c-9d34-25ea-6265acb43d72,be6f30b3-00d4-5778-ea72-2bb7e23e81c2,21,-70.0,-78.0,-83.0,-53.0,-56.0,-69.0,-52.0,-3.0219938174598604,2.7735784120350138,-2.8898453673251474,2.8374127854675586,2.0455198987428336,1.5127789937182883,-2.476779628903825,0.6109396069714558,1.3524253732077782,0.6992894435026165,0.7328874177618655,0.4557541862664192,1.0287312782879865,1.2854605560838483,-8.0537633895874,1.9795637130737305,-0.542747974395752,-8.64,1.44,1.65
1743705035.408983,2c08d2cc-7a1c-9d34-25ea-6265acb43d72,45836cd5-e5ce-bc04-8ecb-3ec4f3af4b6d,4,-74.0,-71.0,-79.0,-59.0,-59.0,-61.0,-49.0,-3.008850052215884,2.7897853451647996,-2.8615026754239796,2.8556554389346016,1.3275266364792673,2.2816887310156857,-2.79699193602249,0.6144359380085663,1.4219814150843044,0.7996581260333048,0.7746052370267115,0.6986827254591785,0.76882249366115,0.7725621326101364,-7.827823162078857,2.01044511795044,-0.42018261551857,-8.64,1.44,1.65
1743705036.417825,2c08d2cc-7a1c-9d34-25ea-6265acb43d72,b58a0961-4f4a-cc62-eea5-cb55e2660e78,32,-75.0,-78.0,-78.0,-57.0,-52.0,-60.0,-52.0,-3.0071717280969152,2.79316489658811,-2.831907498862147,2.8706314590085533,1.869536419425379,-0.38108460104397024,-2.975257150186885,0.5818960376504058,1.3949218341963363,0.8094252693311704,0.7245238935165261,0.6799795122252771,1.4768239355849626,0.7435630791327916,-7.596467971801758,2.0419209003448486,-0.13086435198783875,-8.64,1.44,1.65
1743705037.415501,2c08d2cc-7a1c-9d34-25ea-6265acb43d72,3ebf5fe6-dc3d-b102-38aa-8eca994af858,17,-68.0,-85.0,-80.0,-54.0,-56.0,-61.0,-51.0,-3.090900181188462,2.8238594260479277,-2.9015936361579238,2.8527525933464153,2.044448888904949,2.5518061223981103,-2.9012090201453016,0.6854294210834626,1.254457130925633,0.7504782625521114,0.7064944260947443,0.48323435721795555,0.8706444161171776,0.753375858047047,-7.419048309326172,2.025759696960449,0.11996957659721375,-8.64,1.44,1.65
1743705038.417055,2c08d2cc-7a1c-9d34-25ea-6265acb43d72,37895dfb-5610-6295-431d-bde847cba84f,4,-73.0,-71.0,-77.0,-59.0,-58.0,-60.0,-50.0,-3.030372388565359,2.9033851446232197,-2.9064906567703614,2.895562907869439,1.3133839811261017,2.471269504994834,-2.8612741666604555,0.7036283321296009,1.2544418177493648,0.8169339188665943,0.6974362828580849,0.6943587340513102,0.5018425067141185,0.5065322559811736,-7.094479084014893,2.010026216506958,0.23320697247982025,-8.64,1.44,1.65
1743705039.4244,2c08d2cc-7a1c-9d34-25ea-6265acb43d72,5588c099-da34-b856-e4c2-4a176522b358,34,-77.0,-85.0,-80.0,-58.0,-52.0,-60.0,-51.0,-2.9106379975359413,2.8044279374702734,-2.89809131300836,2.93277685567777,1.9003445305913274,2.3534479212883923,-2.9945565775011556,0.5145686621321126,1.0668113997298951,0.8209864510973678,0.691194099579048,0.7267750543412002,1.4228358268422232,0.588392736703787,-6.828258514404297,1.9532381296157837,0.193292498588562,-8.64,1.44,1.65
1743705040.422069,2c08d2cc-7a1c-9d34-25ea-6265acb43d72,e59f267c-9fae-8c85-1618-211fdbe67514,29,-75.0,-74.0,nan,-56.0,-52.0,-61.0,-52.0,-2.8857587466324213,2.8260437507740104,nan,2.8812947560132303,-3.1111700657556676,-0.38574668449280386,-2.9909720432833806,0.5139527728405182,1.010554451967925,nan,0.6881186811522246,0.9597136085921927,1.2892767437823802,0.6229135790299927,-6.597304344177246,1.899970531463623,0.1535048931837082,-8.64,1.44,1.65
1743705041.422584,2c08d2cc-7a1c-9d34-25ea-6265acb43d72,4699d542-e882-ee3f-1541-3c4535f18059,22,-71.0,-79.0,nan,-53.0,-54.0,-72.0,-52.0,-2.852382680271003,2.8319272062542136,nan,2.838566999483999,-2.4369036615249575,0.4214280935549767,-3.0069347336540964,0.5634631679025042,1.254305730217662,nan,0.6914061537808457,0.827510496338649,0.774553509076051,0.4328593316914274,-6.430354595184326,1.8467938899993896,0.1042691245675087,-8.64,1.44,1.65
1743705042.418584,2c08d2cc-7a1c-9d34-25ea-6265acb43d72,21a41f3b-46dc-89c8-8c35-d2a98647239a,7,-71.0,-76.0,nan,-57.0,nan,-58.0,-50.0,-2.8363461894509823,2.8667507006680895,nan,2.8437569678163452,nan,-2.3534479212883923,-2.899163084015278,0.5558645368117493,1.339768966443286,nan,0.6669638610331802,nan,1.4228358268422232,0.35669908331481803,-6.40635061264038,1.754270076751709,0.10575845092535019,-8.64,1.44,1.65
1743705043.407804,2c08d2cc-7a1c-9d34-25ea-6265acb43d72,ba979676-0bc1-9727-6ff0-4797f9ceb13a,32,-74.0,-77.0,nan,-57.0,-52.0,-60.0,-52.0,-2.8049856034025358,2.8139439446773444,nan,2.875656311353315,2.858750123106892,-0.8713278441335185,-3.0007519473552238,0.3975178053751135,1.2169670133122605,nan,0.6644039640143687,0.7303025535612236,1.0103625192346823,0.5193006140887665,-6.462162017822266,1.6962486505508423,0.33767011761665344,-8.64,1.44,1.65
1743705044.407891,2c08d2cc-7a1c-9d34-25ea-6265acb43d72,aa09f450-19b0-09ef-9ead-73ee75609019,16,-68.0,-80.0,nan,-53.0,-56.0,-60.0,-52.0,-2.9183198857002752,3.026050877064487,nan,2.8516511099195587,2.445698050352299,2.7711317064467442,-2.9162370458377276,0.5841651174781807,0.9502287266925319,nan,0.7103516820385877,0.6378112688557569,1.070561869684168,0.37515907032583673,-6.56590223312378,1.652009129524231,0.5417702794075012,-8.64,1.44,1.65
1743705045.408042,2c08d2cc-7a1c-9d34-25ea-6265acb43d72,801e60e5-89c4-81e3-861e-5f077eb3f7a4,8,-72.0,-79.0,-74.0,-57.0,nan,-57.0,-50.0,-2.94964052433237,-3.1092629432206675,-2.8740477620549068,2.8486854137296462,nan,-2.858877019493332,-2.862093229840318,0.5304328797191193,0.9687429560117354,0.906275916061864,0.6667802360760192,nan,0.8175777293485377,0.3534715966932229,-6.498158931732178,1.6843558549880981,0.6794244050979614,-8.64,1.44,1.65
1743705046.422702,2c08d2cc-7a1c-9d34-25ea-6265acb43d72,373641e9-5058-f568-9002-bd448a801c18,20,-69.0,-79.0,-84.0,-53.0,-59.0,-67.0,-52.0,-2.956191367981747,-3.116782378558506,-2.942008170964312,2.8371805578205036,2.194384443978889,2.8187684148018644,-2.7946011823497554,0.5654419631714602,1.108234540220124,0.7018967447888315,0.7295759101044064,0.5438679928897621,0.5179342407083147,0.9129944561735533,-6.4422478675842285,1.7163894176483154,0.715170681476593,-8.64,1.44,1.65
1743705047.424245,2c08d2cc-7a1c-9d34-25ea-6265acb43d72,30efc19e-51d2-e5fd-8a57-b74db1e20314,18,-69.0,-83.0,-81.0,-53.0,-56.0,-62.0,-51.0,-2.944408744370909,3.075093521170514,-3.005153850938963,2.8360742807036847,2.1537427306127848,2.599572201048458,-2.811742744773108,0.6610294060181021,1.0718842555533052,0.6840170801783663,0.7603759007433908,0.50321634837366,0.3487689628280375,1.0049683580244873,-6.33277177810669,1.80029821395874,0.6595152020454407,-8.64,1.44,1.65
1743705048.422274,2c08d2cc-7a1c-9d34-25ea-6265acb43d72,3ae15d4a-22d3-269a-b435-d0f0068ccca4,18,-69.0,-84.0,-81.0,-53.0,-56.0,-62.0,-49.0,-2.9346730263739067,-3.093428053695165,-2.994895354419977,2.8141623238867313,2.153133401098594,2.468699346067883,-2.8059233488954884,0.6950680002797047,1.0185306194327122,0.6102867330302228,0.6909543485019138,0.4738842970507455,0.2630328584932135,1.0759395900253619,-6.35541534423828,1.88169264793396,0.7095991373062134,-8.64,1.44,1.65
1743705049.408688,2c08d2cc-7a1c-9d34-25ea-6265acb43d72,f7b4a2ae-88a8-0636-6fe6-29b1c8469f5f,17,-69.0,-84.0,-82.0,-53.0,-56.0,-62.0,-51.0,-2.9424417335897766,-3.0487410095519625,-3.050317068285071,2.8139029319965574,2.1353251779885056,2.4213826214484633,-2.7807111405600256,0.6910123388346503,0.8953924422140644,0.5310493016429317,0.7311726749149906,0.4353266578304612,0.22588577192157872,0.9999032806312476,-6.280376434326172,1.9839916229248047,0.7139058113098145,-8.64,1.44,1.65
1743705050.409038,2c08d2cc-7a1c-9d34-25ea-6265acb43d72,5189e43a-6619-ba7c-00b1-100d72e8b741,15,-69.0,-77.0,-81.0,-54.0,nan,nan,-54.0,-2.9592295021533093,-3.0402449930423914,-3.0082487104417432,2.79860893048845,nan,nan,-1.6462474988501439,0.6893348802430366,0.8713162675372575,0.5831967255268006,0.7336456863032381,nan,nan,1.343244759107646,nan,nan,nan,-8.64,1.44,1.65
1743705051.41775,2c08d2cc-7a1c-9d34-25ea-6265acb43d72,36fd177b-5e47-1108-b36c-6da9c4b58b6d,2,-72.0,-70.0,-78.0,-60.0,-56.0,-62.0,-52.0,-2.9457240796332997,-3.0525634446645533,-3.0124477165324715,2.8319059009654928,2.2424869158661584,2.5338192857339688,-2.680677611470599,0.6345748953298,0.7942987806556293,0.6973740980466315,0.7050955341531527,0.3195483343302195,0.305272043337091,0.8534888821235936,-6.32410192489624,2.069507598876953,0.7470463514328003,-8.64,1.44,1.65
1743705052.423454,2c08d2cc-7a1c-9d34-25ea-6265acb43d72,fb177f50-35eb-b625-8a3f-e84d84182c68,13,-71.0,-74.0,-77.0,-54.0,-60.0,-59.0,-58.0,-3.0006754792498853,-3.1076549265544777,-2.9952069442675167,2.8249838126601587,2.1543198495946507,1.506256563546671,-2.0564937701114503,0.6530135574530727,0.7297758469232439,0.6237601310381244,0.6802580282997195,0.6142118236055638,0.8884272988599431,1.313601215693979,-6.360936641693115,2.1861300468444824,0.7897184491157532,-8.64,1.44,1.65
1743705053.423044,2c08d2cc-7a1c-9d34-25ea-6265acb43d72,183ad0bc-72ad-d59e-32f2-28dc74a81a4b,6,-72.0,-75.0,-76.0,-57.0,-64.0,-60.0,-48.0,-2.9535630943019475,-3.1088930301452553,-2.964458352637571,2.834266526955739,1.3514263451105637,3.1086654562017566,-2.729541054897153,0.6209165407841924,0.6022893934347694,0.7386422425614175,0.6462732298921365,0.7971561573295404,1.0120472750571254,0.8117219925100092,-6.33079195022583,2.3975014686584473,0.8407515287399292,-8.64,1.44,1.65
1743705054.408776,2c08d2cc-7a1c-9d34-25ea-6265acb43d72,37004cd2-6c46-243c-492a-13add313207c,6,-72.0,-75.0,-75.0,-57.0,-64.0,-61.0,-49.0,-2.9905525376303848,-3.096799349319096,-2.95253697833394,2.865490492840264,1.0193583838175024,-2.778496883748558,-2.792021976975551,0.5321501525690296,0.5420215586235718,0.8261493217656228,0.6636668676036621,0.6423639431709323,0.6823832863064956,0.5478357142277289,-6.094820976257324,2.5882890224456787,0.7295326590538025,-8.64,1.44,1.65
1743705055.422572,2c08d2cc-7a1c-9d34-25ea-6265acb43d72,7f0f155e-200f-d385-2283-4b7ed75b3e71,16,-68.0,-81.0,-80.0,-53.0,-55.0,-61.0,-52.0,-2.9631491426456877,-3.099081678373294,-2.953502374229094,2.8344806451073814,1.6920676501514076,2.866377020417936,-2.7998765543293445,0.5933971651340221,0.581520598515732,0.7593242184289184,0.6666793022707054,0.7779718219334169,0.472963270374212,0.39719098461848884,-5.8711519241333,2.752917766571045,0.591135561466217,-8.64,1.44,1.65
1743705056.407922,2c08d2cc-7a1c-9d34-25ea-6265acb43d72,7b169e76-001e-eec7-fdd0-6addd5ac5d20,3,nan,-70.0,-77.0,-60.0,-58.0,-62.0,-50.0,nan,-3.128487770497731,-2.9179393199805026,2.8476872609530846,2.1355195165752185,2.7597105523132783,-2.8105933543659054,nan,0.39394118003113715,0.794401445515652,0.738242834976933,0.5518521410731435,0.4083889262144469,0.31480779198642955,-6.051356315612793,2.744844436645508,0.45985814929008484,-8.64,1.44,1.65
1743705057.408871,2c08d2cc-7a1c-9d34-25ea-6265acb43d72,799adcf2-5a54-df6e-43ae-bdc8734a0a78,35,nan,-87.0,-79.0,-59.0,-53.0,-61.0,-51.0,nan,3.1346599126400987,-2.864067299553726,2.8494619915035133,2.2229358844876086,1.4903798170525635,-2.962444613813925,nan,0.480208224852774,0.8526859909735538,0.7298039432727444,0.36247040334062763,0.9927307584551981,0.4993338257571105,-6.24299669265747,2.6724982261657715,0.22065600752830505,-8.64,1.44,1.65
1743705058.408119,2c08d2cc-7a1c-9d34-25ea-6265acb43d72,420fe76f-d2dd-d57c-72c4-ff30f8e61b6b,26,nan,-77.0,-86.0,-55.0,-52.0,-64.0,-50.0,nan,-3.1380911293885565,-2.9359569363354336,2.850739776194533,2.177247928729546,1.0202926202647804,-2.9444830163298037,nan,0.39797244026270373,0.9173368895963174,0.7121760805433465,0.23737069420051643,0.716339462720163,0.48063151597997267,-6.434031009674072,2.5848710536956787,0.054846785962581635,-8.64,1.44,1.65
1743705059.419238,2c08d2cc-7a1c-9d34-25ea-6265acb43d72,8ca8ff56-7c77-33d8-608e-fe5f0db3c6b7,12,nan,-74.0,-77.0,-56.0,-60.0,-60.0,-57.0,nan,-3.1344793503181916,-2.9070374037421542,2.8649333595402195,2.138359634057518,0.862580141564384,-2.5273832257736775,nan,0.40238529818896496,0.8899681157057912,0.6903479467217027,0.6026741197631077,0.45575418621767066,1.2333421574697254,-6.603773593902588,2.528359889984131,-0.14748913049697876,-8.64,1.44,1.65
1743705060.424558,2c08d2cc-7a1c-9d34-25ea-6265acb43d72,f6f4a3ed-2b4c-4ffc-6795-dfe725f9211d,3,nan,-71.0,-77.0,-60.0,-58.0,-61.0,-50.0,nan,-3.076370773229317,-2.8318521051114733,2.88806770729752,2.280200706964698,1.6611977878001989,-2.7793745083296213,nan,0.4055023950868482,0.8845209525911704,0.6888343391161562,0.41397280131264486,1.0448286932427762,0.7518794143588546,-6.794419765472412,2.471351146697998,-0.29839420318603516,-8.64,1.44,1.65
1743705061.422066,2c08d2cc-7a1c-9d34-25ea-6265acb43d72,77cd02d9-738d-d7cc-498a-9566781884e0,20,-69.0,-78.0,-81.0,-53.0,-60.0,-64.0,-52.0,-2.8250637074928613,-3.119649537788085,-2.912124574056423,2.8387970966021823,2.1125286251775215,2.2846120153585545,-2.74904117418769,0.6364523573192786,0.5153523305723822,0.832555156293645,0.7283649707567474,0.4346550316949318,0.6799116074935643,1.048599162906478,-6.853913307189941,2.4259328842163086,-0.451966643333435,-8.64,1.44,1.65
1743705062.424706,2c08d2cc-7a1c-9d34-25ea-6265acb43d72,7a13b690-aa50-648a-c375-3e26d4a5bb19,29,-75.0,-75.0,-77.0,-56.0,-53.0,-61.0,-51.0,-2.8458368966276972,-3.037026562865031,-2.947681236718399,2.8914398018697782,3.049202498809281,1.735343537553065,-2.930562340619385,0.5844429517589032,0.5098396204054316,0.9365613839782452,0.7866776791431769,0.7134693983525777,1.4646373413537057,0.8440869769134675,-6.95633602142334,2.314419746398926,-0.5967560410499573,-8.64,1.44,1.65
1743705063.418548,2c08d2cc-7a1c-9d34-25ea-6265acb43d72,699c5524-3a00-75d5-5b81-709ad0b0f7ba,18,-68.0,-82.0,-80.0,-53.0,-56.0,-62.0,-51.0,-2.925014540048516,3.1254986384902264,-2.938517033091327,2.8961669128046688,2.550405593442143,2.4933665038158686,-2.8585916792266572,0.5788219508041275,0.7851324464996858,0.8297553750396445,0.7924423576387624,0.7101443880426331,0.7954523165691167,0.9761472468448497,-6.865578651428223,2.19539213180542,-0.564362943172455,-8.64,1.44,1.65
1743705064.423516,2c08d2cc-7a1c-9d34-25ea-6265acb43d72,62e20d47-2873-4707-6029-e08a651a8ce7,29,-74.0,-74.0,-77.0,-56.0,-52.0,-60.0,-51.0,-2.9383902666234394,3.1275380872530087,-2.960549098473443,2.8848996108647618,-2.8630075414707794,-0.7854743187533676,-2.9666443378503957,0.5578216938968485,0.6650250797596026,0.8455736198083337,0.7458660004392303,0.7135323484580715,1.5461142703324464,0.7951632981136398,-6.843841552734375,2.117701768875122,-0.5282646417617798,-8.64,1.44,1.65
1743705065.422935,2c08d2cc-7a1c-9d34-25ea-6265acb43d72,a8ec49e0-6049-73d4-3116-8fc5b9052a42,16,-68.0,nan,-81.0,-53.0,-56.0,-64.0,-52.0,-2.989851327315367,nan,-2.9297504394150042,2.8590435124734004,2.7435832281494195,0.5807545172696273,-2.0799078423498214,0.7068740597081349,nan,0.755656180080525,0.7141434907986424,0.7796383897395913,0.819245444582424,1.2900642779413876,-6.830151557922363,2.0863804817199707,-0.45661213994026184,-8.64,1.44,1.65
1743705066.419228,2c08d2cc-7a1c-9d34-25ea-6265acb43d72,4435dc73-1edf-d3ea-0ebf-6e736a42804a,28,-74.0,-75.0,-78.0,-56.0,-53.0,-59.0,-53.0,-2.9834682628146654,3.1204748514099006,-2.903995008512848,2.836249516703412,-2.79699193602249,0.08686373711540696,-2.790020481061258,0.7021376942884564,0.6207886424728412,0.8829438285936252,0.7271200095261625,0.7725621326101364,0.9232080230301958,0.9835454895590043,-6.66025972366333,2.157123327255249,-0.3592309355735779,-8.64,1.44,1.65
1743705067.410445,2c08d2cc-7a1c-9d34-25ea-6265acb43d72,c462b900-3d39-069d-a26f-6cba341a4d32,14,-69.0,-75.0,-78.0,-54.0,-61.0,-62.0,-58.0,-3.078506894739669,3.122377946324871,-2.8953176307330426,2.7991937606638317,2.7708127895861945,0.47320870158888817,-1.7208267414142915,0.7187900411105581,0.5043566377741493,0.7729779790216458,0.7062617989735257,1.0162018876671268,0.5407041055743448,1.3412798116131825,-6.51455020904541,2.3165504932403564,-0.043830856680870056,-8.64,1.44,1.65
1743705068.419373,2c08d2cc-7a1c-9d34-25ea-6265acb43d72,473feda8-ebb6-1d55-2815-27ae830a9c3c,11,-69.0,-75.0,-76.0,-56.0,nan,-58.0,-55.0,-3.0249568504886826,-3.117762688155764,-2.8920541931332595,2.7851541080291518,nan,1.7905983645654178,-2.889793768423772,0.6757393097201275,0.37655965970257144,0.816489370701633,0.6603036280420282,nan,0.9425627452539965,0.8919681733782775,-6.367518424987793,2.425795078277588,0.2714608311653137,-8.64,1.44,1.65
1743705069.422673,2c08d2cc-7a1c-9d34-25ea-6265acb43d72,178dea96-1a54-d2db-c490-dbd639e45ce6,3,-73.0,-72.0,-78.0,-60.0,-58.0,-60.0,-50.0,-3.061956680145372,3.1141509090853985,-2.8486659726536887,2.8384354393261493,2.534857565188266,2.4901838337013915,-2.8526243539542806,0.6815954677991574,0.21327139957378008,0.8091783277190927,0.6700347520861506,0.5543129824075231,0.9047917464591027,0.5567866442241501,-6.25095796585083,2.4623608589172363,0.5815816521644592,-8.64,1.44,1.65
1743705070.418535,2c08d2cc-7a1c-9d34-25ea-6265acb43d72,ef8217dc-247e-8600-6a15-7d3bb793d390,11,-70.0,nan,nan,-54.0,nan,-58.0,-55.0,-3.0109241220728373,nan,nan,2.8817922345048568,nan,1.0500835930297925,-3.0294877778841944,0.6566178130933586,nan,nan,0.7488638542993052,nan,0.9136212797960165,0.6776007658417098,-6.226326942443848,2.478283643722534,0.8633896112442017,-8.64,1.44,1.65
1743705071.424967,2c08d2cc-7a1c-9d34-25ea-6265acb43d72,4ca3e629-b98c-d6a4-1274-22e561350d3b,29,-75.0,-74.0,nan,-56.0,-52.0,nan,-52.0,-3.0055882125127544,3.1187187629871023,nan,2.895456914058054,-2.921456726226673,nan,-3.0107398834559707,0.6481699997995183,0.1995815032140118,nan,0.7540090815253383,0.6514098896470841,nan,0.6416501644014759,-6.276217460632324,2.494877815246582,1.1037088632583618,-8.64,1.44,1.65
1743705072.408779,2c08d2cc-7a1c-9d34-25ea-6265acb43d72,34dcd25a-305a-94ed-07fd-68d5305e85ce,9,-71.0,-82.0,nan,-57.0,nan,-57.0,-49.0,-2.9833356373923796,-3.1393883551555346,nan,2.8686985366893736,nan,2.0971888853862364,-2.9248999297668536,0.5813977602104521,0.22423515108368872,nan,0.7401746254526492,nan,0.7783742499998719,0.4789482776375342,-6.314177513122559,2.5432705879211426,1.3270727396011353,-8.64,1.44,1.65
1743705073.419424,2c08d2cc-7a1c-9d34-25ea-6265acb43d72,6d5730dc-2a5f-44b4-5a35-0cc589a11445,21,-70.0,-78.0,nan,-53.0,-57.0,-68.0,-53.0,-3.035412420928334,3.08904582212144,nan,2.8583745264075726,2.589608726910063,1.0908055171535913,-2.973540060418233,0.5908664963081743,0.3741626149844184,nan,0.7596436646016735,0.775053838531724,0.8036346680359211,0.3617974012381086,-6.676064491271973,2.509185314178467,1.3794612884521484,-8.64,1.44,1.65
1743705074.423259,2c08d2cc-7a1c-9d34-25ea-6265acb43d72,b7da2c60-bdef-ec8a-527f-7ba72ff6e436,23,-72.0,-80.0,nan,-54.0,-54.0,-78.0,-52.0,-3.0782514975911304,3.1237936827603576,nan,2.8579787806695864,-2.8639388821543466,0.7989541676559841,-3.013199520956998,0.6749689903748223,0.48106759364702906,nan,0.7409171813435905,0.8008049525445252,0.6090169187208937,0.31173831305842015,-7.02305507659912,2.433109760284424,1.3252642154693604,-8.64,1.44,1.65
1743705075.409299,2c08d2cc-7a1c-9d34-25ea-6265acb43d72,1b99856e-0563-d191-6769-0af2e17a5b20,15,-69.0,-77.0,-80.0,-53.0,-57.0,-61.0,-55.0,-3.0565968021354784,3.079612905540379,-2.7824030626231,2.822631176153183,2.705717088998073,0.7518500352896896,-2.625479078719124,0.6935825556026857,0.2914570820675716,0.6463107804635067,0.7655389711487274,0.8594514487049104,0.3990823650389849,1.135921211205227,-7.31707000732422,2.367140531539917,1.2671966552734375,-8.64,1.44,1.65
1743705076.409414,2c08d2cc-7a1c-9d34-25ea-6265acb43d72,c73d5a11-00af-8cf2-f678-3929050bcc02,17,-68.0,-84.0,-79.0,-53.0,-55.0,-61.0,-57.0,-3.0751385285929373,3.05274959962475,-2.8292701704346417,2.8405228249885535,2.407242223346747,1.7241501364479184,-2.661875624532825,0.6486007661058384,0.6460982602085183,0.6546922810462041,0.7665513718371211,0.6219111350223233,0.8270135359627189,0.9754601700251413,-7.48937463760376,2.388681173324585,1.2134464979171753,-8.64,1.44,1.65
1743705077.419505,2c08d2cc-7a1c-9d34-25ea-6265acb43d72,f21318d2-5927-04ea-1f62-b44f115f8fb4,13,-71.0,-74.0,-76.0,-54.0,-60.0,-59.0,-58.0,-3.048788413819366,3.035730934994707,-2.848026281359852,2.8379336997767783,2.187463246292918,1.0306261485924437,-1.7208267414142915,0.6433899585379623,0.47644504507443763,0.6067804817180519,0.7158110291151957,0.7662843205323425,0.6514243550632461,1.3412798116131825,-7.540892601013184,2.40289044380188,1.15817666053772,-8.64,1.44,1.65
1743705078.409372,2c08d2cc-7a1c-9d34-25ea-6265acb43d72,e1267f34-ae02-3235-a15c-c80ffd67fbfd,29,-76.0,-74.0,-78.0,-56.0,-52.0,-60.0,-52.0,-3.033213981448473,3.0363983231638816,-2.8227291804812977,2.8473287994703593,2.210922309541697,0.4738227261555795,-2.7823082647470754,0.6525492353170173,0.41169524330669116,0.5964235148177609,0.7148855140573657,0.4229330807854587,0.9221827256576531,1.0542572340173364,-7.540289402008057,2.519320487976074,1.1528371572494507,-8.64,1.44,1.65
1743705079.409588,2c08d2cc-7a1c-9d34-25ea-6265acb43d72,e9469938-1ab4-cdef-119d-b7e44b1a0545,21,-70.0,-78.0,-81.0,-53.0,-58.0,-68.0,-53.0,-2.9829769095935457,3.0504528895006655,-2.895903259856751,2.8458640608708166,2.0713794378433055,0.5564504380743298,-2.9574830333693773,0.658764454090017,0.48055247171318044,0.559529878709539,0.7800625867325018,0.5350146297375514,0.5364179528944982,0.7071559355933822,-7.58386993408203,2.5527701377868652,1.1571143865585327,-8.64,1.44,1.65
1743705080.410058,2c08d2cc-7a1c-9d34-25ea-6265acb43d72,f3843b3a-605d-7181-012e-5d3c82971982,27,-74.0,-76.0,-83.0,-55.0,-53.0,-61.0,-52.0,-2.9396659207855866,3.0617148651183923,-2.944496362370773,2.8366841445933133,3.091364513784008,0.19962194672329345,-2.948263900640002,0.6377246159510368,0.4052518249177854,0.9003294102428534,0.8002677236068241,0.8022208447592608,0.7928256219995098,0.6194023477542703,-7.510812759399414,2.576385498046875,1.1585859060287476,-8.64,1.44,1.65
1743705081.409452,2c08d2cc-7a1c-9d34-25ea-6265acb43d72,a4128b31-9875-dc08-9a5f-a71ea8562fe6,7,-71.0,-76.0,-75.0,-57.0,nan,-58.0,-50.0,-2.9559210571311034,3.10505301816947,-2.924037692560675,2.838798694498836,nan,-1.9317683498465923,-2.8687440472549905,0.607307388139724,0.2630549184503105,0.9834735657912361,0.689615377684849,nan,1.3279700900969087,0.4561611595769068,-7.428197383880615,2.6026864051818848,1.17419958114624,-8.64,1.44,1.65
1743705082.425489,2c08d2cc-7a1c-9d34-25ea-6265acb43d72,323dec4a-eb30-61b7-a0b9-cbab8de267fd,35,-77.0,-92.0,-80.0,-59.0,-53.0,-58.0,-52.0,-2.9209241909302635,3.080924246061134,-2.904071973868351,2.8538157272535747,2.619665388514949,2.873862383893496,-2.9945565775011556,0.5447517980836075,0.22911787385002402,0.9953846869246701,0.6263360070234764,0.49642858902705955,0.8547494955186152,0.588392736703787,-7.368070602416992,2.6143150329589844,1.178414225578308,-8.64,1.44,1.65
1743705083.422755,2c08d2cc-7a1c-9d34-25ea-6265acb43d72,cc11517e-3a98-3071-37f1-a8155212a0c4,28,-75.0,-75.0,-79.0,-56.0,-53.0,-59.0,-53.0,-2.912423647046839,3.1063872618755997,-2.82817534491051,2.875699987195192,-2.9458141483540508,-1.570796321065028,-2.996221610618164,0.5015257308249087,0.2773684106240776,1.1446769702606587,0.7398259510869306,0.63652639666007,1.5533430342749535,0.571125633117499,-7.284263610839844,2.6091339588165283,1.1683366298675537,-8.64,1.44,1.65
1743705084.40974,2c08d2cc-7a1c-9d34-25ea-6265acb43d72,6d9b3a70-d9a7-f07a-70e3-0a84266c0dc4,2,-71.0,-71.0,-79.0,-60.0,-58.0,-61.0,-52.0,-2.9483904365166866,3.1212706039436164,-2.8129170297610098,2.8948055048554204,2.794704246400537,2.750185591497637,-2.8940587375571227,0.4644709068917097,0.2007793597828158,1.0465036645745776,0.7308050921055322,0.4300494340137142,0.9944073855980782,0.4074964346928438,-7.256171226501465,2.60645866394043,1.1791832447052,-8.64,1.44,1.65
1743705085.422517,2c08d2cc-7a1c-9d34-25ea-6265acb43d72,f15a8a34-5525-8ae0-144f-77199808113a,30,-75.0,-74.0,-77.0,-56.0,-52.0,-58.0,-52.0,-2.824447452016617,3.094969225017994,-2.8054103775964037,2.925141572832513,-2.8155367438732584,1.0133123460822706,-2.958876924699167,0.42201509239928914,0.2232781275012119,1.101330960884366,0.7108881758401842,0.5344770481802276,0.9185983349812624,0.5336707782535076,-7.2408928871154785,2.553062677383423,1.285456895828247,-8.64,1.44,1.65
1743705086.408658,2c08d2cc-7a1c-9d34-25ea-6265acb43d72,cd3db81a-73a1-fb65-cb9b-2aab8a3c11fa,0,-74.0,-70.0,-78.0,-61.0,-57.0,-66.0,-55.0,-2.878834794114324,3.08622979558479,-2.7623518564597846,2.903364904598935,2.877079367918711,2.1136872406150773,-2.8958554942107373,0.4270040919378755,0.24061387474854182,1.0076296353007455,0.7427678119850866,0.3888502437908478,0.8141460819139105,0.390571258274939,-7.389410018920898,2.4039340019226074,1.3828644752502441,-8.64,1.44,1.65
1743705087.418359,2c08d2cc-7a1c-9d34-25ea-6265acb43d72,6f543ae7-1820-aaaf-4baf-1134500fbfad,2,-72.0,-71.0,-78.0,-60.0,-57.0,-61.0,-51.0,-2.9178367882785348,3.0787473781861032,-2.7375887193797914,2.8756179618336173,2.593402661375582,2.419651392329246,-2.847140534348736,0.4064791094166348,0.24118284247068048,0.8979949498103171,0.7295574677138577,0.2858262674814093,0.562018240661349,0.3183039901224603,-7.620390892028809,2.267117977142334,1.4822007417678833,-8.64,1.44,1.65
1743705088.409922,2c08d2cc-7a1c-9d34-25ea-6265acb43d72,a4221563-a3b9-7cce-d6f0-6b085284fd6e,5,-72.0,-73.0,-76.0,-58.0,-61.0,-61.0,-49.0,-2.8705417104798174,-3.073613602552758,-2.7147909951842775,2.8720626417783617,1.5245162002832475,2.4039139635136944,-2.8140640507165116,0.4816816187258604,0.1833898666157367,0.8852439342480994,0.7822946486211244,0.9242165367698697,0.3605798816779776,0.28177596740865485,-7.7320098876953125,2.096163272857666,1.514853835105896,-8.64,1.44,1.65
1743705089.409764,2c08d2cc-7a1c-9d34-25ea-6265acb43d72,458e8bb1-03c9-f582-5828-0fc714bce3e3,32,-75.0,-78.0,-77.0,-57.0,-52.0,-58.0,-52.0,-2.802263852768475,-3.1100435157361694,-2.7238052628419775,2.8899186042551253,2.065934475427295,2.4094423861646956,-2.9444830163298037,0.3099255383055395,0.1818021066185883,0.8658541241415051,0.7325660407973201,0.6137020300966552,0.2780964962353479,0.48063151597997267,-7.783693313598633,2.011526107788086,1.5550131797790527,-8.64,1.44,1.65
1743705090.423792,2c08d2cc-7a1c-9d34-25ea-6265acb43d72,dbe81e5a-b5ce-0a43-2226-3295726e3433,3,-73.0,nan,nan,nan,-57.0,nan,-50.0,-2.8047003788497884,nan,nan,nan,-3.0738939604672546,nan,-2.860264811872748,0.33383276870069445,nan,nan,nan,1.028731278378422,nan,0.37024322148796013,-7.839332580566406,1.96729838848114,1.5710495710372925,-8.64,1.44,1.65
1743705091.42361,2c08d2cc-7a1c-9d34-25ea-6265acb43d72,f9431801-82a5-9f1e-b9b8-8a84beae0203,19,-69.0,nan,nan,nan,nan,-65.0,nan,-2.7956245921709075,nan,nan,nan,nan,2.3835457832150087,nan,0.3675131677956813,nan,nan,nan,nan,0.23171228242386108,nan,nan,nan,nan,-8.64,1.44,1.65
1743705092.423809,2c08d2cc-7a1c-9d34-25ea-6265acb43d72,81647468-f1b2-c48b-c75c-b3e193b562c0,7,-71.0,nan,nan,nan,-67.0,-59.0,-50.0,-2.7892849371959736,nan,nan,nan,1.8782121286937676,3.065772559290477,-2.828856479225696,0.2636824424269172,nan,nan,nan,1.1853259067292816,0.4003919553102952,0.31660528918560726,-7.743676662445068,1.9146757125854492,1.4539223909378052,-8.64,1.44,1.65
1743705093.423202,2c08d2cc-7a1c-9d34-25ea-6265acb43d72,b6b4fe7e-1ae6-1d16-9d7b-ab7366d393e6,30,-74.0,nan,nan,nan,-52.0,-59.0,-52.0,-2.843040843799223,nan,nan,nan,2.209918109460425,-2.5281309985973506,-2.942655098839714,0.1733569231963244,nan,nan,nan,0.6695795334200553,1.2956076740774514,0.49774374825005296,nan,nan,nan,-8.64,1.44,1.65
1743705094.41308,2c08d2cc-7a1c-9d34-25ea-6265acb43d72,5ae2e773-16e4-290c-6170-1ac88afa2726,15,-69.0,nan,nan,nan,-57.0,-62.0,-55.0,-2.8787471761144605,nan,nan,nan,2.1907823877367836,0.5357061860113712,-2.4354883327579815,0.34825212152779217,nan,nan,nan,0.6056322190075349,0.9609100594422771,1.188735919761778,nan,nan,nan,-8.64,1.44,1.65
1743705095.430375,2c08d2cc-7a1c-9d34-25ea-6265acb43d72,aca054d3-f7c4-90cc-e7a3-b8ad31f51e80,15,-69.0,-77.0,-78.0,-53.0,-58.0,-60.0,-54.0,-2.9740989957836574,-2.728188559680139,-3.1366596803026394,2.9107418608184545,2.1424314338161223,2.1282803072278917,-1.1439391836400994,0.5567263024509853,1.0105646385590945,0.6628033376202039,0.785951368534885,0.6760062651267844,0.9185983350653556,1.2824870144403624,-7.612545013427734,1.8797837495803833,0.715312957763672,-8.64,1.44,1.65
1743705096.419858,2c08d2cc-7a1c-9d34-25ea-6265acb43d72,af06fbef-6b4d-2deb-59ad-9f6c6965dab8,5,nan,nan,nan,-58.0,nan,nan,-49.0,nan,nan,nan,2.8846343600201902,nan,nan,-2.6677699272831443,nan,nan,nan,0.7446121176189938,nan,nan,0.9221827257994784,nan,nan,nan,-8.64,1.44,1.65
1743705097.425262,2c08d2cc-7a1c-9d34-25ea-6265acb43d72,5965e21f-e6d5-d0ee-0fea-18b48d1d5af9,20,-70.0,-78.0,-81.0,-53.0,-60.0,-67.0,-52.0,-2.9887833997182454,2.7805340561700826,-3.1385044519897374,2.838970734705255,2.029759188680425,2.3674904921313353,-2.6079193374626652,0.5811927633855432,1.1241762225053382,0.5506549942453908,0.7352885903797082,0.6167259971810296,0.5720276657805985,1.1127370133622108,-7.508522033691406,1.8632903099060059,0.19234341382980347,-8.64,1.44,1.65
1743705098.423863,2c08d2cc-7a1c-9d34-25ea-6265acb43d72,8a682f74-3182-f7de-5e79-4c23790947e1,18,-69.0,-83.0,-80.0,-53.0,-57.0,-62.0,-50.0,-2.944265732620372,2.878201760723212,-3.1124725849664308,2.851039648133276,2.0431686251046344,2.3816516834502433,-2.6901155969362915,0.6479517537481865,1.0836954415668338,0.5611045392830755,0.7703726085272211,0.5595004717315656,0.36787785128204037,1.0740823825687589,-7.38366460800171,1.8615304231643677,-0.1986522078514099,-8.64,1.44,1.65
1743705099.418576,2c08d2cc-7a1c-9d34-25ea-6265acb43d72,23278986-cac6-9e08-14a2-8c00d1e4811e,6,-72.0,-73.0,-76.0,-57.0,-63.0,-61.0,-46.0,-2.9034967310728943,2.9107322734385304,-3.0408045231874175,2.876008913881641,1.5382635017603667,3.019583586953321,-2.8051113181107854,0.6466782966939376,1.0223162363432325,0.564541947881068,0.6921816662902768,0.7499236657096606,0.5377637334963108,0.6698713625273126,-7.112707614898682,1.8734681606292725,-0.5076030492782593,-8.64,1.44,1.65
1743705100.420469,2c08d2cc-7a1c-9d34-25ea-6265acb43d72,3fb7333d-9ec5-453d-a22a-58e819e9f082,4,nan,-71.0,-79.0,-59.0,-60.0,-61.0,-50.0,nan,2.928040689995173,-3.0769393581220483,2.8866466445398538,1.0090962441596942,2.9320266544204134,-2.8110515516231254,nan,0.9021621977050459,0.7436766157070762,0.732005045913695,0.5817958087885046,0.5831996405784611,0.44909813333097764,-6.790000915527344,1.9117528200149536,-0.658526837825775,-8.64,1.44,1.65
1743705101.422431,2c08d2cc-7a1c-9d34-25ea-6265acb43d72,a986ad83-9453-9b6f-0d38-333c6354592b,35,nan,-94.0,-82.0,-59.0,-52.0,-59.0,-50.0,nan,2.8973371057876496,-3.0558665633645785,2.8851866996302724,1.8421723781934567,3.141592653589793,-2.9736662540913823,nan,0.9900622929071194,0.7241355380505652,0.6285172691143058,0.689797540951918,1.4835298642947994,0.586862096713708,-6.496315956115723,1.9840905666351318,-0.788122296333313,-8.64,1.44,1.65
1743705102.409426,2c08d2cc-7a1c-9d34-25ea-6265acb43d72,581bc0d7-1caf-de6e-e35b-d40d03177463,25,nan,-80.0,-88.0,-54.0,-53.0,-64.0,-51.0,nan,3.000089850126177,-2.955697884231755,2.87146449579753,3.1086654562017566,0.5336733158970556,-2.962444613813925,nan,1.0010555555708576,0.769346292822132,0.6831952286659679,1.0120472750571254,1.1127370132077725,0.4993338257571105,-6.385961055755615,2.03486967086792,-0.848472774028778,-8.64,1.44,1.65
1743705103.419017,2c08d2cc-7a1c-9d34-25ea-6265acb43d72,5c3a44b9-2f56-18fa-5efc-c5e009f6c724,32,nan,-78.0,-77.0,-57.0,-52.0,-58.0,-53.0,nan,2.9986373620676474,-2.912152537247869,2.909710152212158,2.540893512998441,-0.263208181662742,-3.013981318196788,nan,0.9070546243646032,0.7523279610872259,0.7252974752341667,0.5399447066224883,0.9257246162838351,0.607034556187936,-6.278281211853027,2.12368106842041,-0.899124562740326,-8.64,1.44,1.65
1743705104.419793,2c08d2cc-7a1c-9d34-25ea-6265acb43d72,b85c5ee9-630f-0d7c-ef4c-5d3f9c09754d,28,nan,-75.0,-79.0,-56.0,-52.0,-60.0,-53.0,nan,2.9504410705560473,-2.945715024885593,2.9058650802303014,2.3377829456934744,-0.17290159848786305,-2.9945565775011556,nan,0.8676468976083191,0.8396172602932898,0.6971999938903676,0.32636745951226936,0.9177894822570506,0.588392736703787,-6.169073104858398,2.2039952278137207,-0.9268449544906616,-8.64,1.44,1.65
1743705105.424369,2c08d2cc-7a1c-9d34-25ea-6265acb43d72,8c792ecc-8480-c886-0b11-64a5a47d0eca,30,-75.0,-75.0,-78.0,-56.0,-52.0,-58.0,-51.0,-2.878113343775022,2.8959932747015955,-2.969673621000273,2.886514551749786,2.2113534429701045,-0.2294168179564629,-2.9890441668598484,0.07500806526013624,0.772366650393418,0.8638186035413303,0.7228620144172894,0.24844300335433342,0.9122182605588095,0.6401667534291013,-6.306450843811035,2.2427380084991455,-0.8166946172714233,-8.64,1.44,1.65
1743705106.410099,2c08d2cc-7a1c-9d34-25ea-6265acb43d72,53218b78-5d7e-744b-d2c3-deb99c41a6d6,12,-70.0,-74.0,-76.0,-56.0,-61.0,-58.0,-56.0,-2.8773863007974305,2.9500959248787733,-2.872343871589474,2.89141263762666,2.122234269559529,-0.531780905641935,-2.9569562740995377,0.14690798850155468,0.7133466064214635,0.8566737418108112,0.6649334004390764,0.6423639432337065,0.5266027431373291,0.5508305100640499,-6.4335198402404785,2.262939214706421,-0.16890132427215576,-8.64,1.44,1.65
1743705107.424127,2c08d2cc-7a1c-9d34-25ea-6265acb43d72,0cbbaee8-c297-0bd3-294d-c0eab082f605,21,-71.0,-78.0,-83.0,-53.0,-58.0,-73.0,-52.0,-2.8725212381180736,2.8266418967548423,-2.7196131809700836,2.883599988252803,2.0431686251046344,0.13360377651929115,-2.988948265813045,0.20413913723503252,1.1664754764151757,0.7662777320351154,0.7432351301773683,0.5595004717315656,0.4155627954203632,0.414550243450014,-6.486680507659912,2.276451826095581,0.358932763338089,-8.64,1.44,1.65
1743705108.420285,2c08d2cc-7a1c-9d34-25ea-6265acb43d72,2b087c03-71e8-b335-7294-643123e4f891,8,nan,-80.0,-74.0,-57.0,nan,-58.0,-50.0,nan,2.8446358109760714,-2.681468192044661,2.8633397239439162,nan,-1.1816686774685659,-2.900679463089873,nan,1.351968241606666,0.8072091864090882,0.7168657074858942,nan,1.3441498824170723,0.339752965712696,-6.570621013641357,2.280883312225342,0.7298669815063477,-8.64,1.44,1.65
1743705109.410457,2c08d2cc-7a1c-9d34-25ea-6265acb43d72,74b570a3-1129-c02e-099b-01994413d68c,9,nan,-81.0,-74.0,-57.0,-66.0,-57.0,-49.0,nan,2.8867600952022907,-2.72040334086551,2.8791642271411666,1.7593389653954452,2.6780047871326476,-2.863818862899122,nan,1.398838412053461,0.8505458747215664,0.7248613826056665,0.7671901029313855,0.906611418367483,0.33669141604725894,-6.719351291656494,2.25883674621582,0.9205164313316345,-8.64,1.44,1.65
1743705110.420162,2c08d2cc-7a1c-9d34-25ea-6265acb43d72,6db5a123-1340-e11d-d786-0775c00fda63,36,nan,-87.0,-83.0,-60.0,-52.0,-60.0,-51.0,nan,2.843950845943703,-2.6993688956277375,2.8705654126135194,2.137247994609506,3.0089960668199263,-2.999315941556371,nan,1.2794702056739298,0.8872621443011888,0.6432442170473077,0.5221929494459893,0.6589522704436636,0.53657933950584,-6.934790134429932,2.1907734870910645,0.511907458305359,-8.64,1.44,1.65
1743705111.409852,2c08d2cc-7a1c-9d34-25ea-6265acb43d72,7e9ad619-90b0-a480-c4c1-6c774ef75c1e,29,nan,-75.0,-78.0,-55.0,-52.0,-58.0,-51.0,nan,2.887932418714144,-2.6687137809520536,2.871042118448643,2.1442993425296453,-2.551994446531407,-2.9945565775011556,nan,1.326431056755842,0.8702340920283042,0.6372700809319874,0.31514848939668305,1.4450097179295274,0.588392736703787,-7.133002758026123,2.05591082572937,0.06300456821918488,-8.64,1.44,1.65
1743705112.409013,2c08d2cc-7a1c-9d34-25ea-6265acb43d72,64e71077-782a-ef46-f77d-b1c525ab6104,3,nan,-71.0,-77.0,-60.0,-58.0,-61.0,-50.0,nan,2.871646123383873,-2.7784189736323417,2.872608589801828,1.4461341213144259,2.8752034347945368,-2.8940587375571227,nan,1.3143533548962236,0.8421505922802275,0.6321521511071277,0.7243098037869706,1.0137595410349898,0.4074964346928438,-7.097976207733154,1.9706873893737793,-0.2855462431907654,-8.64,1.44,1.65
1743705113.409914,2c08d2cc-7a1c-9d34-25ea-6265acb43d72,fd4c9a90-43e4-ce23-9e3b-7fd847991cf7,10,-70.0,-77.0,-74.0,-57.0,nan,nan,nan,-2.8583889074774587,2.8573667862510863,-2.7395615891153224,2.8794619685510376,nan,nan,nan,0.2576401626772046,1.4428001442737806,0.8637811861280146,0.6606553650430005,nan,nan,nan,nan,nan,nan,-8.64,1.44,1.65
1743705114.41013,2c08d2cc-7a1c-9d34-25ea-6265acb43d72,52e5f004-8676-74cc-2c69-9da1ff9590a5,24,-74.0,-82.0,-85.0,-54.0,-54.0,-70.0,-52.0,-2.838623192183,2.855880742362822,-2.800852643706842,2.8255745017899385,3.141592653589793,1.125640496969683,-2.9549198590697325,0.3185010834631627,1.449533947090046,0.7307075538306083,0.7046223570064729,1.1868238914488625,1.1821334150267548,0.36069386575260365,-7.1435160636901855,1.8809504508972168,-0.329132616519928,-8.64,1.44,1.65
1743705115.424192,2c08d2cc-7a1c-9d34-25ea-6265acb43d72,0d2b69f3-7ad4-d99a-61ef-df899c543003,20,-69.0,-78.0,-81.0,-53.0,-59.0,-65.0,-52.0,-2.913479057786838,2.7732870622117587,-2.852935286197195,2.8187653315148236,2.3153041093660067,2.2935399429027377,-2.878384471840506,0.43874580273646663,1.3472957254741222,0.7058113252751388,0.7149459012350833,0.9054646307782221,0.8138248491623792,0.9257246164381425,-7.26409912109375,1.7923774719238281,-0.3422677218914032,-8.64,1.44,1.65
1743705116.418682,2c08d2cc-7a1c-9d34-25ea-6265acb43d72,9488c899-c694-613d-a909-7a9005ce776d,31,-74.0,-75.0,-78.0,-57.0,-52.0,-58.0,-52.0,-2.8729955471082165,2.7347995907701517,-2.857922321654477,2.8218034656863864,2.2620855198464898,1.179769996355028,-2.988683487176885,0.35440498904177037,1.2983869052128714,0.6451536369698673,0.6718631453325444,0.5518521410785092,0.7818340572531889,0.8144485554274669,-7.298105239868164,1.752712368965149,-0.3443804681301117,-8.64,1.44,1.65
1743705117.412394,2c08d2cc-7a1c-9d34-25ea-6265acb43d72,4e4ead2c-4963-1020-c62f-00f5a5693951,1,-73.0,-69.0,-78.0,-61.0,-57.0,-66.0,-54.0,-2.8940142796955577,2.7176706712709797,-2.840646395663133,2.8226689930406623,2.3367347257226987,2.0971888853862364,-2.898520229175436,0.35508635880666717,1.2604328649376069,0.7189732000145284,0.6818900799947472,0.38070212087899286,0.7783742499998719,0.5279728418449501,-7.395587921142578,1.732745885848999,-0.27392295002937317,-8.64,1.44,1.65
1743705118.424554,2c08d2cc-7a1c-9d34-25ea-6265acb43d72,2d1f7bb0-cc56-b40a-3bb5-5bf7c127457d,5,-72.0,-72.0,-76.0,-57.0,-63.0,-61.0,-48.0,-2.8279026372148857,2.8668300628685737,-2.7997335834167907,2.8547856505225817,1.4408439602133414,2.9000027776703656,-2.8583306489023528,0.32371551958802425,1.3039281444929993,0.833417354696558,0.7313221448311713,0.8123453587484601,0.8581177410760433,0.3870057307375776,-7.3828582763671875,1.720771074295044,-0.22061476111412048,-8.64,1.44,1.65
1743705119.423826,2c08d2cc-7a1c-9d34-25ea-6265acb43d72,ec99b985-014d-a1d6-33d1-12a4dc29c8dc,36,-78.0,-89.0,-85.0,-60.0,-52.0,-60.0,-50.0,-2.6303658591515666,2.9685335217376103,-2.8029701230895636,2.8834572428183742,2.040731317714664,0.9848583553889628,-2.9549391411297536,0.35971703002058325,1.2733846162669895,0.7885746487876404,0.7322024527294969,0.608907864571581,1.4450097177922063,0.5679839333859145,-7.32231616973877,1.704692006111145,-0.18566572666168213,-8.64,1.44,1.65
1743705120.427452,2c08d2cc-7a1c-9d34-25ea-6265acb43d72,35aa60c0-56b0-ed1b-1f52-635286616a09,7,-72.0,-75.0,-75.0,-57.0,nan,-60.0,-50.0,-2.9102387896885387,3.049533033660152,-2.792960365816392,2.877843299240488,nan,-2.660036680750223,-2.8751579924588113,0.3541228604137901,1.3520936764940088,0.872135189572457,0.7333059335271713,nan,1.1052630333827396,0.405692154210457,-7.284942626953125,1.701444387435913,-0.12743455171585083,-8.64,1.44,1.65
1743705121.420313,2c08d2cc-7a1c-9d34-25ea-6265acb43d72,ce70f08b-3576-b695-9ce2-9732a26fdd68,31,-74.0,-76.0,-77.0,-57.0,-51.0,-57.0,-52.0,-2.8741196674043388,3.0530569284145446,-2.788516348905377,2.86098176111476,2.126030792714784,2.8488730176519272,-2.975559610324201,0.25323263107312344,1.2570473214018443,0.9064596075980522,0.7111864498822729,0.4164531985578593,0.6768146602621665,0.5696515379177208,-7.272940635681152,1.7178013324737549,0.35589027404785156,-8.64,1.44,1.65
1743705122.409668,2c08d2cc-7a1c-9d34-25ea-6265acb43d72,b029df2d-6c59-79f2-c941-dca8afdc6b60,2,-74.0,-71.0,-79.0,-60.0,-57.0,-63.0,-52.0,-2.91196451807491,3.055179467803338,-2.8342827722383888,2.882085714856984,2.2640832264315787,2.7989831535610254,-2.8751579924588113,0.22770691445974325,1.119063219528495,0.8172915148219647,0.7388096888149563,0.3147941848051927,0.5149982897059284,0.405692154210457,-7.25590467453003,1.741321325302124,0.6431607007980347,-8.64,1.44,1.65
1743705123.42633,2c08d2cc-7a1c-9d34-25ea-6265acb43d72,f76ac625-454c-2846-d8a5-27077ba6c70e,36,-79.0,-86.0,-82.0,-60.0,-52.0,-61.0,-51.0,-2.733401697513969,3.1292398471895693,-2.84055052186389,2.8727534657651286,2.2698075906177917,2.0254367854901165,-2.996221610618164,0.21674542663676116,1.3731053517044618,0.7759994018573678,0.6793135382191229,0.24215464689698832,1.2981560350356256,0.571125633117499,-7.479279041290283,1.73000705242157,0.9331716299057007,-8.64,1.44,1.65
1743705124.431784,2c08d2cc-7a1c-9d34-25ea-6265acb43d72,079f19ac-5049-bccd-7dac-cdbb28d9a55e,0,-75.0,-70.0,-77.0,-61.0,-56.0,nan,-54.0,-2.780246434772354,3.0950469893218244,-2.81594770708152,2.8670734757922074,2.313698014120044,nan,-2.93194345054196,0.14785302785912607,1.3610462919724737,0.8243868417562084,0.6695459954470936,0.21634497296108657,nan,0.41071366710700297,-7.641250133514404,1.7219642400741577,0.969247817993164,-8.64,1.44,1.65
1743705125.424155,2c08d2cc-7a1c-9d34-25ea-6265acb43d72,6e4c85b5-a96c-7e54-bebf-2c480d561009,35,-78.0,-88.0,-81.0,-59.0,-52.0,-59.0,-53.0,-2.7818914693776957,-3.136417598959551,-2.8150614070707416,2.8471988372091634,2.2816767351229936,0.801372762074632,-3.0169202000776547,0.1591963796929119,1.302673795619572,0.807353929214334,0.6657135734804153,0.1969047736511877,0.8008781087194959,0.5724052229767469,-7.75861692428589,1.7058558464050293,0.8227210640907288,-8.64,1.44,1.65
1743705126.424681,2c08d2cc-7a1c-9d34-25ea-6265acb43d72,8a2eb0ff-dede-ecce-4eee-b99340f55505,16,-68.0,-83.0,-79.0,-53.0,-57.0,-61.0,-52.0,-2.825874373728681,-3.0679256230965666,-2.9652988462775998,2.791173384724949,2.162083569631313,2.0147098996739685,-2.8940587375571227,0.25478708491188906,1.0352030731210444,0.7187487621136619,0.6618047853694787,0.2767370458379076,0.8414204711719352,0.4074964346928438,-7.77277421951294,1.6944372653961182,0.811315894126892,-8.64,1.44,1.65
1743705127.420403,2c08d2cc-7a1c-9d34-25ea-6265acb43d72,9411c119-cd11-b0dc-d744-8e8786186ecc,29,-75.0,-75.0,-78.0,-56.0,-51.0,-57.0,-50.0,-2.7947257753030055,-3.0980382518582013,-3.0971857739932673,2.879229740903983,2.1578859606826457,1.117727826211735,-2.942655098839714,0.20415964357542613,1.0658161764305325,0.6945821065388197,0.7583785299258314,0.2864357960651945,0.7097457278017034,0.49774374825005296,-7.708728313446045,1.6821849346160889,0.8653802275657654,-8.64,1.44,1.65
1743705128.425039,2c08d2cc-7a1c-9d34-25ea-6265acb43d72,8a8d8d5b-f5ac-92be-6bef-3981227409b1,33,-76.0,-80.0,-78.0,-57.0,-51.0,-57.0,-52.0,-2.8118578905954856,3.1392112549430444,-2.9140766711354513,2.9144042399495316,2.1667999245125857,1.995085337795916,-3.013981318196788,0.14436455314723132,0.9885168605265464,0.6426632484555069,0.6798576220298261,0.2122330760107542,0.7462587700265648,0.607034556187936,-7.758026599884033,1.6603269577026367,0.7850897908210754,-8.64,1.44,1.65
1743705129.408398,2c08d2cc-7a1c-9d34-25ea-6265acb43d72,f21a8e94-96e9-c7fe-9d68-98276b953364,30,-75.0,-75.0,-77.0,-56.0,nan,nan,nan,-2.7732162221267624,3.101223392521936,-2.8178665146469224,2.924196150645535,nan,nan,nan,0.10376159137134129,0.8101254809607796,0.5869719561090698,0.6920666843102127,nan,nan,nan,-7.832365036010742,1.6502625942230225,0.8540056347846985,-8.64,1.44,1.65
1743705130.409983,2c08d2cc-7a1c-9d34-25ea-6265acb43d72,4ed1c440-7bcc-e43f-2dde-be602531ee13,5,nan,-72.0,-76.0,-57.0,nan,nan,nan,nan,-3.1370431754996106,-2.771355737789233,2.892809731934515,nan,nan,nan,nan,0.644846574496181,0.8627669878058853,0.6890029837921856,nan,nan,nan,nan,nan,nan,-8.64,1.44,1.65
1743705131.419991,2c08d2cc-7a1c-9d34-25ea-6265acb43d72,1a6691c4-e859-ed69-875d-7385aef0cae8,8,nan,-80.0,-74.0,-57.0,nan,-59.0,-50.0,nan,-3.090363021596593,-2.753299239282387,2.8962611887072574,nan,3.0004326338405587,-2.9074117661777077,nan,0.5522376443021977,0.9332826332021941,0.6722686116085089,nan,0.9027157155189371,0.4601357233410053,-7.91105556488037,1.6611402034759521,0.8648311495780945,-8.64,1.44,1.65
1743705132.410595,2c08d2cc-7a1c-9d34-25ea-6265acb43d72,1270282a-6cec-a4bc-da9d-4f6b8123f3dd,1,nan,-69.0,-79.0,-61.0,-58.0,-70.0,-55.0,nan,-3.1241968853493955,-2.7318999409752736,2.8933679304989957,2.2789567841173315,2.7719759061193114,-2.862093229840318,nan,0.5275828645890575,0.9005983895129515,0.7575076762493754,0.20827524696590222,0.544490695747249,0.3534715966932229,-7.97881269454956,1.673261046409607,0.8578327894210815,-8.64,1.44,1.65
1743705133.421348,2c08d2cc-7a1c-9d34-25ea-6265acb43d72,54bd281b-6b71-e986-e1c9-36a98683df46,23,nan,-80.0,-83.0,-53.0,-52.0,-71.0,-52.0,nan,-3.0973415689170363,-2.7425898695908515,2.8800206997477367,3.101291455325379,1.5707963265746276,-2.9399857147583215,nan,0.5223215568290105,0.7329144488469297,0.7401459298919036,0.5232471051575408,1.0995574287564276,0.3081953185230323,-8.045273780822754,1.6780877113342285,1.033036708831787,-8.64,1.44,1.65
1743705134.420922,2c08d2cc-7a1c-9d34-25ea-6265acb43d72,53bc78c2-28f2-30ff-8816-eee3f8553de6,7,nan,-75.0,-73.0,-57.0,nan,-59.0,-50.0,nan,-3.0741768611233096,-2.703653122873348,2.882893185299496,nan,-3.0648242147280818,-2.8684056751750373,nan,0.43090216082542443,0.9145273212253111,0.7401994594298142,nan,1.0983632586521768,0.28630480246559975,-8.02562618255615,1.7421010732650757,1.0674569606781006,-8.64,1.44,1.65
1743705135.424264,2c08d2cc-7a1c-9d34-25ea-6265acb43d72,02694628-61ff-5942-5033-ce3e476ffea5,34,-78.0,-86.0,-79.0,-59.0,nan,-57.0,-52.0,-2.838503349933946,-3.0564087829625186,-2.6834423933607368,2.875678149274253,nan,-0.8051473214439647,-2.962444613813925,0.4965517781464814,0.46741583042511936,0.9632236212315735,0.6636343770383631,nan,1.1784750547189256,0.4993338257571105,-7.98575782775879,1.807173490524292,1.05070686340332,-8.64,1.44,1.65
1743705136.42516,2c08d2cc-7a1c-9d34-25ea-6265acb43d72,32932e18-c30e-d420-8d0d-ec87f6e9a10f,27,-74.0,-76.0,-80.0,-56.0,-51.0,-60.0,-52.0,-2.8898767926260107,-3.1240626620304557,-2.7097621480978806,2.8590855904186236,2.581405375476946,0.4307308076759208,-2.9607051212248954,0.4617048812045262,0.3691534752900883,1.0912822548802517,0.7161152286907099,0.34519808479327574,0.7375795499345149,0.5165051024125317,-8.03285312652588,1.8624365329742432,1.203648567199707,-8.64,1.44,1.65
1743705137.410943,2c08d2cc-7a1c-9d34-25ea-6265acb43d72,a829481c-291c-5009-a645-25f676889d37,3,-72.0,-70.0,-77.0,-60.0,-59.0,-62.0,-51.0,-2.8934877727480495,-3.1361968229051835,-2.670755626559817,2.8313077549846613,1.4784894249541938,2.0378867264527947,-2.8788980489477853,0.4819745664457692,0.2822135828190428,0.89169850462407,0.6752705933682736,0.9217987875734709,1.197565113291126,0.3719998008554921,-8.12355899810791,1.9157394170761108,1.21152400970459,-8.64,1.44,1.65
1743705138.410126,2c08d2cc-7a1c-9d34-25ea-6265acb43d72,9aa2176e-c333-da8f-b8ce-fdf2c0472a89,1,-73.0,-69.0,-79.0,-61.0,-57.0,-65.0,-54.0,-2.7630543983553473,-3.1353352902925433,-2.655531932504488,2.872797141607005,2.181854553430776,2.545345741596354,-2.847140534348736,0.37049687361246514,0.2690802371928307,0.8884034419863424,0.710001409776215,0.6684151564330582,0.7607453481721366,0.3183039901224603,-8.16769790649414,1.9406232833862305,1.1750400066375732,-8.64,1.44,1.65
1743705139.420201,2c08d2cc-7a1c-9d34-25ea-6265acb43d72,3466a04a-62a1-bbf4-cccc-30e1da0ffd2a,1,-73.0,-68.0,-79.0,-61.0,-57.0,-64.0,-54.0,-2.8695528787670708,3.1372410483686033,-2.693098749157255,2.897620998759852,2.308977879802006,2.6098117478305514,-2.8140640507165116,0.32630011742594617,0.32509530334879433,0.8343819516433848,0.6434516772962249,0.44034365320335905,0.5266027432239677,0.28177596740865485,-8.194496154785156,1.9617249965667725,1.0929266214370728,-8.64,1.44,1.65
1743705140.425348,2c08d2cc-7a1c-9d34-25ea-6265acb43d72,18ed335d-42a2-7a79-6947-dded0660dfdf,10,-70.0,-80.0,-73.0,-57.0,-66.0,-57.0,-53.0,-2.914472949505656,-2.751617719370111,-2.6990317394337335,2.8730038029075957,2.037365119819069,2.4876321823962924,-2.8321618178725565,0.3410052274380095,0.3064454192615648,0.8540086499289418,0.630874765890271,0.7674079531208045,0.3396733809106171,0.2833737722132306,-8.169044494628906,1.975609302520752,0.794556438922882,-8.64,1.44,1.65
1743705141.40941,2c08d2cc-7a1c-9d34-25ea-6265acb43d72,3f60d600-cbcd-6363-5e30-35e1e3c2d01f,4,nan,-71.0,-77.0,-58.0,-61.0,-61.0,-50.0,nan,3.1001490733381982,-2.710234060243043,2.903075152672334,1.13195556770184,2.614089424684412,-2.833658255161195,nan,0.2345967452263736,0.8547378234354053,0.6957490371494651,0.7389578386496688,0.4466743192678687,0.266745372539505,-8.16201400756836,1.9611736536026,0.583748459815979,-8.64,1.44,1.65
1743705142.411105,2c08d2cc-7a1c-9d34-25ea-6265acb43d72,7d058426-d53a-1974-5ec1-47f95acfa965,14,nan,-77.0,-75.0,-53.0,-61.0,-61.0,-58.0,nan,-3.028354511407406,-2.7706156453223003,2.8731689188951806,1.5514158924452834,2.4591350295939476,-2.5404853448588645,nan,0.25647507963456534,0.7527559976534288,0.7099830339646934,0.8375889051752482,0.30382702245076876,1.0954612128658268,-8.131896018981934,1.9453768730163574,0.17376530170440674,-8.64,1.44,1.65
1743705143.420667,2c08d2cc-7a1c-9d34-25ea-6265acb43d72,01063726-3f98-3ee1-749f-5dc69595b54a,33,nan,-80.0,-77.0,-58.0,-51.0,nan,-52.0,nan,-3.0958976029739955,-2.7412505658786506,2.9016658078234645,2.0972521812340204,nan,-2.878384471840506,nan,0.3029226230611216,0.767347457265973,0.6825368286654732,0.5880971270118275,nan,0.9257246164381425,-8.06881046295166,1.9324533939361572,-0.055574871599674225,-8.64,1.44,1.65
1743705144.419616,2c08d2cc-7a1c-9d34-25ea-6265acb43d72,69c0b8d1-93f5-fe50-3da4-1ec0bb56fcc9,27,nan,-76.0,-80.0,-55.0,-51.0,-59.0,-52.0,nan,-3.085521394734829,-2.796586259640535,2.890105558163649,3.116004241475428,1.7086307238194112,-2.908629299375101,nan,0.3343652011816285,0.9095014036161135,0.7047398689895726,0.8201414358616224,0.9177894823462054,0.719441929838175,-8.071170806884766,1.8628802299499512,-0.195186585187912,-8.64,1.44,1.65
1743705145.425671,2c08d2cc-7a1c-9d34-25ea-6265acb43d72,5c50e81f-8c2b-2876-dcd1-1174d5fd61e7,14,nan,-77.0,-75.0,-53.0,-60.0,-61.0,-59.0,nan,-3.093342566224173,-2.873226975806944,2.8412962069691123,2.5279209529761544,0.9991612195580466,-2.205255198346269,nan,0.34910406676050854,0.8312516055190784,0.6368876509994521,0.8625511333374835,0.6760062650590845,1.3096900347160367,-8.05514907836914,1.8203643560409546,-0.334693431854248,-8.64,1.44,1.65
1743705146.409485,2c08d2cc-7a1c-9d34-25ea-6265acb43d72,4ba4f911-1027-6c4c-6d66-9622b861a7fc,19,-68.0,-78.0,-77.0,-53.0,nan,-65.0,nan,-2.790201597243179,-3.0777407032940536,-2.9221689524237666,2.8051059782838075,nan,1.9223337031386245,nan,0.5682159117628868,0.5082023422567646,0.8320660667594517,0.7169707026118706,nan,0.7576933579194501,nan,nan,nan,nan,-8.64,1.44,1.65
1743705147.410797,2c08d2cc-7a1c-9d34-25ea-6265acb43d72,bb5f38e2-b3f5-d815-d2f1-278b964de469,29,-75.0,-74.0,-77.0,-56.0,-52.0,-58.0,-51.0,-2.7868654553456365,-3.1050064128503934,-2.8821634791608144,2.8298627237771843,2.34416578234579,0.9957834198868072,-2.8203733998035565,0.4105258159825238,0.41955180154902033,0.870508064725446,0.7697914401983386,0.45491397780903625,1.25726782110987,0.9884315173648961,-7.924062728881836,1.7825855016708374,-0.45029374957084656,-8.64,1.44,1.65
1743705148.4254,2c08d2cc-7a1c-9d34-25ea-6265acb43d72,750ab553-515e-c44f-f2eb-df21d51f6b26,36,-78.0,-88.0,-83.0,-60.0,-51.0,-59.0,-51.0,-2.765870691208106,-3.086370943122564,-2.8423143334538494,2.862233979459315,2.3244844514369345,0.201306714923492,-2.9761077196285117,0.4807844996231536,0.5551590987285009,0.8346625822432517,0.740701198979185,0.3088950149254828,1.020695177967763,0.8833809952988828,-7.796430587768555,1.7223201990127563,-0.5426047444343567,-8.64,1.44,1.65
1743705149.424908,2c08d2cc-7a1c-9d34-25ea-6265acb43d72,7d2173f1-0f72-48f0-2eb9-224249c77134,14,-72.0,-77.0,-76.0,-53.0,nan,nan,nan,-2.8539696579645812,-3.086004492156569,-2.8190513550158984,2.841116709911641,nan,nan,nan,0.5786805369502442,0.44382684778022885,0.6996667468500535,0.6617399373969353,nan,nan,nan,nan,nan,nan,-8.64,1.44,1.65
1743705150.426271,2c08d2cc-7a1c-9d34-25ea-6265acb43d72,9ae7bdc0-b452-3e97-73c5-bf0ebc80c87a,28,-74.0,-75.0,-79.0,-56.0,-51.0,-59.0,-52.0,-2.892874180432895,-3.1021600262773172,-2.7983756375769593,2.837173100969452,-3.1024202065057906,-0.08892628947380524,-2.9778490269291162,0.5050987276118999,0.4298847334204733,0.7779578239439849,0.6806756785376711,0.47092853348222924,0.94059395358995,0.7263469182127705,-7.727138996124268,1.6870720386505127,-0.6365091800689697,-8.64,1.44,1.65
1743705151.421459,2c08d2cc-7a1c-9d34-25ea-6265acb43d72,cfdc2e19-f404-0090-908b-f144c873945c,16,-69.0,-86.0,-78.0,-53.0,-56.0,-61.0,-52.0,-2.957411628393221,-2.9685825239016674,-2.83091067766613,2.833320039504325,2.6131100935580136,2.3005595160993177,-2.883515111999266,0.637403638460655,0.5146615731646429,0.6908483546905286,0.6770217549430552,0.5769016326300747,1.0940589885097984,0.4919936119950844,-7.69987678527832,1.6746903657913208,-0.6293814778327942,-8.64,1.44,1.65
1743705152.420856,2c08d2cc-7a1c-9d34-25ea-6265acb43d72,1ff2a698-5fb9-56a9-cc90-d07031d8b6a6,30,-73.0,-74.0,-78.0,-56.0,nan,-58.0,-51.0,-2.93738066225419,-3.0364774190482566,-2.839265812954036,2.8347304496176307,nan,-0.08375781001611057,-2.952821196709067,0.5419808455484072,0.4687584297991692,0.69207474037251,0.642436813183823,nan,1.3606414821311406,0.5851306606109925,-7.70364236831665,1.6689832210540771,-0.516457736492157,-8.64,1.44,1.65
1743705153.42551,2c08d2cc-7a1c-9d34-25ea-6265acb43d72,487791a2-44ab-5cc7-ca4c-f5ce38a72c46,35,-77.0,nan,-80.0,-59.0,-52.0,-58.0,-51.0,-2.8848298360442017,nan,-2.672468571772956,2.8434560306131664,2.4696837911955267,-0.3720908618917743,-3.0089960668199263,0.4560732276053901,nan,0.6788547421423294,0.6135495714187608,0.4548448913905174,0.9620116015986188,0.6589522704436636,-7.729549884796143,1.66938579082489,-0.478650689125061,-8.64,1.44,1.65
1743705154.426129,2c08d2cc-7a1c-9d34-25ea-6265acb43d72,3833274b-b5ad-75e4-3597-d30ba8797948,1,-73.0,-69.0,-78.0,-61.0,-57.0,nan,nan,-2.893952760674377,-3.0473809331832586,-2.6797131688862987,2.854406949015572,2.4163317481372695,nan,nan,0.42561811632757096,0.45736289665277463,0.7281246870473949,0.6423191680426688,0.3216092814380589,nan,nan,nan,nan,nan,-8.64,1.44,1.65
1743705155.420462,2c08d2cc-7a1c-9d34-25ea-6265acb43d72,5054b988-9496-dec5-cb36-8b651cb9bcd3,5,-73.0,-72.0,-77.0,-58.0,-63.0,-61.0,-50.0,-2.8568780961910574,-3.0556396620397037,-2.816794059675947,2.852860717686672,1.4907222642290674,2.466764897299266,-2.9093683430284205,0.40848210616199704,0.428420594032175,0.9574514193059085,0.6626468769061618,0.8524135923668859,1.1138751905869326,0.44315483792045646,-7.627534866333008,1.6794133186340332,-0.05560680478811264,-8.64,1.44,1.65
1743705156.410538,2c08d2cc-7a1c-9d34-25ea-6265acb43d72,5f9036b6-66d2-8be7-31f4-bc74916a747a,1,-73.0,-69.0,-79.0,-61.0,nan,-65.0,-54.0,-2.900475907448417,-3.0942730747090472,-2.952061337763252,2.845325569698402,nan,2.581212782183849,-2.862093229840318,0.4010171990474776,0.41508488145263045,0.8503339536778229,0.709741418674796,nan,0.6515734814411805,0.3534715966932229,-7.50428581237793,1.7004406452178955,0.27256304025650024,-8.64,1.44,1.65
1743705157.411449,2c08d2cc-7a1c-9d34-25ea-6265acb43d72,e5f29b01-5d7b-4324-d184-1e32bd794c8d,23,-73.0,-78.0,-85.0,-53.0,-53.0,-71.0,-52.0,-2.894980474539039,-3.1236328278305168,-2.8810010093449945,2.848920837170009,3.141592653589793,1.3543813600589192,-2.958273031188171,0.3954440684132961,0.38333207835464295,0.7512176226497445,0.7375234485874754,1.2042771839694455,1.0513626282652666,0.3092269374060464,-7.368760585784912,1.721375584602356,0.497328519821167,-8.64,1.44,1.65
1743705158.421513,2c08d2cc-7a1c-9d34-25ea-6265acb43d72,254aa198-9a31-88da-8ecd-9fe569cef22d,26,-74.0,-79.0,-84.0,-55.0,-51.0,-61.0,-50.0,-2.8953655676326644,3.100535764328477,-2.962092932957362,2.832010296880224,-2.6009401901966402,0.9146599969714784,-2.952330657780018,0.3862666821388285,0.3730050720166155,0.7488571298175527,0.7260368353318001,0.8859614004035727,0.8129383278151904,0.3949857593674716,-7.32490587234497,1.7062993049621582,0.678310453891754,-8.64,1.44,1.65
1743705159.422111,2c08d2cc-7a1c-9d34-25ea-6265acb43d72,7ac6fb6a-374b-1621-7bdf-ffd28a2cfbfe,28,-75.0,-76.0,-80.0,-56.0,-52.0,-60.0,-52.0,-2.9175909785099203,3.0737049489781474,-2.946401055182397,2.855081794035798,-2.3805389544390687,0.8452243687816875,-2.983744495928131,0.37425679101846626,0.42116424572052247,0.7752488564831563,0.7373071333279336,0.694537339238645,0.46367234545845143,0.483524707040653,-7.31367301940918,1.6930973529815674,0.8129719495773315,-8.64,1.44,1.65
1743705160.425015,2c08d2cc-7a1c-9d34-25ea-6265acb43d72,38869af8-833c-1aef-3bca-10e8531cad4e,6,-72.0,-73.0,-76.0,-57.0,nan,-60.0,-52.0,-2.917114006358687,-3.114330139826761,-2.897475590164334,2.875004902150681,nan,1.9272765336980038,-2.899163084015278,0.39275517452918396,0.2935343144283198,0.8363217316023712,0.7407512664076786,nan,1.421735167634208,0.35669908331481803,-7.312723636627197,1.7016476392745972,0.9214993715286255,-8.64,1.44,1.65
1743705161.410375,2c08d2cc-7a1c-9d34-25ea-6265acb43d72,482a5851-09cd-9539-2e37-49e10377c694,36,-78.0,-88.0,-84.0,-59.0,-52.0,-60.0,-50.0,-2.83329180999677,-3.0822190749831306,-2.9136452390388587,2.9167653985719957,2.9773625539509174,-0.3102451413130052,-2.9790789988952158,0.369209934305198,0.38048073164403595,0.8151261651186487,0.7090911413156259,0.5524356483403188,1.0974483563606212,0.5352147377391854,-7.31133794784546,1.7086801528930664,1.0226165056228638,-8.64,1.44,1.65
1743705162.427713,2c08d2cc-7a1c-9d34-25ea-6265acb43d72,ff9c9b7a-4222-b6f5-5681-07506519446e,10,-71.0,-78.0,-75.0,-57.0,nan,-58.0,-50.0,-2.9110265527389836,-2.9610457780167434,-2.8683328846717058,2.8806880879169103,nan,0.37973291398569786,-2.9303184081752693,0.35459220926640295,0.23651590233166878,0.8658474662387798,0.6617354100230821,nan,0.6620066420796156,0.42778186958403147,-7.304649353027344,1.6945900917053223,1.1239922046661377,-8.64,1.44,1.65
1743705163.421264,2c08d2cc-7a1c-9d34-25ea-6265acb43d72,718b8cfe-c210-9555-13f2-267c774519b2,14,-72.0,-77.0,-80.0,-54.0,-61.0,-62.0,-57.0,-2.955786301179946,-3.0646770991988874,-2.910562363760983,2.8562439975355085,2.4924977564041404,1.9039239215001464,-2.539069389202099,0.42560806289445596,0.25592510357995035,0.6917328570675711,0.678326903614276,0.7594410421270976,0.9944073855479922,1.195158051295663,-7.28383207321167,1.7030596733093262,1.27860152721405,-8.64,1.44,1.65
1743705164.422151,2c08d2cc-7a1c-9d34-25ea-6265acb43d72,30627c8c-6bfb-911c-7bdb-7bbaa470e697,29,-74.0,-75.0,-78.0,-56.0,nan,nan,nan,-2.9114790238081887,-3.1155128496668647,-2.932338233046234,2.8349839825534064,nan,nan,nan,0.4106135338509283,0.251424844035664,0.6629268417157563,0.7140631964917764,nan,nan,nan,nan,nan,nan,-8.64,1.44,1.65
1743705165.422265,2c08d2cc-7a1c-9d34-25ea-6265acb43d72,750fc9f0-9323-dae0-6b93-3e564dfab04d,7,-72.0,-76.0,-74.0,-57.0,nan,-59.0,-50.0,-2.9310087830300664,3.1380229524646506,-2.821753131941784,2.8503733252285386,nan,3.1103880389385474,-2.7850215248101757,0.3924107279316958,0.26128712876347265,0.7315543724782262,0.6913847153340706,nan,0.9771586177637281,0.7355410979125249,-7.247300624847412,1.7362676858901978,1.4570815563201904,-8.64,1.44,1.65
1743705166.425288,2c08d2cc-7a1c-9d34-25ea-6265acb43d72,6d593a7a-0121-0fb0-a9dd-3e6969473997,10,-71.0,-78.0,-75.0,-57.0,nan,nan,nan,-2.952298891732487,-3.084151464670092,-2.7513564632671743,2.83545003574417,nan,nan,nan,0.40225653435025965,0.19232820089285604,0.8094745378113368,0.69758322277123,nan,nan,nan,nan,nan,nan,-8.64,1.44,1.65
1743705167.422169,2c08d2cc-7a1c-9d34-25ea-6265acb43d72,239713ec-c014-f949-2289-eaa228d6c379,33,-77.0,-81.0,-79.0,-57.0,-54.0,-58.0,nan,-2.8852269133627324,-3.10923817582253,-2.7518949544395883,2.8890605337519015,2.391603445410223,0.9155457947473289,nan,0.36307773957918155,0.2474352955646708,0.7495271811478168,0.6926684921375432,0.4435862851322246,1.0086465275087972,nan,-7.329057693481445,1.8129591941833496,1.5004308223724365,-8.64,1.44,1.65
1743705168.421669,2c08d2cc-7a1c-9d34-25ea-6265acb43d72,afe004bf-64cd-1dc6-980d-2687f630c9d9,14,-71.0,-76.0,-78.0,-53.0,-60.0,-62.0,-58.0,-2.9059340561025344,-3.1288355793360956,-2.671506105355001,2.85480216212134,2.207506362703296,0.7370205008799686,-2.1311371095663807,0.5636067122852595,0.1808364776968392,0.7170635137758598,0.695768012172232,0.6164485823472432,0.5880437282583374,1.2811668994362126,-7.41044044494629,1.8942129611968994,1.3331743478775024,-8.64,1.44,1.65
1743705169.426631,2c08d2cc-7a1c-9d34-25ea-6265acb43d72,6aa0d985-da84-5681-1f30-999490ac1830,13,-72.0,-75.0,-76.0,-54.0,nan,-61.0,-58.0,-2.937272804230042,-3.1338702853768905,-2.7716635992112466,2.8477256104727813,nan,0.7469253908507205,-1.028302260900338,0.6818233678094409,0.16114265110705545,0.5610672550278144,0.687359680241552,nan,0.3863045140477549,1.3050149721659678,-7.493053913116455,1.9782910346984863,1.1811493635177612,-8.64,1.44,1.65
1743705170.411803,2c08d2cc-7a1c-9d34-25ea-6265acb43d72,d02d5dc4-12d6-4b27-6e9d-5064ad87c6de,30,-74.0,-75.0,-79.0,-56.0,-52.0,-59.0,-52.0,-2.9106310733171075,-3.126362301631739,-2.8319210809837063,2.8159871218656534,-3.0032181683272694,0.11210487567688038,-2.7254445448492817,0.6114668462882642,0.16875047010357117,0.5098337614510335,0.609583392186333,0.7108327476877172,0.6776007657171117,1.1734380187765805,-7.50332498550415,2.072157144546509,1.0724550485610962,-8.64,1.44,1.65
1743705171.42707,2c08d2cc-7a1c-9d34-25ea-6265acb43d72,db4db1d4-9ef2-392d-cdda-53c66cedb4d9,6,-72.0,-73.0,-75.0,-57.0,-63.0,-62.0,-49.0,-2.8927588655576946,-3.101630589852609,-2.7670512705193384,2.845595614232936,1.1220938491630332,-1.8338044703740821,-2.8403815008620334,0.5115099217516158,0.18417220347546115,0.6217509091537142,0.6460210951159333,1.2207226082799278,1.3718830492732978,0.7101939358464769,-7.441412448883057,2.178321361541748,0.9342702627182007,-8.64,1.44,1.65
1743705172.425373,2c08d2cc-7a1c-9d34-25ea-6265acb43d72,b5e11b8c-5f30-a6c4-a61d-88090d8d0344,30,-74.0,-75.0,-79.0,-56.0,-52.0,-58.0,-51.0,-2.8960846211269855,-3.1360625995862437,-2.7771060352149326,2.841171571030096,2.1628769260500476,-0.8133943953758237,-2.9347331693194456,0.3918512310761838,0.25143308319028645,0.5925059382752271,0.6779021294204082,0.7099151806285355,1.1062064003378478,0.7049317574658982,-7.384526252746582,2.22570252418518,0.7938191294670105,-8.64,1.44,1.65
1743705173.420105,2c08d2cc-7a1c-9d34-25ea-6265acb43d72,dfac537b-4940-7204-5836-bbe67b714155,8,-72.0,-81.0,-74.0,-57.0,nan,-58.0,-50.0,-2.90368554919418,-3.1148348088533306,-2.7385887363691164,2.8406879409761383,nan,-2.159385065607963,-2.9031871180349045,0.37785984823626173,0.22710710400323014,0.7365874806223669,0.6541772256913827,nan,1.0156559597791432,0.4940726031475868,-7.132104396820068,2.3966763019561768,0.6808513402938843,-8.64,1.44,1.65
1743705174.425665,2c08d2cc-7a1c-9d34-25ea-6265acb43d72,b3dfcf5b-8ee2-41d3-4ae4-93fba0eb469e,14,-71.0,-76.0,-77.0,-54.0,nan,nan,nan,-2.9261096318887567,-3.100002865794353,-2.800240649288342,2.791312934366069,nan,nan,nan,0.4553781758503931,0.22935814091461962,0.7683470747811342,0.6348548601393946,nan,nan,nan,-6.87336254119873,2.556596040725708,0.708240270614624,-8.64,1.44,1.65
1743705175.424113,2c08d2cc-7a1c-9d34-25ea-6265acb43d72,767908cd-71f6-53ae-6727-3926cd6c5d99,22,-71.0,-78.0,-82.0,-53.0,nan,nan,nan,-2.9203779765906885,3.1157099235875307,-2.820980282593443,2.8172851465809576,nan,nan,nan,0.48045247001424796,0.28771980153083615,0.7075803966082512,0.6536001852621899,nan,nan,nan,nan,nan,nan,-8.64,1.44,1.65
1743705176.421112,2c08d2cc-7a1c-9d34-25ea-6265acb43d72,4204360e-001e-622b-7a3f-99f0cdf4a418,3,nan,-71.0,-76.0,-60.0,-58.0,-62.0,-51.0,nan,-3.037098468214463,-2.8236983048019777,2.8091635705206524,1.1671598996549426,3.114992992225319,-2.841657809099994,nan,0.1235494774818753,0.6867568071497854,0.6638138740958345,0.7968588538555678,0.8550361445244951,0.3683696898455692,-6.652069091796875,2.7529513835906982,0.6220795512199402,-8.64,1.44,1.65
1743705177.421915,2c08d2cc-7a1c-9d34-25ea-6265acb43d72,3040a85a-333a-57b5-888a-18238192423e,30,nan,-75.0,-79.0,-56.0,-52.0,-58.0,-52.0,nan,3.1205749862668877,-2.871850121523373,2.8049238180652463,-2.8656938080644365,-1.420765911306282,-2.9387137989632848,nan,0.1587462721791749,0.5792037815254175,0.6786451513645402,1.2451290844915521,1.3412798115840727,0.5319484179175044,-6.45037317276001,2.914679765701294,0.4866853952407837,-8.64,1.44,1.65
1743705178.422175,2c08d2cc-7a1c-9d34-25ea-6265acb43d72,e3b9ef78-3529-030b-40f1-3f42dbda5520,5,nan,-72.0,-75.0,-58.0,-61.0,-61.0,-49.0,nan,3.034846765512801,-2.799106675296186,2.8503685315385763,0.6439801600729211,2.63661268586321,-2.877079367918711,nan,0.11775951560069083,0.6812816142646915,0.6977565279791669,0.9646923295455176,0.8779340057279762,0.3888502437908478,-6.185317039489746,3.009908676147461,0.32582175731658936,-8.64,1.44,1.65
1743705179.409433,2c08d2cc-7a1c-9d34-25ea-6265acb43d72,7157cb47-f20f-ba0b-280a-9094c7cbfe29,22,nan,-79.0,-82.0,-53.0,-55.0,-68.0,-52.0,nan,3.032422223656393,-2.89642976680426,2.846904291592601,-1.848503543395753,1.0256257391890882,-2.9572234196977596,nan,0.17673982021575438,0.6645346586448645,0.6881090937723002,1.2618870164149445,1.0110645572860972,0.326386126714877,-5.947964191436768,3.0907227993011475,0.321191132068634,-8.64,1.44,1.65
1743705180.422142,2c08d2cc-7a1c-9d34-25ea-6265acb43d72,8c0ddd65-e73c-e6f9-48bd-9980de6dd354,23,nan,-80.0,-85.0,-54.0,-53.0,-74.0,-52.0,nan,3.10780459620774,-2.910356235092611,2.8642521229333777,-2.1967416413658083,0.7415107388673481,-2.9956747870999356,nan,0.18546302101106574,0.7360296149530227,0.7331804320608013,0.8338172517686957,0.7035284432352533,0.29373197055363104,-5.707621097564697,3.1724472045898438,0.3173580765724182,-8.64,1.44,1.65
1743705181.430083,2c08d2cc-7a1c-9d34-25ea-6265acb43d72,e6241e49-a2b2-ba10-6d98-81a97ffc43fe,15,-70.0,-79.0,-78.0,-53.0,-57.0,-62.0,-54.0,-2.8772297069253336,3.093132709130275,-3.0227930321029937,2.8247286818277293,-2.1324964092366256,0.7444457530804557,-2.67558649535003,0.5589553017043545,0.1879384791785648,0.7338602705080712,0.7204200954347685,0.4072047091804439,0.43078265220756734,1.0897316778220294,-5.465474605560303,3.2532174587249756,0.3138003647327423,-8.64,1.44,1.65
1743705182.427862,2c08d2cc-7a1c-9d34-25ea-6265acb43d72,0bca0a76-b17e-8a44-c421-c3d5aa44a065,14,-71.0,-77.0,-78.0,-53.0,nan,nan,-58.0,-2.9047364325603255,3.0744948425574647,-3.009782691229629,2.8066649927859397,nan,nan,-1.495345153855619,0.6592934910405612,0.1953455124736454,0.5927725872793713,0.671752823884388,nan,nan,1.3432447590929588,nan,nan,nan,-8.64,1.44,1.65
1743705183.421571,2c08d2cc-7a1c-9d34-25ea-6265acb43d72,6aabb1a8-abf4-e43b-7006-0faf8f6fc440,17,-69.0,-87.0,-78.0,-53.0,-56.0,-63.0,-51.0,-2.9723415757803147,-2.8744253982974803,-2.9363028809610348,2.779271185181167,3.141592653589793,1.7488478720698777,-2.473201210653767,0.6934694378353845,0.2696739889578639,0.620096287168448,0.7282584443131442,0.6632251158194115,0.8411614660272874,1.1993262256037855,-5.3945112228393555,3.3501458168029785,0.3423996567726135,-8.64,1.44,1.65
1743705184.427764,2c08d2cc-7a1c-9d34-25ea-6265acb43d72,ead79c59-30f6-7088-0e82-bea58bfd9ef7,17,-69.0,nan,-78.0,-53.0,-56.0,-62.0,-54.0,-2.965401377979568,nan,-2.941546645147401,2.7996896412588046,2.5851422153925667,2.2098956681891333,-2.6085879815056185,0.7344307861925936,nan,0.5388771643245153,0.7034525634976556,0.5364179529812901,0.5850777858481406,1.0745722436669076,-5.375250816345215,3.4743194580078125,0.36992937326431274,-8.64,1.44,1.65
1743705185.411071,2c08d2cc-7a1c-9d34-25ea-6265acb43d72,b88573d6-2a96-ac9b-e7a1-be6137438328,22,-70.0,-79.0,-81.0,-53.0,-55.0,-69.0,-52.0,-3.0104508783471307,-3.004126137074301,-2.946828758853464,2.776353425890876,2.2857586073146785,1.3194752980958735,-2.9153547157908912,0.6519522211796488,0.30020343571960983,0.5838431413023899,0.7223664667174529,0.5179890972249518,0.8635646550192799,0.6854510147979884,-5.53507423400879,3.502849817276001,0.5483779311180115,-8.64,1.44,1.65
1743705186.42557,2c08d2cc-7a1c-9d34-25ea-6265acb43d72,4099c146-613d-7edd-e65b-9697af9d70ab,11,-70.0,-75.0,-75.0,-56.0,-63.0,-59.0,-55.0,-3.0335077281167093,-2.946454318404199,-2.8955139057053816,2.795408343490393,2.037365119819069,0.9055477621214943,-2.9031871180349045,0.6650242142322482,0.2672911422172723,0.6139527740077988,0.724208641822488,0.7674079531208045,0.5847124734101412,0.4940726031475868,-5.65742301940918,3.5636699199676514,0.571721315383911,-8.64,1.44,1.65
1743705187.423151,2c08d2cc-7a1c-9d34-25ea-6265acb43d72,f98794f5-967f-e00c-0dc6-67d5da278aa7,1,-73.0,-69.0,-78.0,-61.0,nan,nan,nan,-2.9385095762402744,-2.991010867653988,-2.8509999670330335,2.824382470886019,nan,nan,nan,0.6550057351065064,0.2308242443842219,0.6963673565755543,0.6912846470561108,nan,nan,nan,nan,nan,nan,-8.64,1.44,1.65
1743705188.411443,2c08d2cc-7a1c-9d34-25ea-6265acb43d72,907959c1-13bf-4ff6-9e81-9d1755e3aca7,4,-73.0,-71.0,-76.0,-59.0,nan,-62.0,-50.0,-2.9477374294173995,-3.1317536049424954,-2.814496017971318,2.876359385881096,nan,1.8254928232903445,-2.860264811872748,0.6006046777291854,0.24539043725592388,0.7467134848771207,0.7364334167533059,nan,1.0095908235548456,0.37024322148796013,-5.67131519317627,3.486243724822998,0.658952534198761,-8.64,1.44,1.65
1743705189.411286,2c08d2cc-7a1c-9d34-25ea-6265acb43d72,83ba7f72-0f40-0798-fc9f-8ac993aa5bf7,31,-74.0,-76.0,-78.0,-57.0,-52.0,-58.0,-52.0,-2.9148788152557836,-3.1150244259229445,-2.8259955475582803,2.898675610551524,-2.9634644133779484,nan,-2.9569562740995377,0.40530212537287424,0.2810774450085014,0.7053317565418428,0.7697054866741564,0.8123453588293086,1.239183768821422,0.5508305100640499,-5.681635856628418,3.4215128421783447,0.7971314787864685,-8.64,1.44,1.65
1743705190.425158,2c08d2cc-7a1c-9d34-25ea-6265acb43d72,f1d0d6f6-ee80-8fd2-cf71-e58a147a89a9,8,-73.0,-80.0,-74.0,-57.0,nan,-58.0,-50.0,-2.8828511073542726,-3.0614376300489154,-2.7088153943303577,2.8786129527955207,nan,-2.3338626013530894,-2.892162636208912,0.3795639384387762,0.270892218709007,0.7974373825793148,0.7027142686644584,nan,1.1543167937971575,0.4244137155938116,-5.660175323486328,3.4798455238342285,0.9466132521629333,-8.64,1.44,1.65
1743705191.427953,2c08d2cc-7a1c-9d34-25ea-6265acb43d72,1f4de37a-c3b2-3a2d-4332-23b13500fc0d,24,-74.0,-81.0,-84.0,-54.0,-53.0,nan,nan,-2.876735956859233,-3.096732770291845,-2.902956908319935,2.873328175928367,-2.5253021119131147,nan,nan,0.4009670983294705,0.3063443855877099,0.7975995025106736,0.7449816977992695,0.6673989637967069,nan,nan,nan,nan,nan,-8.64,1.44,1.65
1743705192.424708,2c08d2cc-7a1c-9d34-25ea-6265acb43d72,087d4663-dd22-263b-801e-c9605e71e7bd,0,-74.0,-69.0,-77.0,-60.0,-56.0,-79.0,-55.0,-2.8582930336782155,-3.106708705419172,-2.7875216582382323,2.8626867168446286,2.9822666999525866,2.8310331283744796,-2.863818862899122,0.3419950911256783,0.2952060472235898,0.7961990126724282,0.6491471136034683,0.5007590008885998,0.7434808523013078,0.33669141604725894,-5.637993335723877,3.5348315238952637,1.067168116569519,-8.64,1.44,1.65
1743705193.424718,2c08d2cc-7a1c-9d34-25ea-6265acb43d72,205264b7-4525-e211-1865-408fc9baeefc,10,-70.0,-78.0,-74.0,-57.0,nan,nan,-53.0,-2.841987829904206,-3.0785300642411526,-2.7587970690367465,2.8382463548887533,nan,nan,-2.8654444683554416,0.29608176116903506,0.2558249021439361,0.7795804879961701,0.7051520597472897,nan,nan,0.31990321630960195,nan,nan,nan,-8.64,1.44,1.65
1743705194.427443,2c08d2cc-7a1c-9d34-25ea-6265acb43d72,8a7ec094-9ec6-0144-2480-55397615903e,17,-68.0,-87.0,-77.0,-53.0,-56.0,-62.0,-51.0,-2.876713586306076,2.9289211310515535,-2.807481517976158,2.8267287158063787,2.5466853494999686,2.5909678803342873,-2.8528243923598433,0.4361518505452159,0.45072889579835995,0.7620940391206553,0.7550923222987281,0.5255180920250527,0.4572405373602211,0.6600937996163336,-5.614673614501953,3.588470458984375,0.7388201355934143,-8.64,1.44,1.65
1743705195.424695,2c08d2cc-7a1c-9d34-25ea-6265acb43d72,9f2044c2-cf81-8da3-d5b0-f1a772ece875,11,-70.0,-75.0,-75.0,-56.0,-63.0,-60.0,-55.0,-2.856491671516886,2.947870587471903,-2.7877216616360974,2.8331091171459906,2.1471096480752596,1.398475044844284,-2.846954294347108,0.4859303593499456,0.38127635101969715,0.7259813084230718,0.6812912016446158,0.8407357953510719,0.949365407252936,0.4706600959013647,-5.723252296447754,3.4733853340148926,0.5780028700828552,-8.64,1.44,1.65
1743705196.412048,2c08d2cc-7a1c-9d34-25ea-6265acb43d72,649543b3-0b6c-9e4a-8cf4-c7c90acde41d,21,-70.0,-77.0,-80.0,-53.0,-58.0,-66.0,-52.0,-2.838274850712417,2.8702447680182734,-2.78496395832732,2.849387422992991,2.023877175463341,0.8363329644871461,-2.953662027235159,0.4999584605233971,0.4457085708274515,0.6278550075302304,0.7753549168735686,0.7314294524520298,0.6567837543747447,0.3778419231336636,-5.704817295074463,3.3756868839263916,0.7013527154922485,-8.64,1.44,1.65
1743705197.426466,2c08d2cc-7a1c-9d34-25ea-6265acb43d72,9c66cef7-1d32-03db-1ea2-5caf0ec510f7,19,-69.0,-79.0,-78.0,-53.0,-58.0,nan,nan,-2.866805561786545,2.9427562529145153,-2.8537435555880335,2.8298685827315824,2.051417782928845,nan,nan,0.5377661268072479,0.6188287556476246,0.6073994669344136,0.7729695234851848,0.7157160522978145,nan,nan,-5.615164756774902,3.3416926860809326,0.8774077892303467,-8.64,1.44,1.65
1743705198.427388,2c08d2cc-7a1c-9d34-25ea-6265acb43d72,4ab959f3-2e92-7fdc-cfd5-d9c109559c18,27,-74.0,-76.0,-81.0,-55.0,nan,-60.0,-52.0,-2.8612001403241467,2.990805537933942,-2.844306644265338,2.830473652931248,nan,0.4360885586074359,-2.9462206048814745,0.48235926006523105,0.5967331738735099,0.7218632624294822,0.8101403280838566,nan,0.8063018530682073,0.4635131905878719,-5.542693138122559,3.285956859588623,0.8869104385375977,-8.64,1.44,1.65
1743705199.423018,2c08d2cc-7a1c-9d34-25ea-6265acb43d72,89b248ef-eccb-48dc-0931-29f3777a8963,8,-72.0,-80.0,-74.0,-57.0,nan,-58.0,nan,-2.8603236940094012,3.0696590746500987,-2.8452728391088185,2.843277066187913,nan,-2.2851603691899447,nan,0.41748791828323617,0.38587905904216746,0.8545872216757614,0.8028244248323273,nan,1.3855274749099782,nan,nan,nan,nan,-8.64,1.44,1.65
1743705200.423038,2c08d2cc-7a1c-9d34-25ea-6265acb43d72,99aaac08-fa52-0377-b633-f90e49a685e3,0,-75.0,-69.0,-77.0,-60.0,-57.0,-77.0,-54.0,-2.8657418952471674,3.054879063232377,-2.8369312859424722,2.862619605185159,2.2655662813931277,2.6817443500589238,-2.899163084015278,0.29740894749827607,0.4190077510278308,0.8749400308325284,0.7467829268025447,0.47828330660571455,0.8005963785271919,0.35669908331481803,-5.495005130767822,3.180850028991699,0.9054980874061584,-8.64,1.44,1.65
1743705201.42098,2c08d2cc-7a1c-9d34-25ea-6265acb43d72,7eef4cbc-f251-083c-dcbd-194fbcaa21be,36,-79.0,-87.0,-84.0,-60.0,-52.0,-61.0,-50.0,-2.88578324771445,-3.072115574439588,-2.8270525561949325,2.9133762597687607,2.2813173371642743,1.1661078800129099,-3.0007519473552238,0.3178580299284495,0.439507233781634,0.8682747378353053,0.66925511167703,0.32084473511019385,1.2279478135361679,0.5193006140887665,-5.548813819885254,3.0646157264709473,0.8844532370567322,-8.64,1.44,1.65
1743705202.412551,2c08d2cc-7a1c-9d34-25ea-6265acb43d72,8d1ae726-c0f4-412c-3ea6-70aa93aa8cb8,26,-74.0,-79.0,-84.0,-55.0,-52.0,-62.0,-49.0,-2.9165289098671967,3.1048697926864723,-2.8756560450372053,2.93693777856491,2.2009779673568866,0.828207998355073,-2.962444613813925,0.24834433231325573,0.4586481714843605,0.8945152635300195,0.6748051393887551,0.2224637652595629,0.8248281993347525,0.4993338257571105,-5.618593215942383,2.9247758388519287,0.624645709991455,-8.64,1.44,1.65
1743705203.42791,2c08d2cc-7a1c-9d34-25ea-6265acb43d72,13ad4eaa-d0d2-fba6-eb71-85082c7850ca,16,-69.0,-85.0,-79.0,-53.0,-56.0,-62.0,-52.0,-2.92667795046538,-3.066714417432798,-2.9318956156730627,2.8912895995842978,2.2007509303554236,0.7381647523751068,-2.883515111999266,0.3471231409626804,0.4367056216043842,0.83835012824663,0.6994265962987556,0.36539190677050504,0.5085125931300649,0.4919936119950844,-5.812002658843994,2.6815242767333984,0.30903947353363037,-8.64,1.44,1.65
1743705204.423319,2c08d2cc-7a1c-9d34-25ea-6265acb43d72,3d5cffe7-062c-b6fb-94c5-1df591ed83e2,9,-70.0,-84.0,-74.0,-57.0,nan,-57.0,nan,-2.9277709117767485,-3.0563541881601717,-2.837190411516537,2.9168500870946605,nan,1.7796217924609936,nan,0.31008715889419364,0.2870912289345502,0.8886877344327082,0.6429882206875238,nan,0.8175777292936078,nan,nan,nan,nan,-8.64,1.44,1.65
