1743701141.356347,2c08d2cc-7a1c-9d34-25ea-6265acb43d72,f8822379-594d-5e5f-d006-b15864d7f82f,32,-77.0,-64.0,-75.0,-63.0,nan,-55.0,-55.0,2.948850630753052,-1.0203982943051848,-3.0650006732713324,-1.1144781882377601,nan,2.414361086108265,-3.0585075796937917,0.8269794956564277,1.430651069696948,0.3136480715877386,1.2807079097905438,nan,0.9721990922449393,0.8884272989422889,-7.171329021453857,4.398035526275635,1.3793703317642212,-7.14,4.44,1.65
1743701142.339929,2c08d2cc-7a1c-9d34-25ea-6265acb43d72,b50e4af7-6c3a-6220-eac2-04266fa24b7f,3,-79.0,-68.0,-67.0,-71.0,-42.0,-55.0,-54.0,3.0267912358475297,-1.0390165866439833,-3.100496615860453,-1.0924856707978312,2.753785939330749,1.1213202170674295,-2.6084922045749765,0.8270997373796447,1.3381777276919633,0.34717913392459926,1.2595263249025441,0.4407429387768898,1.082384491863985,0.6937649953911739,-7.167298316955566,4.430027961730957,1.452811598777771,-7.14,4.44,1.65
1743701143.356684,2c08d2cc-7a1c-9d34-25ea-6265acb43d72,5c0f87ff-8826-dc66-ed40-3746f015f132,8,-78.0,-63.0,-73.0,-67.0,-46.0,-55.0,-55.0,-3.056284413339612,-1.1126730976509043,-3.056743542311542,-1.061854790888067,2.7148585697535434,2.508495696993534,-2.4336465880975884,0.7592517138682409,1.3144076833824607,0.36449660522894856,1.350575541514609,0.3361758602835704,1.086163474015724,0.5356574293491944,-7.168845176696777,4.4397172927856445,1.560239553451538,-7.14,4.44,1.65
1743701144.358983,2c08d2cc-7a1c-9d34-25ea-6265acb43d72,066b683a-db17-50c0-c50b-8943ec12e1d9,27,-72.0,-65.0,-75.0,-63.0,-44.0,-60.0,-55.0,3.09349649693518,-1.0465059282615041,-3.0653902937388104,-1.0789802482778215,2.782659846798437,2.767328963623616,-2.2655662813931277,0.8645857936723549,1.3552164991882358,0.3517904639310987,1.2981141975172474,0.49556443212726103,0.9080118170669184,0.47828330660571455,-7.161729335784912,4.445749282836914,1.6641557216644287,-7.14,4.44,1.65
1743701145.339498,2c08d2cc-7a1c-9d34-25ea-6265acb43d72,f875cb28-664e-f7c7-fd33-19673aa983b2,5,-75.0,-66.0,-67.0,-71.0,nan,nan,nan,-3.1343682965007353,-1.0303437362380312,-3.0946400583072604,-1.0201241218709611,nan,nan,nan,0.8178694207785119,1.271943579801148,0.2455812860375417,1.2642824642933166,nan,nan,nan,nan,nan,nan,-7.14,4.44,1.65
1743701146.340062,2c08d2cc-7a1c-9d34-25ea-6265acb43d72,5e3a24a2-e4b3-7e38-d7e7-d69baedd2a3c,32,-76.0,-64.0,-75.0,-63.0,-45.0,-56.0,-55.0,-3.102135258879179,-1.0070373482743118,-3.0861813260529503,-1.0292696833704023,2.8085952119362756,2.729637215965295,-2.32844504706848,0.8064946602886199,1.4434929656313649,0.21874048383312364,1.278830647538147,0.5675060559454772,0.6213327752602028,0.5230674580724515,-7.143183708190918,4.46462631225586,1.8779844045639038,-7.14,4.44,1.65
1743701147.341043,2c08d2cc-7a1c-9d34-25ea-6265acb43d72,a7096de8-2c83-5649-0a78-d784949c7551,22,-73.0,-63.0,-71.0,-63.0,-46.0,-61.0,-48.0,3.123351598019404,-1.017835933862365,-3.109623268916155,-1.017704107388406,2.856592343295635,2.7334974317422844,3.052666364085848,0.7548866596835466,1.4592247908226808,0.23111569407601742,1.214951399841234,0.6433537564911327,0.7426053334913802,0.9405939537508932,-7.140366077423096,4.401986598968506,2.060497760772705,-7.14,4.44,1.65
1743701148.271473,2c08d2cc-7a1c-9d34-25ea-6265acb43d72,cbb9373c-9359-8c8a-dffe-c3f0ba6869f5,24,-72.0,-63.0,-74.0,-63.0,-44.0,-58.0,-51.0,3.097323992053842,-0.965302418199462,-3.078275466040941,-1.05200069538061,2.8895147931057394,2.813035958423062,-2.508725449036941,0.8144611737944558,1.4436057505035298,0.28056491965671565,1.222856993537134,0.6997224452590439,0.7231373413087907,0.5139846754266914,-7.14445972442627,4.319867134094238,2.189943313598633,-7.14,4.44,1.65
1743701149.270099,2c08d2cc-7a1c-9d34-25ea-6265acb43d72,3674dcde-acff-c3b3-8b05-3026fce1b6b7,10,nan,-63.0,-75.0,-68.0,-45.0,nan,-55.0,nan,-1.095105688678251,-3.0507514298588636,-0.9894370492621961,2.7505948551532913,nan,-2.363990581106925,nan,1.3020221201008295,0.3121376597755002,1.2632785857204114,0.4568896902466483,nan,0.3621811083413312,-7.140345096588135,4.25883913040161,2.19822883605957,-7.14,4.44,1.65
1743701150.359068,2c08d2cc-7a1c-9d34-25ea-6265acb43d72,8d115f1e-9753-108a-bee2-f46fda491278,22,nan,-63.0,-71.0,-63.0,-44.0,-60.0,-49.0,nan,-1.052903240674038,-2.9805036318891895,-1.0528606300965968,2.780278527631009,2.771493006621659,3.116004241475428,nan,1.4759470456233974,0.3356279390124896,1.2199022163076911,0.5969249171030492,0.6295239094920442,0.8201414358616224,-7.138638496398926,4.150673866271973,2.1706690788269043,-7.14,4.44,1.65
1743701151.356634,2c08d2cc-7a1c-9d34-25ea-6265acb43d72,0fb2af9e-0c14-fb58-b110-50a062d02c90,26,nan,-64.0,-75.0,-63.0,-42.0,-57.0,-53.0,nan,-1.055103943840825,-2.975700354547122,-1.1046354111649361,2.8488730176519272,2.846128511242785,-2.5678567327561717,nan,1.4631237918166113,0.3088099734144189,1.20177461139974,0.6768146602621665,0.5902139198998597,0.6306402160118695,-7.14051628112793,4.060624599456787,2.141021490097046,-7.14,4.44,1.65
1743701152.339344,2c08d2cc-7a1c-9d34-25ea-6265acb43d72,94a31447-e279-d6c7-f526-89d561259d94,29,nan,-64.0,-74.0,-63.0,-44.0,-56.0,-55.0,nan,-0.9946315449683957,-2.9705298272907332,-1.1128011956993373,2.8447287769759866,2.8426424610146035,-2.385934025041171,nan,1.412037571048112,0.23812365268174962,1.1948545204652237,0.6935151359175413,0.6069020886082934,0.5801144951648058,-7.148741245269775,3.9340310096740723,2.1210684776306152,-7.14,4.44,1.65
1743701153.271314,2c08d2cc-7a1c-9d34-25ea-6265acb43d72,71b45e2c-fbe7-6f97-ed0f-d0622cfbf94b,12,nan,-64.0,-74.0,-65.0,-45.0,-57.0,nan,nan,-1.07886786287982,-3.0077618845944776,-1.1315085707765988,2.7437295394983225,1.631585112754764,nan,nan,1.3420285254701634,0.26121362551738647,1.190558175836653,0.48911666643243196,1.2910129873716265,nan,nan,nan,nan,-7.14,4.44,1.65
1743701154.339536,2c08d2cc-7a1c-9d34-25ea-6265acb43d72,c5dd0284-b245-4745-4bbe-b00db3c0c73c,28,-75.0,-64.0,-74.0,-62.0,-45.0,-58.0,-56.0,3.008636466696459,-0.9737234667243472,-3.028615234878125,-1.3504948477335799,2.8048719726466897,2.653389556977902,-2.279499226459801,0.7765131256316441,1.3798752403534975,0.2374958623890339,1.0789841764404293,0.5839900076511326,1.0288769394137627,0.5611251901679769,-7.158972263336182,3.8595778942108154,2.0264086723327637,-7.14,4.44,1.65
1743701155.340082,2c08d2cc-7a1c-9d34-25ea-6265acb43d72,b8465bce-21ba-d35f-d1ce-ca751a7e43e7,10,-86.0,-63.0,-74.0,-67.0,-46.0,-56.0,-56.0,3.101826864824948,-1.0228775641219943,-3.0020603230167264,-0.9222295159929564,2.703579051520981,0.7208745977544542,-2.2681423340338935,0.7224378394346669,1.3456118087168651,0.24765079523112865,1.0839732758475564,0.3995699034231803,1.2503421032825413,0.4365519674136524,-7.1596269607543945,3.838124990463257,1.99294376373291,-7.14,4.44,1.65
1743701156.339207,2c08d2cc-7a1c-9d34-25ea-6265acb43d72,7a2083ba-d6a6-1caa-f558-b48337196333,16,-74.0,-63.0,-70.0,-63.0,-45.0,-64.0,-50.0,3.0412149163113984,-0.9860260725380225,-2.9736523836688518,-1.142741517938444,2.705078300357774,0.6740365209304908,-1.9588442943538358,0.8292943152759246,1.3756340231594917,0.34349811266589175,1.0804776106007183,0.4820447900928687,1.0528410766619425,0.6387591929412652,-7.157277584075928,3.869595527648926,1.9560269117355347,-7.14,4.44,1.65
1743701157.339192,2c08d2cc-7a1c-9d34-25ea-6265acb43d72,359f6003-ae3f-c04d-b04f-79c320292794,14,-77.0,-64.0,-73.0,-64.0,nan,nan,-52.0,3.003939715797996,-0.9999517418780469,-2.966422966573722,-1.2273718505331455,nan,nan,-1.6582822367559493,0.77571297888213,1.2945667337872073,0.3354895212148327,1.0433536776372316,nan,nan,0.6935438399975925,nan,nan,nan,-7.14,4.44,1.65
1743701158.271705,2c08d2cc-7a1c-9d34-25ea-6265acb43d72,5bd52fd1-b862-814f-866e-8702bb719993,15,-77.0,-64.0,-71.0,-63.0,-46.0,-63.0,-51.0,3.015518074953224,-0.9716900100740171,-2.9673974172165822,-1.3392026452374806,2.701126199769484,0.6018396623805609,-1.5143686146355562,0.8146326147896296,1.3297815797232704,0.37381503917264935,1.1049191044000568,0.49784699310258457,0.9221537153267586,0.6787073867677004,-7.152798175811768,3.927879571914673,1.868646502494812,-7.14,4.44,1.65
1743701159.339986,2c08d2cc-7a1c-9d34-25ea-6265acb43d72,cf697f49-16c8-534f-f4aa-319ea42328d1,34,-78.0,-63.0,-78.0,-63.0,nan,nan,-57.0,3.018710139835793,-1.0098447195374187,-2.9962666160652587,-1.082898290873546,nan,nan,-1.9111832053268718,0.918814078473957,1.369210079136057,0.4297261754670727,1.1581990375374818,nan,nan,0.7422643084543175,nan,nan,nan,-7.14,4.44,1.65
1743701160.341004,2c08d2cc-7a1c-9d34-25ea-6265acb43d72,0953de68-7a45-75dc-1534-2958aa30e624,26,-71.0,-64.0,-75.0,-63.0,-43.0,-58.0,-54.0,3.055872422318977,-0.9926773173604956,-3.017862988293039,-1.1146707347845728,2.7968835396221294,2.115310983693332,-2.0673618045589,1.0392132610904856,1.3734531605428257,0.38042420604989907,1.2683588318158465,0.6168906585122679,1.2427014581582487,0.4866599042287296,-7.13947868347168,4.001819610595703,1.7145414352416992,-7.14,4.44,1.65
1743701161.357676,2c08d2cc-7a1c-9d34-25ea-6265acb43d72,d70bb80f-65aa-324a-f563-a9c2d1565a6b,8,-78.0,-64.0,-73.0,-68.0,-44.0,-55.0,-55.0,3.0885659204930076,-0.9488038689303121,-3.0416756431799823,-1.0451465176830732,2.7379548911922047,2.7783467969107405,-2.1676608003191857,0.9758996022300781,1.2319703307873853,0.3653828719502133,1.3043740908175332,0.4216370981809365,0.9457245355558933,0.45447334130236394,-7.114246368408203,4.089444160461426,1.6003143787384033,-7.14,4.44,1.65
1743701162.271169,2c08d2cc-7a1c-9d34-25ea-6265acb43d72,7c480d1c-c665-3719-5d2f-cb747c3996c4,17,-74.0,-63.0,-70.0,-63.0,-46.0,-70.0,-51.0,3.0714124999118075,-0.9504860546328605,-3.0106828396780765,-1.04206430819547,2.759618094318326,1.7403362238506712,-1.9230937746051564,0.9373681886304845,1.370125540760772,0.3657721928120692,1.3036635594387,0.5086264940497297,1.269640138065152,0.5952654590323488,-7.098618507385254,4.104557037353516,1.57403290271759,-7.14,4.44,1.65
1743701163.358993,2c08d2cc-7a1c-9d34-25ea-6265acb43d72,5861b8fb-6761-e409-087c-6f76cd3ec413,35,-78.0,-64.0,-77.0,-64.0,-44.0,-57.0,-56.0,3.098790861182258,-0.9190402474295323,-2.9756007523223533,-1.0388765043706452,2.8121478313087866,2.6172410869055707,-2.117566046431918,0.9293838319453454,1.4849482637917564,0.35538290179404747,1.3050073905247537,0.5510013504066876,0.8187292767377871,0.6211344897971417,-7.093494415283203,4.149005889892578,1.5606638193130493,-7.14,4.44,1.65
1743701164.339415,2c08d2cc-7a1c-9d34-25ea-6265acb43d72,f03eb9f5-3397-7753-aff0-3aff5546c05a,19,-73.0,-63.0,-70.0,-63.0,-45.0,-70.0,-50.0,3.0499415625713704,-0.914194093193915,-2.940730386273292,-1.0426972084285273,2.8085952119362756,2.032100739619904,3.141592653589793,0.90232951080053,1.4132792699063614,0.4202964213898065,1.2051604212516123,0.5675060559454772,1.159061499185729,1.0995574288455283,-7.08241605758667,4.2572503089904785,1.539896011352539,-7.14,4.44,1.65
1743701165.339671,2c08d2cc-7a1c-9d34-25ea-6265acb43d72,0a4da66f-1f00-4303-b19e-9b0c6f8576d5,17,-74.0,-63.0,-69.0,-63.0,nan,nan,nan,3.078925809979139,-1.1349854607377516,-2.9310290230543514,-1.0652155670256924,nan,nan,nan,0.921900149545141,1.4340536574636882,0.4475091673299678,1.198785745708344,nan,nan,nan,nan,nan,nan,-7.14,4.44,1.65
1743701166.339964,2c08d2cc-7a1c-9d34-25ea-6265acb43d72,4e46195e-80a4-8b93-a4a2-2afc66f930b1,35,-79.0,-64.0,-77.0,-63.0,-44.0,-57.0,-57.0,3.119681762037275,-1.0837154818540369,-2.8732163231625845,-1.033864168883007,2.846128511242785,2.606768844874777,-2.6009401901966402,0.9486992732784993,1.4711308519500437,0.525555133735071,1.2050038273795154,0.5902139198998597,0.7451735083811959,0.8859614004035727,-7.067516803741455,4.31644344329834,1.5096385478973389,-7.14,4.44,1.65
1743701167.339383,2c08d2cc-7a1c-9d34-25ea-6265acb43d72,244a758b-de66-13c2-22de-c29560bbcb81,27,-73.0,-64.0,-75.0,-63.0,-44.0,-57.0,-55.0,-3.0940445754875183,-0.9483266304629699,-2.9230648398144696,-1.0362242622410351,2.860185644493725,2.7566999405438812,-2.3337635938460735,0.9978204140576565,1.4273843031458024,0.4643689744009869,1.2164941690607167,0.6265956528488427,0.6781999928410479,0.6211344898071011,-7.047776222229004,4.364919662475586,1.4720245599746704,-7.14,4.44,1.65
1743701168.356056,2c08d2cc-7a1c-9d34-25ea-6265acb43d72,e24742a3-3f0a-4b23-743d-350996b98525,12,-83.0,-64.0,-74.0,-65.0,nan,nan,nan,3.1118563294901866,-0.9974829915475436,-2.956127718431694,-1.0373410588441598,nan,nan,nan,0.9171820933579566,1.4078556091883605,0.45524854648433344,1.1841797718678588,nan,nan,nan,nan,nan,nan,-7.14,4.44,1.65
1743701169.340968,2c08d2cc-7a1c-9d34-25ea-6265acb43d72,8ba2e584-c7f4-58d2-bbcb-789b89f1dfa5,32,-78.0,-64.0,-75.0,-63.0,-45.0,-55.0,-55.0,3.1160151218484544,-0.9361409374211489,-2.9910968877571973,-1.0183969287459902,2.8528243923598433,2.724367853631522,-2.342638485759067,0.9395971213048265,1.4630207274824254,0.402250808553916,1.1350377918531718,0.6600937996163336,0.4856578175972918,0.6090169188006913,-7.0223565101623535,4.390044212341309,1.408931016921997,-7.14,4.44,1.65
1743701170.271499,2c08d2cc-7a1c-9d34-25ea-6265acb43d72,3b9cb50a-e27b-27d7-0b07-51472dd732e0,14,-78.0,-64.0,-71.0,-63.0,-45.0,-58.0,-51.0,3.1186330092000016,-1.0010910421923829,-2.981406177182617,-1.1232289361055967,2.7559042545322545,1.6878078392572236,-1.824057890121083,0.8964675603461294,1.3676253651294055,0.3754753536647457,1.1079797422828304,0.5248099120213745,1.1488497536368598,0.7518794143120988,-6.990368843078613,4.367247581481934,1.362440824508667,-7.14,4.44,1.65
1743701171.340423,2c08d2cc-7a1c-9d34-25ea-6265acb43d72,52794e1b-f105-b772-e35c-60e693d7c096,19,-74.0,-63.0,-69.0,-64.0,-45.0,-71.0,-50.0,3.1258427189030646,-1.0193833636137557,-2.947188285600625,-1.1651730574840724,2.7719759061193114,1.3036176945463887,-3.074253431293582,0.8298571743723129,1.4338669698712734,0.5049142704168983,1.0007096109452562,0.544490695747249,1.1354784225544494,1.308429131264274,-6.9676313400268555,4.32472038269043,1.3468784093856812,-7.14,4.44,1.65
1743701172.340763,2c08d2cc-7a1c-9d34-25ea-6265acb43d72,a98412a9-2380-3b25-de6b-26a411bcdc0e,15,-76.0,-63.0,-71.0,-64.0,-48.0,-61.0,-51.0,3.120390695519454,-1.0374549089807608,-2.9830331022925463,-1.2015144205612391,2.7437295394983225,0.7931589171737397,-1.6050352170825326,0.8108412055037383,1.4075058029791785,0.4840274641720568,1.0272123248492888,0.48911666643243196,0.9633166395978824,1.0992586012973746,-6.952918529510498,4.31476926803589,1.3847509622573853,-7.14,4.44,1.65
1743701173.357201,2c08d2cc-7a1c-9d34-25ea-6265acb43d72,6cfddfad-df10-6808-317f-77bc3663f059,18,-74.0,-63.0,-70.0,-64.0,-45.0,-72.0,-50.0,-3.134300385892938,-0.9971579527364993,-2.964261278716905,-1.2368716124575672,2.736181911270399,0.7351056581210555,2.2851603691899447,0.8478670009810554,1.3764675925806866,0.610767899660173,1.0486302652840331,0.5212461933779485,0.9488697611106236,1.3855274749099782,-6.949271202087402,4.304140090942383,1.3932539224624634,-7.14,4.44,1.65
1743701174.339901,2c08d2cc-7a1c-9d34-25ea-6265acb43d72,85c8f5e6-661a-8a83-8924-02dbb55f714f,21,-73.0,-63.0,-71.0,-63.0,-45.0,nan,-50.0,3.1231252293267477,-0.9763173856260844,-2.9871692577815483,-1.2088502309419167,2.7596880668709685,nan,2.1108119271226955,0.8060823363728485,1.381164210321096,0.6164524170069471,0.9571044094158712,0.5931997762015031,nan,1.034331780473549,-6.947688102722168,4.301305294036865,1.3309086561203,-7.14,4.44,1.65
1743701175.271446,2c08d2cc-7a1c-9d34-25ea-6265acb43d72,08aa94fa-ed3a-1968-0c1d-bed78d351ecf,18,-73.0,-63.0,-70.0,-64.0,-45.0,-75.0,-50.0,-3.0893129371787746,-1.0093204762768369,-2.9465291532308306,-1.2006381074045487,2.7639743349345443,0.7518116531056892,1.881644895418182,0.8005719897613655,1.3362424085278028,0.6573928595495989,0.9306827221880042,0.5769898830509308,0.9617182861644544,0.9242301935767475,-6.929316520690918,4.312686920166016,1.2960081100463867,-7.14,4.44,1.65
1743701176.271268,2c08d2cc-7a1c-9d34-25ea-6265acb43d72,82afe1ed-9ef6-4e8b-f4e7-de5c0d035864,9,-81.0,-65.0,-75.0,-68.0,-47.0,-55.0,-55.0,-3.130401518057062,-1.017125136167423,-2.968840850527405,-1.1811397734835334,2.703579051520981,2.3050511485273453,-2.997229291521788,0.687597500526896,1.271628128370028,0.608509339318704,1.0560812573818565,0.3995699034231803,1.190372908852167,0.9199914840355635,-6.914113998413086,4.280609130859375,1.3035014867782593,-7.14,4.44,1.65
1743701177.341099,2c08d2cc-7a1c-9d34-25ea-6265acb43d72,dafd0f0a-1fb5-7a64-9af9-7fa4a5e69ce8,9,-81.0,-63.0,-73.0,-69.0,-47.0,-54.0,-55.0,-3.013807792901175,-1.023041614845143,-2.986101862816645,-1.1775489002277248,2.6447378148315477,2.82221438836247,-2.5873618516417403,0.7333115261654606,1.257372626528997,0.5162353016317979,1.172769857651578,0.3096677209686998,0.9176126897831354,0.5863841896466973,-6.917115688323975,4.25076961517334,1.314157247543335,-7.14,4.44,1.65
1743701178.359425,2c08d2cc-7a1c-9d34-25ea-6265acb43d72,16b3f03c-bfbf-690e-17c0-30ba1968c20d,8,-78.0,-64.0,-72.0,-69.0,-47.0,-55.0,-55.0,-2.9678610735623647,-1.0154368251943673,-2.9748089945302727,-1.0586601960024624,2.6497582432585896,2.975257150186885,-2.4219880218568965,0.62542906751425,1.251113665335093,0.518687174178893,1.27679639193949,0.27893935857020946,0.7435630791327916,0.46945079357734065,-6.9244608879089355,4.215625762939453,1.2868525981903076,-7.14,4.44,1.65
1743701179.340749,2c08d2cc-7a1c-9d34-25ea-6265acb43d72,47a36589-1762-fe49-58d2-6c1cfc57ea1a,12,-83.0,-65.0,-73.0,-66.0,-46.0,-55.0,-52.0,-3.0314088908616177,-1.024893843383293,-2.966351860172617,-1.020670203052482,2.6363441713747244,1.1816686774685659,-2.315992948481352,0.48477687770280503,1.2783701869856725,0.5194104221519312,1.2706989514656992,0.24584225311388908,1.3441498824170723,0.3326759587440283,-6.9256157875061035,4.187058925628662,1.2631518840789795,-7.14,4.44,1.65
1743701180.360798,2c08d2cc-7a1c-9d34-25ea-6265acb43d72,9175c2f5-c572-85b3-b0c2-a1f98a6a2b10,4,-77.0,-68.0,-67.0,-72.0,-44.0,-56.0,-54.0,-3.069867067531234,-1.0635197992015843,-2.9930279458636138,-1.0632164651534242,2.6720521780173874,0.6151991803836964,-2.289410898632529,0.3805985432327584,1.2303375467230577,0.512925658187102,1.2347579946584257,0.2503480914278484,0.9364744979833511,0.3499088370913043,-6.925228595733643,4.169581413269043,1.23711633682251,-7.14,4.44,1.65
1743701181.343672,2c08d2cc-7a1c-9d34-25ea-6265acb43d72,5f423555-40f1-fce0-2c43-59efdffe0b06,2,-85.0,-70.0,-67.0,-68.0,-43.0,-58.0,-55.0,-3.028132670088602,-1.0761182822123676,-3.0453534686453816,-1.156237219920475,2.7218038675525267,0.5962469118383867,-2.306749063046866,0.42884556796312434,1.2490011128003877,0.48278120465044055,1.1809215274322011,0.2884343942518294,0.7607453480580378,0.35622941130118585,-6.918041229248047,4.153375625610352,1.2287706136703491,-7.14,4.44,1.65
1743701182.360999,2c08d2cc-7a1c-9d34-25ea-6265acb43d72,d74dc1c2-427c-01e0-7ac0-0519189689b1,7,-77.0,-65.0,-71.0,-69.0,-45.0,-56.0,-55.0,-2.980625870983224,-1.0681225405135684,-3.0351263974272595,-1.1588363319863382,2.6879027921089436,1.9726745194433215,-2.28452070565885,0.3297290704874777,1.3060007496113535,0.4859161447276273,1.2023406662894363,0.26818188732024484,1.266628763230519,0.3613671239298534,-6.911200523376465,4.14730978012085,1.2362027168273926,-7.14,4.44,1.65
1743701183.340248,2c08d2cc-7a1c-9d34-25ea-6265acb43d72,7d1b00ae-9bd4-c8ba-e5c5-070b8d830ca4,17,-75.0,-63.0,-71.0,-64.0,-47.0,-67.0,-51.0,-2.974140008464445,-1.0594339774571848,-2.998136155150495,-1.1206673746111042,2.700372877718175,1.1153345042629543,-1.999461489716374,0.4325880749534991,1.4593631420413105,0.488809436225403,1.1848927000916734,0.4153637401638544,1.1206641769238799,0.5693527908095378,-6.920193672180176,4.137742519378662,1.2341816425323486,-7.14,4.44,1.65
1743701184.338724,2c08d2cc-7a1c-9d34-25ea-6265acb43d72,6e127747-68a1-d824-0366-473845bbbfd0,6,-77.0,-65.0,-69.0,-70.0,-44.0,nan,-54.0,-2.9985332324690255,-0.9963085375068186,-3.024768831315723,-1.111451505658885,2.6991218470296716,nan,-2.1377519731713566,0.3481928329040243,1.3187546280717428,0.3874746920092884,1.1720574620599817,0.31777206661650215,nan,0.49285927051525974,-6.9209394454956055,4.137897968292236,1.2422091960906982,-7.14,4.44,1.65
1743701185.360213,2c08d2cc-7a1c-9d34-25ea-6265acb43d72,b9c811e5-3b83-f94f-47d0-02fe9f0dc20b,0,-80.0,-76.0,-67.0,-63.0,-41.0,-62.0,-55.0,-2.936364399982216,-1.2394407639611664,-3.054557353372696,-1.2296533806390164,2.7438018894398692,0.8880892100077922,-2.262994037906463,0.436892109459717,1.0922588360519838,0.49899363054997503,1.2819972792323058,0.3894950877289354,0.8705058823760284,0.40651319954082926,-6.944300651550293,4.129766464233398,1.3263821601867676,-7.14,4.44,1.65
1743701186.34095,2c08d2cc-7a1c-9d34-25ea-6265acb43d72,cfcbee33-c672-6a06-a5b1-17c877a2e3e0,16,-75.0,-63.0,-70.0,-63.0,-47.0,-62.0,-51.0,-2.9685508322846954,-1.1267357866290129,-3.023178657828837,-1.2884525153985489,2.7314902907190777,0.8729164637305215,-1.968041576998008,0.5122392617056476,1.3121776854436833,0.5336290059223506,1.2823791765326231,0.4536947247109436,0.7801250613479767,0.5903723670271426,-6.985227584838867,4.1109466552734375,1.3972376585006714,-7.14,4.44,1.65
1743701187.271607,2c08d2cc-7a1c-9d34-25ea-6265acb43d72,7b0d7092-12f6-8dca-b972-dff38ab836fd,5,-78.0,-66.0,-68.0,-71.0,-44.0,-56.0,-54.0,-3.017119966348907,-1.136604928996629,-3.074811226094966,-1.2928619112153932,2.7122622505317144,0.6447483814871487,-2.1377519731713566,0.4594864014374629,1.294434241522976,0.5076992711268487,1.2907321812916568,0.3520546744477794,0.6742840766610897,0.49285927051525974,-7.019742488861084,4.09678316116333,1.4621388912200928,-7.14,4.44,1.65
1743701188.357752,2c08d2cc-7a1c-9d34-25ea-6265acb43d72,6c077b24-e5c7-f3e4-b71c-158a9c185c38,31,-77.0,-65.0,-75.0,-63.0,-44.0,-56.0,-55.0,-3.056626629539687,-1.2014334604641008,-3.082812959906218,-1.2527738799586483,2.7792653944688306,1.8992551101630732,-2.2536748018201487,0.5866043067205841,1.3718455433507997,0.5517692275559664,1.2550990859063964,0.5118951113951508,1.0705618696306796,0.5629227755153587,-7.051273345947266,4.084115982055664,1.612937092781067,-7.14,4.44,1.65
1743701189.339267,2c08d2cc-7a1c-9d34-25ea-6265acb43d72,d6d0aca3-41a4-2f02-40b8-a2dc31570ed6,30,-75.0,-65.0,-74.0,-63.0,-44.0,-56.0,-55.0,-2.9425743590120628,-1.15793378669291,-3.0657085414890757,-1.1102462921075698,2.780278527631009,2.4691738542936834,-2.3053471676494097,0.724509112972476,1.4050889842899315,0.4785658866980358,1.2786373020430073,0.5969249171030492,0.8592660596803096,0.5586150362892573,-7.093079090118408,4.074236869812012,1.7348705530166626,-7.14,4.44,1.65
1743701190.337694,2c08d2cc-7a1c-9d34-25ea-6265acb43d72,d9983991-0bfb-a52c-b93d-36e846d7fa2e,8,-80.0,-65.0,-73.0,-68.0,-45.0,nan,nan,-2.966955598791738,-1.12661594437996,-3.0706918485208314,-1.058293878194522,2.703579051520981,nan,nan,0.6229980009131709,1.3006283547443367,0.40337053463423983,1.3277202930395493,0.3995699034231803,nan,nan,nan,nan,nan,-7.14,4.44,1.65
1743701191.358201,2c08d2cc-7a1c-9d34-25ea-6265acb43d72,41280fe1-2f0d-3e7d-df55-b802ac34ff98,19,-74.0,-62.0,-71.0,-64.0,-45.0,-70.0,-50.0,-2.9738750239359817,-1.077882892750654,-3.0553999775415965,-1.0192269028997134,2.7559042545322545,1.9435417881560952,3.0696869772188538,0.6425424075210446,1.4759843298786588,0.5598328132835355,1.2296511169520898,0.5248099120213745,1.0424722025076023,1.063552953700201,-7.13237714767456,4.058539867401123,1.8299750089645386,-7.14,4.44,1.65
1743701192.272064,2c08d2cc-7a1c-9d34-25ea-6265acb43d72,8e87da82-a03a-0544-6179-3b499ebaba6f,28,-75.0,-66.0,-74.0,-62.0,-44.0,-58.0,-55.0,-3.046772667190285,-1.007485291969663,-3.0624578870625245,-1.0640644156445056,2.817885513986583,2.4901838337013915,-2.5358146846825704,0.7889263857886125,1.4884736232847486,0.5209043889444385,1.2205202028386442,0.6203361015884801,0.9047917464591027,0.7751404675350095,-7.16951036453247,4.044166564941406,1.9224821329116821,-7.14,4.44,1.65
1743701193.340154,2c08d2cc-7a1c-9d34-25ea-6265acb43d72,211991a5-fff1-4bc1-735c-ed8f839d973a,0,-80.0,-77.0,-67.0,-63.0,-41.0,nan,nan,-2.9891871349395016,-1.068874484047352,-3.1089550817986544,-1.0941454859472228,2.7955847592506027,nan,nan,0.7044987863318932,1.378680279972379,0.5202016473117937,1.196464001870013,0.5314273026885232,nan,nan,nan,nan,nan,-7.14,4.44,1.65
1743701194.339162,2c08d2cc-7a1c-9d34-25ea-6265acb43d72,e7d41b8d-3ab0-1237-ab10-b2b39544f5e4,13,-81.0,-65.0,-74.0,-65.0,-46.0,-57.0,-51.0,-3.120948361451717,-1.1926018856571798,-3.0833178952488973,-1.1233256088531667,2.7472445380460107,1.1339141123189178,-1.9530628309938105,0.7145767871079984,1.2933358207313725,0.4916121469566024,1.2076695184726303,0.4730146870261785,1.1052630332657347,0.8253805332259115,-7.195250034332275,4.042259693145752,1.9968187808990479,-7.14,4.44,1.65
1743701195.359991,2c08d2cc-7a1c-9d34-25ea-6265acb43d72,dead487d-42ef-fad4-c23c-ab2953f48113,3,-81.0,-69.0,-67.0,-71.0,-43.0,-57.0,-55.0,-3.0930536132458997,-1.1861498452842447,-3.108413661149041,-1.0974748367839855,2.7306466951451904,0.7303318341089929,-2.1870294533400934,0.6772277504533728,1.2975926174177552,0.4705127538777452,1.1513913320009668,0.35472146592593906,0.8538140042039247,0.6369164019042486,-7.19391965866089,4.05362367630005,2.0286178588867188,-7.14,4.44,1.65
1743701196.357049,2c08d2cc-7a1c-9d34-25ea-6265acb43d72,45b94a40-b135-e675-7841-4481162871f7,11,-86.0,-64.0,-73.0,-66.0,-45.0,-54.0,-53.0,3.1155256328400975,-1.2002126674204083,-3.0981865899309184,-1.0035920167720762,2.685731172825662,0.47536334618578774,-2.2400535754573747,0.6139915895806867,1.3126025927956055,0.4249607815915122,1.201685528661277,0.2838613060677266,0.726775054260618,0.40981502051909435,-7.2001314163208,4.057928085327148,2.103891134262085,-7.14,4.44,1.65
1743701197.360775,2c08d2cc-7a1c-9d34-25ea-6265acb43d72,6ae4a82f-95a1-7278-f7dd-14fecdc044f1,7,-79.0,-65.0,-70.0,-68.0,-46.0,-55.0,-55.0,-3.0900985697003476,-1.2039831708917426,-3.0878455354181407,-0.9675396066731832,2.6699628430781273,1.9959451873297105,-2.2400535754573747,0.5432441160114864,1.250685562189863,0.3945004105705401,1.2389784391959286,0.2659043553905395,1.321281589862159,0.40981502051909435,-7.184448719024658,4.0903143882751465,2.1047120094299316,-7.14,4.44,1.65
1743701198.341029,2c08d2cc-7a1c-9d34-25ea-6265acb43d72,62939a09-7d7e-51ec-135a-88a1ea9ddd58,4,-76.0,-68.0,-67.0,-70.0,nan,-54.0,nan,-3.083699792549215,-1.1816970399416322,-3.121421605177424,-0.916198521388363,nan,0.6554409644894601,nan,0.31386948014286503,1.2627080034568618,0.45566739514477567,1.1951705045285612,nan,1.0391032481514668,nan,-7.1534905433654785,4.1255903244018555,2.1086342334747314,-7.14,4.44,1.65
1743701199.271527,2c08d2cc-7a1c-9d34-25ea-6265acb43d72,78eec130-2174-afb6-5d93-755911ab0dc0,24,-72.0,-63.0,-73.0,-63.0,nan,-61.0,-52.0,-3.1083265757813954,-1.12600781154504,-3.12397291350172,-0.9824060376682778,nan,2.043739523233618,-2.102763939674355,0.5420112721638615,1.336887958776038,0.4000576288172084,1.1879330979501619,nan,1.2361637933285228,0.2322568933428604,-7.115367889404297,4.156527042388916,2.12434983253479,-7.14,4.44,1.65
1743701200.370308,2c08d2cc-7a1c-9d34-25ea-6265acb43d72,03c163c2-dd09-ae73-b27d-fa14cef48302,15,-75.0,-63.0,-71.0,-64.0,-47.0,-59.0,-50.0,-3.1168265870326013,-1.0872148755264006,-3.053966131610698,-1.0011456369947296,2.6849650841113695,0.8925230563037102,-1.8995125073876957,0.4453462810506599,1.3557768282815885,0.39734892767248886,1.2091319933852474,0.3963793887175866,1.0688952616841714,0.5456614179946189,-7.07430076599121,4.19176149368286,2.108625888824463,-7.14,4.44,1.65
1743701201.364847,2c08d2cc-7a1c-9d34-25ea-6265acb43d72,61d3edf0-8fdf-fe72-d86a-cc1f101676dd,4,-80.0,-67.0,-67.0,-71.0,nan,-55.0,-54.0,-3.1298105626111736,-1.0529557049475124,-3.078429929384166,-0.8949100105825966,nan,0.6036179987204242,-2.105943462364013,0.3694128006012348,1.2931451383973231,0.3693990187425936,1.2131640192756272,nan,0.8115684447245022,0.5004395108615248,-7.022643566131592,4.26033353805542,2.0951759815216064,-7.14,4.44,1.65
1743701202.340144,2c08d2cc-7a1c-9d34-25ea-6265acb43d72,c61d1258-6a17-d1a2-c7d6-c7b9de78d824,6,-76.0,-66.0,-69.0,-69.0,-45.0,-54.0,-54.0,-3.0882673801348095,-1.0371927207714426,-3.082376467803554,-0.9402868134481297,2.6628339110749444,2.019498803901339,-2.1746095910932524,0.29071465933468477,1.2897767722505906,0.29883640184255855,1.2559622164156912,0.3124654824063361,1.2207226083614247,0.44461336033707777,-6.981568336486816,4.287044525146484,2.110869884490967,-7.14,4.44,1.65
1743701203.34156,2c08d2cc-7a1c-9d34-25ea-6265acb43d72,0618d712-5121-53e0-be5c-9b80b2519c56,31,-77.0,-64.0,-75.0,-63.0,-44.0,-56.0,-55.0,-3.060680493351006,-0.9513069740388777,-3.08008508400165,-0.9564820286691197,2.763161027972889,2.5544786939042923,-2.287693664962738,0.42568496167093195,1.4007233974730195,0.2294382021948901,1.2536547204891921,0.49241947153321713,0.7462587700551375,0.5497112655780257,-6.953542232513428,4.301396369934082,2.1248972415924072,-7.14,4.44,1.65
1743701204.362398,2c08d2cc-7a1c-9d34-25ea-6265acb43d72,7c90a908-f177-4731-3e1f-c4cea2506cff,36,-80.0,-64.0,-78.0,-64.0,-43.0,nan,nan,-3.099649996949917,-1.0652806813143447,-3.029928173295534,-0.9721438127237666,2.8085952119362756,nan,nan,0.7246579836774115,1.5098922295097652,0.3084695881375931,1.3254492824199842,0.5675060559454772,nan,nan,-6.951354026794434,4.302873134613037,2.1502575874328613,-7.14,4.44,1.65
1743701205.360159,2c08d2cc-7a1c-9d34-25ea-6265acb43d72,c5434982-9929-e9b9-fc90-3b10fb32ce1b,35,-80.0,-65.0,-79.0,-63.0,-44.0,-57.0,nan,-3.1319759788935166,-0.9561351519371368,-2.9843819933846714,-0.9872806877275591,2.863612455288621,2.658142476846395,nan,0.8044200577994484,1.4421672440407236,0.3854720281590624,1.307393050229247,0.6098205370210883,0.5053404172748517,nan,-6.962645530700684,4.311363697052002,2.181690216064453,-7.14,4.44,1.65
1743701206.340187,2c08d2cc-7a1c-9d34-25ea-6265acb43d72,ab6c6220-7bdb-44bf-db90-cb7740649c95,12,-81.0,-65.0,-74.0,-65.0,nan,-55.0,-53.0,3.1337139578209023,-1.1809929001494157,-3.004540258623808,-1.005701240355419,nan,1.6162301119341884,-2.306749063046866,0.7487506033739496,1.358908306249358,0.35442329827426466,1.3126948713273767,nan,1.203880621028228,0.35622941130118585,-6.969916820526123,4.3523359298706055,2.1571285724639893,-7.14,4.44,1.65
1743701207.362686,2c08d2cc-7a1c-9d34-25ea-6265acb43d72,ec04fc6a-f007-65a5-9439-3754f7889601,30,-76.0,-64.0,-74.0,-63.0,-44.0,-57.0,-55.0,-3.110909309406554,-0.9451598656107567,-2.887667966817899,-1.0303842162866004,2.870928877787774,2.442826066802357,-2.3138609715678977,0.7212033311113607,1.3800950843014834,0.3651828685523483,1.3245946740261776,0.6799332996450266,0.8862887343157855,0.4714690600001149,-6.983235836029053,4.354329586029053,1.9348134994506836,-7.14,4.44,1.65
1743701208.340456,2c08d2cc-7a1c-9d34-25ea-6265acb43d72,0000c9c1-2edb-6dd4-e4fb-f73d92492ac7,13,-78.0,-65.0,-74.0,-65.0,-47.0,-56.0,-52.0,3.1260051717295596,-0.9211928805386432,-2.895529618355813,-1.0424403465413892,2.747937471854295,1.0527789204036748,-2.285622463019579,0.6568632899668366,1.3883673952794877,0.4014030245104029,1.3335052115594197,0.5571004120089559,1.1043274534669119,0.3094325508712855,-6.99989652633667,4.34642219543457,1.6445796489715576,-7.14,4.44,1.65
1743701209.272456,2c08d2cc-7a1c-9d34-25ea-6265acb43d72,5be9c5c8-4415-284e-dabf-c5b033e2c26c,26,-73.0,-65.0,-74.0,-63.0,-44.0,-61.0,-54.0,3.1306774215459945,-0.9252173164199163,-2.959349344402363,-1.104614505350379,2.856592343295635,2.2747195563376446,-2.1238215364013175,0.7287603835995968,1.4612369421842901,0.4217832642263978,1.2855098555520659,0.6433537564911327,1.105527065581633,0.3524379355841162,-7.02110767364502,4.342095375061035,1.454578161239624,-7.14,4.44,1.65
1743701210.341659,2c08d2cc-7a1c-9d34-25ea-6265acb43d72,83300d59-b425-e22c-fa70-041d907f40e8,36,-80.0,-64.0,-79.0,-64.0,nan,-57.0,-55.0,3.058053551251752,-0.8207178047224062,-2.9550057286644433,-1.0831251921984206,nan,2.6368809994091293,-2.2244870500958513,0.801561620422439,1.4789738613603274,0.5396325033886891,1.4042899028048537,nan,0.6845673092373997,0.47183267373534676,-7.055177211761475,4.32384157180786,1.3079824447631836,-7.14,4.44,1.65
1743701211.358746,2c08d2cc-7a1c-9d34-25ea-6265acb43d72,7ea7eab4-6f8a-b98d-52fd-8391301e8702,14,nan,-64.0,-72.0,-64.0,nan,nan,-52.0,nan,-0.9798287635233537,-2.9927568360646437,-1.0336131659502672,nan,nan,-1.8059705273075657,nan,1.3324832234911015,0.5353899879036519,1.3395456603858829,nan,nan,0.6823832862622375,nan,nan,nan,-7.14,4.44,1.65
1743701212.361404,2c08d2cc-7a1c-9d34-25ea-6265acb43d72,08ebe819-05f1-8971-813a-407beb7ee35c,34,-79.0,-64.0,-79.0,-63.0,-44.0,-56.0,-57.0,3.073225047349715,-0.9477513876675128,-2.9437442856789344,-1.000604083187062,2.8781248947389266,2.6328943079338534,-2.0502327018976243,0.8751564126710975,1.3999382975836638,0.5523590511583916,1.2544234419378435,0.6462637180597979,0.450864713654257,0.6940511197360828,-7.08845567703247,4.28087615966797,1.2039647102355957,-7.14,4.44,1.65
1743701213.358885,2c08d2cc-7a1c-9d34-25ea-6265acb43d72,279cda4d-0dea-b936-5aa9-d243850b9f97,18,-74.0,-63.0,-69.0,-64.0,-45.0,nan,-52.0,3.068075559065938,-1.0060060391421786,-2.923436350786535,-1.002471358585371,2.8528243923598433,nan,3.002593961473951,0.8903261111353249,1.345240830377017,0.6248167402006134,1.1110595549254525,0.6600937996163336,nan,1.1834459851794312,-7.113007068634033,4.27574586868286,1.0847303867340088,-7.14,4.44,1.65
1743701214.361596,2c08d2cc-7a1c-9d34-25ea-6265acb43d72,dda08e76-ba50-4ba4-bb07-9c5db3652af5,1,-87.0,-74.0,-67.0,-65.0,-42.0,-57.0,-55.0,3.0083792053351575,-1.0197916262088649,-2.9680176674344616,-1.0593081430956786,2.7889780533935933,1.701244173469815,-2.6663416488205485,0.7615528182081241,1.408862949870683,0.5854455653302908,1.158773747700721,0.46284322619154084,1.0775423342417183,0.7791251913963263,-7.123712062835693,4.2758564949035645,0.9770570993423462,-7.14,4.44,1.65
1743701215.271853,2c08d2cc-7a1c-9d34-25ea-6265acb43d72,200fb056-3046-5fab-83cd-e09d22dfe55c,35,-81.0,-64.0,-79.0,-64.0,-43.0,-58.0,-57.0,3.009641543691855,-0.8815641114118825,-2.9618473895048574,-1.0279446275700335,2.8155367438732584,2.4609988529076317,-2.4793936615578507,0.8799843242532475,1.4427771079303515,0.6151659770423843,1.120833289547016,0.5344770481802276,0.7648684877302755,0.7020011895125196,-7.114990711212158,4.276212215423584,0.8761169910430908,-7.14,4.44,1.65
1743701216.359133,2c08d2cc-7a1c-9d34-25ea-6265acb43d72,b58909d1-88cb-7b83-6b83-e32845c6b189,1,-88.0,-74.0,-67.0,-65.0,-42.0,-57.0,-55.0,3.0916935368771963,-0.9308581579248132,-2.9822879498195425,-1.0882814715429776,2.759618094318326,1.3543813600589192,-2.403427901060604,0.9002906612489928,1.3059947574989008,0.5880502700344428,1.1049645112966429,0.5086264940497297,1.0513626282652666,0.5085125932020943,-7.09574556350708,4.2719855308532715,0.8220710158348083,-7.14,4.44,1.65
1743701217.340051,2c08d2cc-7a1c-9d34-25ea-6265acb43d72,2ab25cbc-0b3e-b01a-2aa1-7eec205a22bd,9,-80.0,-64.0,-74.0,-68.0,-46.0,-58.0,-55.0,-3.060345467685874,-1.0424552602434938,-2.9694467196753984,-1.083872741516406,2.7095195001714965,0.6404940028160508,-2.314952274379042,0.8637784563878973,1.213521681810025,0.5523591177374189,1.154833734026003,0.3679140947754087,0.9276863435484716,0.4285598380468957,-7.07394027709961,4.2333402633667,0.749396026134491,-7.14,4.44,1.65
1743701218.339957,2c08d2cc-7a1c-9d34-25ea-6265acb43d72,e84ed37b-5ced-cfc7-7405-c5b3c84aa75d,17,-74.0,-63.0,-69.0,-63.0,-46.0,-72.0,-50.0,-3.062826468557392,-1.0484084905442568,-2.928866003616989,-1.1176952868345758,2.724367853631522,0.8474827249357961,-2.072193948859589,0.8485985713325003,1.3378546862517369,0.5508954444023112,1.1091731713463222,0.4856578175972918,0.8940212031804122,0.5844590001725288,-7.047481536865234,4.20746660232544,0.8679165244102478,-7.14,4.44,1.65
1743701219.27181,2c08d2cc-7a1c-9d34-25ea-6265acb43d72,f215f54b-ed7f-e1de-b437-d46de5f0f3db,17,-74.0,-63.0,-69.0,-64.0,-46.0,-75.0,-50.0,-3.0300232481464495,-1.0738075904925604,-2.927451865078157,-1.1489530748649448,2.768067700788039,0.9770244223612027,-1.887614937440451,0.8602750679738981,1.3986610455248623,0.5189576181875906,1.1995806992937323,0.5607530287986497,0.8538140042179047,0.6331524771273561,-7.026464939117432,4.192420482635498,1.044631004333496,-7.14,4.44,1.65
1743701220.340898,2c08d2cc-7a1c-9d34-25ea-6265acb43d72,7da0cece-338c-db9a-6d93-e99c561d3121,5,-77.0,-66.0,-67.0,-71.0,-42.0,-60.0,-53.0,-3.035518681055828,-1.0155791711546318,-2.958551461339775,-1.079574932149236,2.7066264686097847,0.7318183911827256,-2.086327136095843,0.7608610621149761,1.1831661727569747,0.4296616936791791,1.1430883946704269,0.38375292090415625,0.7253721464395458,0.5468651733292874,-7.003538131713867,4.177812576293945,1.1312111616134644,-7.14,4.44,1.65
1743701221.359041,2c08d2cc-7a1c-9d34-25ea-6265acb43d72,fec236a5-42fa-7eb8-300b-fa14b915e3ca,10,nan,-64.0,-74.0,-67.0,-46.0,-58.0,-55.0,nan,-1.0641452425835893,-2.970928236189809,-1.0307421451371073,2.6447378148315477,0.5258801154452541,-2.164932446543902,nan,1.1142138694995698,0.45821317740980966,1.2180828778090036,0.3096677209686998,0.6787014799837194,0.4256043851637395,-6.978063106536865,4.165946006774902,1.1963534355163574,-7.14,4.44,1.65
1743701222.342214,2c08d2cc-7a1c-9d34-25ea-6265acb43d72,28968763-6c17-aa6f-c032-65b90acfeb1c,31,nan,-64.0,-75.0,-63.0,nan,nan,-55.0,nan,-1.0299699615790385,-2.949783536082907,-0.9206176377431861,nan,nan,-2.310712711566713,nan,1.3687931612674056,0.44470389330621923,1.2263107139968035,nan,nan,0.5148495139379403,nan,nan,nan,-7.14,4.44,1.65
1743701223.358635,2c08d2cc-7a1c-9d34-25ea-6265acb43d72,967a4918-32ac-b329-bd72-505983b06d6a,17,nan,-63.0,-69.0,-64.0,-48.0,-71.0,-51.0,nan,-1.0339322126488586,-2.9440942250461712,-1.0521220023682631,2.6970032956182477,0.704688991873381,-2.020625493642361,nan,1.407652809471351,0.48036188924767165,1.2935366230775645,0.43113307223917596,0.8275104962264722,0.6454923417242487,-6.969205856323242,4.1430983543396,1.1820679903030396,-7.14,4.44,1.65
1743701224.362307,2c08d2cc-7a1c-9d34-25ea-6265acb43d72,6562816a-5b39-9dcb-24cd-c7da46a3abe1,21,nan,-63.0,-70.0,-63.0,-44.0,-64.0,-50.0,nan,-1.0060651613183782,-2.984358823883188,-1.0848629048096974,2.7719759061193114,1.1275124466373891,-3.0486414318547808,nan,1.4567856015802774,0.500713966035139,1.2729573120700863,0.544490695747249,1.044233990290348,1.185318937737668,-6.969358444213867,4.129266738891602,1.203529953956604,-7.14,4.44,1.65
1743701225.271832,2c08d2cc-7a1c-9d34-25ea-6265acb43d72,16158648-fbd4-d982-9174-52262c19b1f0,16,nan,-63.0,-69.0,-63.0,-45.0,nan,-50.0,nan,-1.0755490315293632,-2.9541729581915757,-1.2394998861373667,2.747937471854295,nan,-2.1108119271226955,nan,1.405889663671664,0.48493037565013447,1.3000637645932398,0.5571004120089559,nan,1.034331780473549,-6.987536907196045,4.113884925842285,1.2042404413223267,-7.14,4.44,1.65
1743701226.359753,2c08d2cc-7a1c-9d34-25ea-6265acb43d72,402e2050-cefc-1672-c51f-bdc0186c4e87,11,-81.0,-63.0,-74.0,-67.0,-45.0,nan,-53.0,2.9348136412794625,-1.0729858721382166,-2.9337510400045215,-1.2002792464476604,2.725192450066849,nan,-2.220843353106984,0.8497717603717073,1.3765829074558869,0.40377473590868657,1.267152286683986,0.38668434172948135,nan,0.6590921118210813,-7.00856876373291,4.11021852493286,1.2128400802612305,-7.14,4.44,1.65
1743701227.272541,2c08d2cc-7a1c-9d34-25ea-6265acb43d72,4a66c633-edfa-7147-499e-17648b432aa0,4,-79.0,-67.0,-67.0,-75.0,-43.0,-61.0,-53.0,2.945738460703186,-1.1352730821354804,-2.9430515974794047,-1.1420943697935544,2.7148585697535434,0.7521010751150976,-2.260802178661797,0.7174890869180544,1.2512087401860088,0.40233140246640453,1.235050542904171,0.3361758602835704,0.8439306861766538,0.5204388676117685,-7.033634662628174,4.10688591003418,1.2229996919631958,-7.14,4.44,1.65
1743701228.362987,2c08d2cc-7a1c-9d34-25ea-6265acb43d72,4b219076-9eb6-1da2-5e71-cf3aaa9847d6,11,-84.0,-63.0,-74.0,-67.0,-46.0,-56.0,-52.0,2.9005323664635267,-1.1400061851828236,-2.9793651305231803,-1.1310562328654488,2.685731172825662,0.4973493445422896,-2.2289120343258335,0.5836185702434691,1.244402632546148,0.34558103753346997,1.2762601644540024,0.2838613060677266,0.721006526623162,0.3912763828232947,-7.06400966644287,4.096646308898926,1.3066339492797852,-7.14,4.44,1.65
1743701229.342848,2c08d2cc-7a1c-9d34-25ea-6265acb43d72,87a36f9b-a4ea-1824-9780-9718439717fc,2,-86.0,-69.0,-67.0,-68.0,nan,-60.0,-54.0,2.8983059637922204,-1.1923884332958101,-3.036220690319173,-1.166389456311966,nan,0.5619350360345128,-2.301838195070144,0.4810323400520991,1.1439500604411217,0.3577980227180995,1.2455818802768348,nan,0.702298780674504,0.3679140947667601,-7.093463897705078,4.109663009643555,1.333916425704956,-7.14,4.44,1.65
1743701230.342047,2c08d2cc-7a1c-9d34-25ea-6265acb43d72,c36e8fcc-9f44-5cd8-fc38-93d7da1a9943,20,-74.0,-63.0,-69.0,-63.0,nan,nan,-50.0,2.917379523519368,-1.250177830528039,-2.9995697347652848,-1.1168946074528434,nan,nan,-3.0849326326127193,0.5435214176599908,1.3036748778733327,0.4331145486114941,1.1278344737367254,nan,nan,0.9067918938542352,nan,nan,nan,-7.14,4.44,1.65
1743701231.360429,2c08d2cc-7a1c-9d34-25ea-6265acb43d72,f2e32fee-93d6-41ad-d65b-d8823e882a6b,28,-74.0,-65.0,-74.0,-62.0,-45.0,-58.0,-55.0,2.9870707208212157,-1.161783785522783,-2.986562589685229,-1.1365247678478174,2.7505948551532913,1.6244577441809627,-2.5632308623279525,0.7283119072720274,1.2676769294187318,0.3831601380167647,1.2304258305131939,0.4568896902466483,1.2561686529459903,0.7316857331565143,-7.11398696899414,4.114902019500732,1.3817168474197388,-7.14,4.44,1.65
1743701232.362758,2c08d2cc-7a1c-9d34-25ea-6265acb43d72,cdbc635c-3bfa-6a95-a456-6696a1404dab,2,-85.0,-70.0,-66.0,-68.0,-42.0,-60.0,-54.0,3.0091978610542482,-1.1988808205592598,-3.0051740909632474,-1.1416592092714357,2.7379548911922047,0.8504976433144813,-2.452322366514296,0.6735218952175004,1.2197112676575326,0.3999014677087889,1.2166393113401264,0.4216370981809365,0.9989866316384413,0.5425683145166389,-7.12757682800293,4.126708984375,1.413591980934143,-7.14,4.44,1.65
1743701233.359918,2c08d2cc-7a1c-9d34-25ea-6265acb43d72,bcc7d738-156d-088d-e9fd-de4fac5c953c,34,-79.0,-65.0,-77.0,-63.0,-44.0,-56.0,-56.0,3.0273014975123886,-1.0872673397998756,-2.9719455637262198,-1.1320965967452883,2.8155367438732584,2.2602727252790307,-2.3936375640954384,0.7814759929020341,1.3769494915799365,0.3597876037894704,1.2708871037967133,0.5344770481802276,0.9166834901258246,0.5673653865268347,-7.133949279785156,4.158418655395508,1.1296100616455078,-7.14,4.44,1.65
1743701234.363487,2c08d2cc-7a1c-9d34-25ea-6265acb43d72,c7c89945-0558-9325-3834-67de5dc60c04,5,-74.0,-66.0,-67.0,-71.0,nan,nan,-53.0,3.0351194732084252,-1.0689104367220683,-3.00483240739539,-1.1120350042537213,nan,nan,-2.3202988091270504,0.6200040086366768,1.295478200670287,0.32470055629621736,1.3281626440966114,nan,nan,0.45961953814336093,-7.133797645568848,4.23405885696411,1.2193268537521362,-7.14,4.44,1.65
1743701235.362939,2c08d2cc-7a1c-9d34-25ea-6265acb43d72,eeb2e7eb-304b-2bff-61c1-71febca38ee7,5,nan,-65.0,-68.0,-74.0,nan,nan,nan,nan,-1.0512636655489307,-3.0281334690369293,-1.0519781916693989,nan,nan,nan,nan,1.1623555662088234,0.31769387933675974,1.274313127381046,nan,nan,nan,nan,nan,nan,-7.14,4.44,1.65
1743701236.341158,2c08d2cc-7a1c-9d34-25ea-6265acb43d72,6fbae3ab-a27c-d4dc-348e-a7ec07c3102a,9,-82.0,-65.0,-74.0,-68.0,-49.0,-56.0,-55.0,3.0871374008842887,-1.0860104609234125,-3.0412322268584844,-1.0491244814033245,2.7095195001714965,2.6740483413694056,-2.280200706964698,0.5605434778204231,1.1990680407838925,0.3774358397012075,1.3165913423182718,0.3679140947754087,0.7635752551997452,0.41397280131264486,-7.137412071228027,4.272565841674805,1.310302495956421,-7.14,4.44,1.65
1743701237.272303,2c08d2cc-7a1c-9d34-25ea-6265acb43d72,e5171c0f-ff69-7fa0-7a1e-dfae17d71f0a,12,-78.0,-65.0,-75.0,-65.0,nan,-57.0,nan,3.1101311337360333,-1.089793747567979,-3.111536217527159,-1.1021404286976955,nan,1.3049364673890225,nan,0.542534050685844,1.2408350619498776,0.433558797170833,1.3022250529758936,nan,1.190261636415344,nan,nan,nan,nan,-7.14,4.44,1.65
1743701238.360518,2c08d2cc-7a1c-9d34-25ea-6265acb43d72,02cb831f-d4e8-0f91-cba1-f4b07c0d0429,1,-89.0,-72.0,-67.0,-65.0,-41.0,-59.0,-55.0,3.1343168974916966,-1.1311475792908388,2.9250973643584177,-1.1512922624084156,2.7279925720218654,0.8067350697827113,-2.3192426297504296,0.5734051477259335,1.152588023436794,0.4195929140983484,1.263904961208798,0.3707124683376571,0.9989866316357292,0.3743599157625504,-7.1340594291687,4.29418420791626,1.395803451538086,-7.14,4.44,1.65
1743701239.340736,2c08d2cc-7a1c-9d34-25ea-6265acb43d72,15bb34f4-5c8b-3c3c-f8cd-1c068dc77273,5,-76.0,-66.0,-67.0,-73.0,-44.0,-60.0,-54.0,-3.1211169395487186,-1.1054653853186593,-2.922159365043842,-1.1581645496013653,2.701508721627129,0.6482261496014092,-2.2859152428727207,0.3422731917225098,1.2405342579047531,0.4427630480827967,1.2507349638280836,0.3019905957684253,0.795452316455254,0.4025660375368858,-7.127594947814941,4.305022239685059,1.3627595901489258,-7.14,4.44,1.65
1743701240.341967,2c08d2cc-7a1c-9d34-25ea-6265acb43d72,83578c4a-c999-7efc-8dbe-f305c3c9d8a3,30,-75.0,-64.0,-75.0,-63.0,-44.0,-56.0,-54.0,-3.0931950270997834,-1.1085153705570727,-3.0118852569102468,-1.1234260100262627,2.7472445380460107,1.9238883646054377,-2.3644138400221353,0.4497105362870273,1.3986989955703955,0.34927477538638263,1.2609676276844948,0.4730146870261785,1.141291139184972,0.5390873741574701,-7.129915237426758,4.29535675048828,1.4455020427703857,-7.14,4.44,1.65
1743701241.339519,2c08d2cc-7a1c-9d34-25ea-6265acb43d72,c218608d-ba9f-7517-8799-c95a04c97687,21,-72.0,-63.0,-71.0,-63.0,-44.0,-61.0,-50.0,-3.112828915920283,-1.0991399782555578,-3.0286189633036504,-1.0676783252437432,2.8085952119362756,2.026258148914019,3.043015537933147,0.5656985587424894,1.5007569211805212,0.44784219562428224,1.210741607948091,0.5675060559454772,1.120664177003092,1.0101015971087997,-7.132325172424316,4.305901050567627,1.4730520248413086,-7.14,4.44,1.65
1743701242.341648,2c08d2cc-7a1c-9d34-25ea-6265acb43d72,f8da2835-2833-a278-dc49-9a9e09157b5d,25,-71.0,-64.0,-74.0,-63.0,-44.0,-57.0,-52.0,-3.0979956412807597,-1.136358453437742,-3.0182728487848016,-1.1827921317818728,2.860185644493725,2.51235976689945,-2.477662781078292,0.7758692398590903,1.4064549196130336,0.31709669875182306,1.1995443471448533,0.6265956528488427,0.9506573207286362,0.5356127632237072,-7.13330316543579,4.303603649139404,1.0454604625701904,-7.14,4.44,1.65
1743701243.366007,2c08d2cc-7a1c-9d34-25ea-6265acb43d72,8cf4abfd-5181-bd00-70e6-064080c1e6f7,5,-79.0,-67.0,-67.0,-73.0,-45.0,-60.0,nan,-3.076338548980127,-1.1560200391335789,-3.0617694599207392,-1.1875056605952043,2.7568229052059814,1.1824788410304168,nan,0.5772992218718473,1.2627977519855973,0.26072074097864006,1.2228540640599352,0.4245756351770753,1.1349671724782116,nan,-7.134400367736816,4.296781539916992,0.917872190475464,-7.14,4.44,1.65
1743701244.34138,2c08d2cc-7a1c-9d34-25ea-6265acb43d72,3aba5019-7121-56ab-85f6-73b9b166c334,23,-75.0,-63.0,-72.0,-62.0,-43.0,-58.0,-50.0,-3.1140206805080934,-1.111940595193078,-3.049276038614959,-1.3180213266655896,2.8085952119362756,2.274206106388573,3.0034571562780736,0.6544533289173966,1.407768523820715,0.3059063621674191,1.1575432341190497,0.5675060559454772,1.081614539066353,0.8854323010083227,-7.134564399719238,4.32602834701538,0.8778064846992493,-7.14,4.44,1.65
1743701245.363286,2c08d2cc-7a1c-9d34-25ea-6265acb43d72,49a8e3c8-7379-55ad-621f-6dc66fb917b8,14,nan,-64.0,nan,-64.0,-46.0,nan,nan,nan,-1.0937448133612206,nan,-1.3563977442897408,2.747937471854295,nan,nan,nan,1.2929517929021832,nan,1.1489179211385556,0.5571004120089559,nan,nan,nan,nan,nan,-7.14,4.44,1.65
1743701246.342224,2c08d2cc-7a1c-9d34-25ea-6265acb43d72,4399314f-0bf3-f336-d92d-dd7565600164,12,-78.0,-64.0,-74.0,-65.0,nan,nan,-52.0,-3.121264478673109,-1.0799681478841863,-3.0680641074732504,-1.36454781617371,nan,nan,-2.673054519981368,0.5878930103720736,1.3258711271366528,0.26672846621320895,1.1893634817716436,nan,nan,0.5251500895971056,nan,nan,nan,-7.14,4.44,1.65
1743701247.363828,2c08d2cc-7a1c-9d34-25ea-6265acb43d72,beaea5cc-8b02-efb4-99e4-5a085939c4ba,16,-75.0,-63.0,-70.0,-63.0,-45.0,-66.0,-50.0,-3.1194556596607272,-1.0180493862237348,-3.03807371780565,-1.416580391235569,2.7596880668709685,1.3151644930654187,-2.0808996855935282,0.6310878187774773,1.4101745567075468,0.26956917692421245,1.191507459607212,0.5931997762015031,1.1187435215761765,0.7428327457364223,-7.135637283325195,4.318267822265625,1.1616849899291992,-7.14,4.44,1.65
1743701248.361484,2c08d2cc-7a1c-9d34-25ea-6265acb43d72,7b6fd190-59f2-3195-d643-2e5186d86c5e,32,-76.0,-64.0,-75.0,-63.0,nan,nan,-55.0,3.130041991309901,-0.9693343109317875,-3.03547527153006,-1.3840761106569883,nan,nan,-2.273770476750161,0.763617433843208,1.387741552423319,0.2503084635514596,1.1615302525870075,nan,nan,0.6912673266985924,nan,nan,nan,-7.14,4.44,1.65
1743701249.341597,2c08d2cc-7a1c-9d34-25ea-6265acb43d72,1059d933-bcfa-fcca-009b-0b54dd7840c6,24,-72.0,-63.0,-74.0,-62.0,-44.0,-61.0,-51.0,3.1210223973300213,-1.0352640595100069,-3.057259662930799,-1.3371264448516547,2.83114134640392,2.3005595160993177,-2.167386067892026,0.7617076144464849,1.4448889946747843,0.22641856034814697,1.1618024276504135,0.6568519537401133,1.0940589885097984,0.3498452660649397,-7.139983177185059,4.265161514282227,1.1502680778503418,-7.14,4.44,1.65
1743701250.340436,2c08d2cc-7a1c-9d34-25ea-6265acb43d72,d7591ba4-fccf-2a6c-ebfe-4b90cd1ab6ad,24,-73.0,-63.0,-74.0,-62.0,-46.0,nan,-50.0,3.1250714674513778,-1.0591201239227188,-3.0582753925705553,-1.3315664302858419,2.870928877787774,nan,-3.093880763662104,0.8374107647511319,1.4613053854243054,0.23318848228669653,1.1364651130393997,0.6799332996450266,nan,0.7499236657799582,-7.13932228088379,4.310729026794434,1.10867977142334,-7.14,4.44,1.65
1743701251.343021,2c08d2cc-7a1c-9d34-25ea-6265acb43d72,39cc81d0-fa03-a5ba-eb1d-0d35724ae563,1,-81.0,-76.0,-67.0,-64.0,-41.0,-57.0,-55.0,-3.013436281929109,-1.011527038398022,3.105148891968713,-1.3435702294252105,2.7955847592506027,1.0640924567784606,-2.673054519981368,0.8250212067278652,1.229315824970849,0.3272473372466601,1.1567237794516325,0.5314273026885232,1.0663166621297384,0.5251500895971056,-7.13926362991333,4.332791328430176,1.1513537168502808,-7.14,4.44,1.65
1743701252.272821,2c08d2cc-7a1c-9d34-25ea-6265acb43d72,bdabd96d-ea93-3ecc-e91f-379b9c1b22f3,28,-75.0,-64.0,-77.0,-62.0,nan,nan,nan,-3.0342387658359358,-1.006713774201867,3.0597904649147014,-1.2986510907930073,nan,nan,nan,0.8587342961252328,1.414860521803596,0.2859412093968267,1.175003051383664,nan,nan,nan,nan,nan,nan,-7.14,4.44,1.65
1743701253.36111,2c08d2cc-7a1c-9d34-25ea-6265acb43d72,d99d5f20-b153-5cc9-49ae-941449958de5,29,-76.0,-64.0,-76.0,-62.0,nan,nan,nan,-3.0551682825267594,-1.0342280898459664,3.0662560874091955,-1.2953928463573499,nan,nan,nan,0.8214080294979275,1.4103351453212787,0.2740994303202758,1.1695387774590393,nan,nan,nan,nan,nan,nan,-7.14,4.44,1.65
1743701254.342681,2c08d2cc-7a1c-9d34-25ea-6265acb43d72,03cb57e7-663c-b1df-d36f-b454b492b2d8,32,-79.0,-64.0,-78.0,-63.0,-45.0,-56.0,-55.0,-3.0826204133594053,-1.0426605899635388,-3.103165369588822,-1.16055380457333,2.825457523029843,2.3254693151657033,-2.554209455378846,0.7740734037570225,1.4352831057809232,0.29145075705998263,1.2014190793942143,0.5872000986774557,0.8705058824766527,0.5602182823199899,-7.14443826675415,4.3615946769714355,1.3051396608352661,-7.14,4.44,1.65
1743701255.340692,2c08d2cc-7a1c-9d34-25ea-6265acb43d72,7ce6678e-c6e7-e9a9-4e87-a088f05d294a,5,-79.0,-66.0,-67.0,-74.0,-44.0,nan,-52.0,-3.11767001014983,-0.9655150716125048,-3.0263920280001266,-1.1577248617053932,2.7597105523132783,nan,-2.420433216056197,0.6155825620158999,1.2831031568749611,0.21269251157658087,1.3443583919498192,0.4083889262144469,nan,0.42391020943315527,-7.15434980392456,4.373424530029297,1.331024408340454,-7.14,4.44,1.65
1743701256.361088,2c08d2cc-7a1c-9d34-25ea-6265acb43d72,e217e933-a224-353f-0975-e3cac2a2a1aa,12,-76.0,-63.0,-74.0,-66.0,-45.0,-57.0,-53.0,-3.1114171742264323,-0.9826915285371344,-3.0264511501763263,-1.189814088628085,2.6991218470296716,1.1213202170674295,-2.3497131435046676,0.5817037574197021,1.326361548251391,0.15944483597785944,1.32958170948346,0.31777206661650215,1.082384491863985,0.2898021773600504,-7.162033557891846,4.36291217803955,1.338578701019287,-7.14,4.44,1.65
1743701257.364311,2c08d2cc-7a1c-9d34-25ea-6265acb43d72,34f1219a-33fe-885c-aaed-89f7d1f6c49c,2,-82.0,-72.0,-66.0,-68.0,-42.0,-56.0,-54.0,-3.1039890853139833,-1.1080509152629627,-3.0781811901383525,-1.2187095196134994,2.6991218470296716,0.7941972749071103,-2.3377829456934744,0.5294222433749479,1.2188205734309556,0.19603284106148122,1.26380922056761,0.31777206661650215,0.8234833530631789,0.32636745951226936,-7.164361476898193,4.348992824554443,1.8495484590530396,-7.14,4.44,1.65
1743701258.361597,2c08d2cc-7a1c-9d34-25ea-6265acb43d72,bd4adbc0-ef97-d7b9-fe61-d77c75103cd2,0,-86.0,-80.0,-66.0,-63.0,-42.0,-58.0,-55.0,-3.0404511217107637,-1.2367091596310722,-3.0412069268281283,-1.2212569663542145,2.725192450066849,0.7517437942049922,-2.3192426297504296,0.57354503026219,1.1607990817097262,0.2672490975615626,1.3000597698516048,0.38668434172948135,0.6476188775040727,0.3743599157625504,-7.166648864746094,4.3469977378845215,2.0406994819641113,-7.14,4.44,1.65
1743701259.364441,2c08d2cc-7a1c-9d34-25ea-6265acb43d72,5d01967d-6fd3-e8a4-5e4a-69648f6adb41,33,-81.0,-64.0,-79.0,-63.0,-44.0,-55.0,-55.0,-3.0196097556520214,-1.2357765206173266,-3.000171342855533,-1.2157119986485607,2.835558816864329,1.9862344361919264,-2.355720658709458,0.6770463891831384,1.3487165219156796,0.3537985872615593,1.2860229135360695,0.5373516787548388,0.9530677818374981,0.47438892250087866,-7.167598247528076,4.321932792663574,2.1298842430114746,-7.14,4.44,1.65
1743701260.340394,2c08d2cc-7a1c-9d34-25ea-6265acb43d72,26f0910a-076f-22c4-26b9-fb7bc5fb13b9,3,-81.0,-70.0,-66.0,-69.0,nan,-56.0,-54.0,-3.09365495502004,-1.216905893765243,-3.0640232931512728,-1.1780110918349085,nan,1.0904760783101761,-2.3324995855985104,0.6001730458955107,1.3230680169312898,0.33415903922374274,1.2577160411515627,nan,0.9303769340158193,0.4356813963978915,-7.15803861618042,4.386718273162842,2.213151693344116,-7.14,4.44,1.65
1743701261.362185,2c08d2cc-7a1c-9d34-25ea-6265acb43d72,6bae19d3-bcd5-bda9-5b3b-2ea363fe997b,34,-81.0,-64.0,-79.0,-63.0,-44.0,-56.0,-57.0,-3.10855880342845,-1.1455691292258359,-3.0272205374152503,-1.1551983207792351,2.863612455288621,2.253503443341213,-2.3535381942903704,0.7011294214997522,1.4058395962431705,0.3916568868956352,1.2201189976204234,0.6098205370210883,0.8705058824725119,0.5188838770373372,-7.147984981536865,4.40788745880127,2.206014633178711,-7.14,4.44,1.65
1743701262.364984,2c08d2cc-7a1c-9d34-25ea-6265acb43d72,6ff9a0e1-1972-a95a-b5fa-f274a1882a16,1,nan,-75.0,-65.0,-65.0,-42.0,nan,-55.0,nan,-1.174373879576133,-3.0731800399272924,-1.1875738375191103,2.7792653944688306,nan,-2.3202988091270504,nan,1.3101279835107038,0.4076947092962015,1.2416871403406484,0.5118951113951508,nan,0.45961953814336093,nan,nan,nan,-7.14,4.44,1.65
1743701263.362225,2c08d2cc-7a1c-9d34-25ea-6265acb43d72,bc78e9d8-cb8f-0da0-b3f9-81d2fb4df3b8,22,-73.0,-62.0,-72.0,-63.0,-44.0,-61.0,-49.0,3.086691587717809,-1.148086482246233,-3.0372579915637585,-1.1778276000358017,2.8389879675944223,2.4716203815944953,3.086159849356896,0.6059071646175875,1.4297232243731648,0.43632638746515695,1.2055874591324063,0.6235719058624987,0.7870295068682215,0.8893660016343607,-7.142437934875488,4.37269163131714,2.190800666809082,-7.14,4.44,1.65
1743701264.272693,2c08d2cc-7a1c-9d34-25ea-6265acb43d72,d80b5114-2b8c-4f02-278d-175ce3159ce2,10,-87.0,-65.0,-75.0,-69.0,nan,nan,nan,-3.0039277315730906,-1.0831821838457483,-3.043364087311092,-1.1598025268298184,nan,nan,nan,0.6501372768967598,1.3566237135082333,0.4371580260945614,1.2435124709517886,nan,nan,nan,nan,nan,nan,-7.14,4.44,1.65
1743701265.34014,2c08d2cc-7a1c-9d34-25ea-6265acb43d72,9f02c2a5-a638-1c99-8be1-2c906cf385e3,9,-82.0,-66.0,-75.0,-69.0,-46.0,nan,-55.0,-2.9665009971936613,-1.11212928015631,-3.0508001657068116,-1.1860839320472656,2.700372877718175,nan,-2.653063707718498,0.6497814785751252,1.2479769942031975,0.40222937010714077,1.3046201669022564,0.4153637401638544,nan,0.587129657237589,-7.147330284118652,4.34701681137085,2.1432735919952393,-7.14,4.44,1.65
1743701266.361609,2c08d2cc-7a1c-9d34-25ea-6265acb43d72,7cdd9093-627d-07be-77bc-e98f48439bbc,2,-86.0,-74.0,-67.0,-66.0,-42.0,-59.0,-55.0,-3.0567344875638356,-1.129845826150008,-3.066640381554494,-1.1660403158930566,2.7122622505317144,1.4347373783350874,-2.458886858377934,0.6016313263294109,1.1161952613505886,0.4258504438431668,1.3338656704129617,0.3520546744477794,1.0947988113000366,0.5290628588199567,-7.161718368530273,4.312768459320068,2.113973379135132,-7.14,4.44,1.65
1743701267.341341,2c08d2cc-7a1c-9d34-25ea-6265acb43d72,fb2ce395-cb2c-411e-7158-5f8067232612,11,-80.0,-64.0,-73.0,-68.0,nan,-57.0,nan,-3.0954975961782654,-1.090618395399522,-3.075842668385154,-1.1489733148892294,nan,0.654750865385917,nan,0.5798411425533008,1.2917444488219958,0.3973142732888042,1.2741386903296454,nan,0.941606182942447,nan,-7.151934623718262,4.3731536865234375,2.088092803955078,-7.14,4.44,1.65
1743701268.34255,2c08d2cc-7a1c-9d34-25ea-6265acb43d72,00f918f2-37a0-56a0-0182-d183b2434bcf,1,nan,-75.0,-67.0,-64.0,nan,nan,nan,nan,-1.1082426628614486,-3.101462810703934,-1.1651437627120815,nan,nan,nan,nan,1.175009709286389,0.4490534012880502,1.2892730353304023,nan,nan,nan,nan,nan,nan,-7.14,4.44,1.65
1743701269.364754,2c08d2cc-7a1c-9d34-25ea-6265acb43d72,4877f720-1bd1-86af-2390-3d64448a6872,8,nan,-66.0,-73.0,-70.0,nan,nan,-56.0,nan,-1.0604766050239507,-3.11661220256485,-1.1282323500035834,nan,nan,-2.3614983416541273,nan,1.2470374309706176,0.3757370425313596,1.3031112198286172,nan,nan,0.4180090237563268,nan,nan,nan,-7.14,4.44,1.65
1743701270.364167,2c08d2cc-7a1c-9d34-25ea-6265acb43d72,e9154efd-40fd-8a51-b4f8-8f082d227de0,19,nan,-62.0,-70.0,-64.0,-44.0,-69.0,-50.0,nan,-1.0664447490268183,-3.1103340666110975,-1.1629289447915172,2.7437295394983225,1.0022188106543368,3.0822516438327043,nan,1.3479141114792381,0.4095277963640166,1.2489072363719622,0.48911666643243196,1.0018390784798197,0.9416398246273296,-7.13945770263672,4.473361492156982,2.0415713787078857,-7.14,4.44,1.65
1743701271.342249,2c08d2cc-7a1c-9d34-25ea-6265acb43d72,367b9af0-f2d1-a40b-4d03-451ceeb5914a,6,nan,-67.0,-69.0,-73.0,nan,nan,nan,nan,-1.0517775224812616,-3.1111242265065235,-1.1663692162876815,nan,nan,nan,nan,1.3235006474503734,0.4122570038491298,1.3188807287493582,nan,nan,nan,nan,nan,nan,-7.14,4.44,1.65
1743701272.315628,2c08d2cc-7a1c-9d34-25ea-6265acb43d72,6890d7eb-14cb-fbc1-fe65-8bd265f34a2c,24,nan,-63.0,-75.0,-63.0,-45.0,-60.0,nan,nan,-0.9948479268069645,-3.103103850567641,-1.1519162410518213,2.80097071914241,2.1008711533948627,nan,nan,1.3578885818679667,0.37565901191142026,1.2817844926612088,0.6004519771043143,1.1424474626738788,nan,-7.130613803863525,4.5991792678833,2.0247435569763184,-7.14,4.44,1.65
1743701273.340901,2c08d2cc-7a1c-9d34-25ea-6265acb43d72,c7d4c33a-cf94-4957-86c8-9ab025a08a0e,21,-73.0,-62.0,-71.0,-63.0,-44.0,-62.0,-50.0,-2.9991084752644825,-0.9577290538495493,-3.1084765117507667,-1.1250753056893488,2.8389879675944223,2.27194972885838,2.3969423738004,0.4635481215739973,1.4145958035912418,0.47722358692960865,1.1454321095877509,0.6235719058624987,1.0340272071263,0.9851361017464135,-7.122169017791748,4.629559516906738,2.0505447387695312,-7.14,4.44,1.65
1743701274.344037,2c08d2cc-7a1c-9d34-25ea-6265acb43d72,6f4b286e-82ee-86ce-578b-e16a111a3968,29,-75.0,-65.0,-77.0,-62.0,nan,-56.0,-55.0,3.0659487586194007,-0.9036366568425682,-3.0782882492141734,-1.1386443777594115,nan,2.671554121357707,-2.8420151652925267,0.5357376968734754,1.415735902853905,0.45919172266284564,1.2114976793815648,nan,0.8690855200781249,0.8677367875713197,-7.124722003936768,4.563568115234375,2.070188045501709,-7.14,4.44,1.65
1743701275.340991,2c08d2cc-7a1c-9d34-25ea-6265acb43d72,13ef22e5-8ff3-73e8-dc77-c9b83ae050df,11,-81.0,-64.0,-74.0,-67.0,-45.0,-57.0,-54.0,2.9296305971659504,-0.9280029829201393,-3.065227041963989,-1.1135105286556797,2.7728234213152736,1.1220938491630332,-2.5199153941284207,0.49249611670142696,1.3779652212196924,0.3859857186438252,1.2279830460033188,0.44366936107497085,1.2207226082799278,0.4857217719666825,-7.136526107788086,4.4810614585876465,2.0607786178588867,-7.14,4.44,1.65
1743701276.326425,2c08d2cc-7a1c-9d34-25ea-6265acb43d72,39db9944-ead7-a807-c5ef-ae6b88640857,15,-75.0,-63.0,-71.0,-64.0,-46.0,-64.0,-51.0,3.0386449658594716,-0.9601296272561468,-3.016615297322337,-1.1423408453524415,2.763161027972889,0.9213817280421909,-1.967580629725402,0.5585347885682307,1.413053167529814,0.42549308091439175,1.261149921061111,0.49241947153321713,0.8920787801725638,0.7385475768381908,-7.153438091278076,4.46285057067871,2.0310513973236084,-7.14,4.44,1.65
1743701277.342914,2c08d2cc-7a1c-9d34-25ea-6265acb43d72,2b3e1fad-69b6-881c-6ba7-02658d03b4c6,22,-74.0,-62.0,-73.0,-62.0,-43.0,-61.0,-50.0,3.025927306389908,-0.9966081431294525,-3.0090966609328245,-1.4160747901026176,2.8048719726466897,1.8487565193521076,3.141592653589793,0.567685143757634,1.4405441805143748,0.42313408611031317,1.2124332478725095,0.5839900076511326,1.0974483564697992,1.2042771839694455,-7.177253246307373,4.472416400909424,2.0005311965942383,-7.14,4.44,1.65
1743701278.343393,2c08d2cc-7a1c-9d34-25ea-6265acb43d72,af4aa944-c97a-556d-9d87-0127cb5b6aea,31,-77.0,-65.0,-76.0,-63.0,-45.0,-55.0,-55.0,3.099649996949917,-0.9622051618516999,-3.0953170338563583,-1.2383667110935375,2.817885513986583,2.504490496243245,-2.7315431106399046,0.6654040475827206,1.3684999472313875,0.3909609696132839,1.314682388448903,0.6203361015884801,0.8541813233020553,0.9187104573110334,-7.176461696624756,4.546545505523682,1.9540404081344604,-7.14,4.44,1.65
1743701279.342168,2c08d2cc-7a1c-9d34-25ea-6265acb43d72,08e83957-80ae-ad4f-ce80-b25a69d0fd1c,18,-73.0,-62.0,-69.0,-64.0,-45.0,-69.0,-51.0,3.1168353754641984,-0.9830045831232733,-2.998846420213219,-1.3704508458879248,2.817885513986583,1.798405563666638,2.4880406789093836,0.7988065136957248,1.3772074187315106,0.4482914043211513,1.2896943474148528,0.6203361015884801,1.0137595409722546,1.1615792772772577,-7.1570844650268555,4.56984519958496,1.8618124723434448,-7.14,4.44,1.65
1743701280.365372,2c08d2cc-7a1c-9d34-25ea-6265acb43d72,e36f3285-f498-40c8-e3f9-5e598ebccaac,29,-75.0,-66.0,-78.0,-63.0,nan,nan,nan,3.1327562850929103,-1.0160217885278031,-3.0465945017133587,-1.3772271261235773,nan,nan,nan,0.8412432532968377,1.3628858704954459,0.4048651672170195,1.2917903883507997,nan,nan,nan,-7.15113639831543,4.5731353759765625,1.8201594352722168,-7.14,4.44,1.65
1743701281.362184,2c08d2cc-7a1c-9d34-25ea-6265acb43d72,6fa0d3b6-cd22-cda6-a4a6-c7492339b864,12,-79.0,-64.0,-74.0,-65.0,nan,-59.0,nan,3.0777966296769455,-1.0330304663037577,-3.0687306966940975,-1.3063419005469927,nan,0.9570348659777956,nan,0.6928989887298896,1.3347809988796218,0.4504112139698272,1.262835702031131,nan,0.9590646228133042,nan,-7.146015644073486,4.54637575149536,1.813171148300171,-7.14,4.44,1.65
1743701282.342992,2c08d2cc-7a1c-9d34-25ea-6265acb43d72,5b7db700-b719-2bf8-d24b-8ec9e92f21af,23,-74.0,-62.0,-73.0,-62.0,-43.0,nan,nan,3.0896743281386985,-0.9569209176167647,-3.0039815274271096,-1.2249046980992961,2.860185644493725,nan,nan,0.656271269256512,1.424396902193006,0.4569802336936438,1.2882479846268307,0.6265956528488427,nan,nan,nan,nan,nan,-7.14,4.44,1.65
1743701283.361914,2c08d2cc-7a1c-9d34-25ea-6265acb43d72,cb528909-4e25-cf0d-9440-8cadb82009a2,11,-85.0,-64.0,-74.0,-67.0,-45.0,-57.0,-53.0,3.0528811597825993,-0.9079855989026677,-3.032122085401541,-1.2566059024511635,2.753785939330749,0.6057779687477984,-2.701569673102002,0.57489864846525,1.3503098911958737,0.40391455186591574,1.2764344683473483,0.4407429387768898,0.7751404674199514,0.700816698790523,-7.139378547668457,4.5168194770813,1.7527315616607666,-7.14,4.44,1.65
1743701284.343355,2c08d2cc-7a1c-9d34-25ea-6265acb43d72,2f99e089-d678-948a-cac3-7de5f66f4515,14,-77.0,-63.0,-73.0,-65.0,-46.0,-62.0,-52.0,3.106575813680777,-0.9239021143155809,-2.9968306735841383,-1.2746466883075782,2.7472445380460107,0.6918208420757415,-1.8308834464075237,0.6246674034424874,1.3603884911832242,0.40239894688955163,1.2684821361743173,0.4730146870261785,0.7075437886277283,0.8800815374328602,-7.13665246963501,4.586608409881592,1.6474944353103638,-7.14,4.44,1.65
1743701285.341064,2c08d2cc-7a1c-9d34-25ea-6265acb43d72,144810f1-2c5b-c8e4-0ac3-d79d04015d7d,3,-82.0,-72.0,-67.0,-71.0,-43.0,-57.0,-55.0,3.097699497767543,-0.9608472160118685,-3.029991822845586,-1.2521919792604657,2.7306466951451904,0.6734953247183839,-2.159986424757013,0.5214166146906015,1.3194249457181162,0.3946766785451897,1.2642282689651336,0.35472146592593906,0.6804575871597289,0.6354029213360173,-7.131536960601807,4.741825103759766,1.6020524501800537,-7.14,4.44,1.65
1743701286.342987,2c08d2cc-7a1c-9d34-25ea-6265acb43d72,529298df-67bf-93a9-dcb8-d5cd1d5ab0f7,7,-78.0,-66.0,-71.0,-71.0,-45.0,-58.0,-55.0,-3.131347739192367,-0.9615588126551375,-3.047185457159247,-1.1618338529512764,2.7196261131890895,0.43389069799846103,-2.2098956681943043,0.5088301491942373,1.268091050968239,0.37423062546075625,1.275890118220536,0.30436462731152647,0.6850031071763487,0.4928592705180706,-7.128170013427734,4.862492561340332,1.60252320766449,-7.14,4.44,1.65
1743701287.342687,2c08d2cc-7a1c-9d34-25ea-6265acb43d72,54803634-a379-3b14-556b-f8a3f4d6eb50,11,-86.0,-63.0,-74.0,-67.0,-45.0,-57.0,-54.0,3.0298043363048452,-0.9601948747028535,-3.072389081083539,-1.2447729450957234,2.7037553848544613,0.4276171375693054,-2.2254254766423407,0.39552602719584323,1.2982894335169746,0.32024751792700945,1.229359500812726,0.28619189951171026,0.6010650010290116,0.31309123137199024,-7.12669324874878,4.96111249923706,1.6108973026275635,-7.14,4.44,1.65
1743701288.273741,2c08d2cc-7a1c-9d34-25ea-6265acb43d72,fa547a58-e961-550f-19e3-2625548d060f,24,-74.0,-63.0,-75.0,-63.0,nan,nan,-52.0,3.041429567095259,-0.9551854686924145,-3.064456855776738,-1.2774592527348108,nan,nan,-2.095907657954502,0.5067255195637748,1.4083866435097223,0.3390655806370775,1.2384414127621146,nan,nan,0.1998387070373924,-7.124676704406738,5.00575828552246,1.6704440116882324,-7.14,4.44,1.65
1743701289.365163,2c08d2cc-7a1c-9d34-25ea-6265acb43d72,f3ea84a9-4462-fc4b-0e25-b098d954dc0c,12,-82.0,-63.0,nan,-66.0,-45.0,-58.0,-53.0,3.009099324093915,-0.9486247713470045,nan,-1.2551985549731108,2.6991218470296716,0.44804799963870917,-2.2270694452519706,0.5043175225956388,1.4233755799149612,nan,1.2323931076104353,0.31777206661650215,0.596611667446701,0.1957178150385102,-7.125125408172607,4.935218334197998,1.7719084024429321,-7.14,4.44,1.65
1743701290.364054,2c08d2cc-7a1c-9d34-25ea-6265acb43d72,19cc79a4-b9ef-da57-9b59-d4a70255f377,33,-77.0,-65.0,nan,-63.0,-44.0,-55.0,-55.0,3.0632999785992077,-0.9759653157299758,nan,-1.1327751701910405,2.7665391442686222,1.9592009641566968,-2.3438279099126724,0.6439869060963036,1.4497995974087814,nan,1.2063878721980297,0.4761901352021297,1.0965920620014216,0.4114460850850751,-7.124924182891846,4.909655570983887,1.892199993133545,-7.14,4.44,1.65
1743701291.339966,2c08d2cc-7a1c-9d34-25ea-6265acb43d72,abb75724-0908-6b57-61a5-d4953513f2cb,36,-79.0,-65.0,nan,-64.0,nan,-58.0,nan,3.0785849253596087,-0.9379371064183529,nan,-1.0741250392944979,nan,2.5632308623279525,nan,0.7861002392398204,1.4226037958310558,nan,1.2463418132938888,nan,0.7316857331565143,nan,-7.12303924560547,4.813651084899902,1.9535987377166748,-7.14,4.44,1.65
1743701292.364885,2c08d2cc-7a1c-9d34-25ea-6265acb43d72,89b77622-9c82-36e0-d9c8-1b1c3d8f82a4,3,nan,-71.0,nan,-72.0,-43.0,nan,-55.0,nan,-1.0500600498942694,nan,-1.092282737922767,2.7624533824901785,nan,-2.3192426297504296,nan,1.2721365258221238,nan,1.183723705531183,0.39218390688214055,nan,0.3743599157625504,-7.115538120269775,4.747551441192627,2.00481104850769,-7.14,4.44,1.65
1743701293.361303,2c08d2cc-7a1c-9d34-25ea-6265acb43d72,1b854809-e552-7561-b23f-62c888fabb74,14,nan,-63.0,nan,-64.0,-46.0,nan,-52.0,nan,-1.0631970240774669,nan,-1.15059051946118,2.7348021876595374,nan,-1.8059705273075657,nan,1.2355422955994542,nan,1.1603692475097875,0.4376770715652228,nan,0.6823832862622375,-7.106083869934082,4.661017894744873,2.078282594680786,-7.14,4.44,1.65
1743701294.36519,2c08d2cc-7a1c-9d34-25ea-6265acb43d72,7904f20c-4e89-9d5f-5979-ae95a8195961,18,nan,-62.0,-70.0,-64.0,nan,nan,nan,nan,-1.0296546433059732,-2.93425064902502,-1.1650524162866918,nan,nan,nan,nan,1.2997155562807117,0.6314846297798994,1.1905676300585228,nan,nan,nan,-7.092134952545166,4.583147048950195,2.1010138988494873,-7.14,4.44,1.65
1743701295.339711,2c08d2cc-7a1c-9d34-25ea-6265acb43d72,c9dbd7f2-3b88-b356-2a74-660a3564fe97,9,nan,-65.0,-74.0,-68.0,-45.0,nan,-56.0,nan,-1.0547384249812117,-2.9496884612319914,-1.1363351507782038,2.6783586392088914,nan,-2.0976261220913197,nan,1.3739391874417655,0.569166127639827,1.1975793337345382,0.3307914407848161,nan,0.5092778562127073,-7.083675384521484,4.470850467681885,2.055053234100342,-7.14,4.44,1.65
1743701296.362472,2c08d2cc-7a1c-9d34-25ea-6265acb43d72,65444e06-2885-c6b5-177a-116b0c089ac5,18,nan,-62.0,-70.0,-63.0,nan,nan,nan,nan,-1.0536418684023714,-2.939166311765088,-1.1383687405865883,nan,nan,nan,nan,1.4285656814053616,0.6616461941265644,1.0832275907423343,nan,nan,nan,nan,nan,nan,-7.14,4.44,1.65
1743701297.364794,2c08d2cc-7a1c-9d34-25ea-6265acb43d72,90544a85-e1af-ac83-d8b9-d150f70e073e,19,nan,-62.0,-70.0,-63.0,-45.0,-66.0,-51.0,nan,-1.040954302653125,-2.9777174327567484,-1.136693212786765,2.7792653944688306,2.0236570668961025,-3.013449276902923,nan,1.4636823898552553,0.6928022494032925,1.0696442707604394,0.5118951113951508,0.9609100595486306,1.1488497537166908,-7.071297645568848,4.36420774459839,1.996518611907959,-7.14,4.44,1.65
1743701298.363382,2c08d2cc-7a1c-9d34-25ea-6265acb43d72,e5853c4e-37ae-779b-cd30-64a181fb06a2,28,-75.0,-65.0,-77.0,-62.0,-45.0,-57.0,-56.0,-2.8356271359566607,-1.0698025956872448,-2.9763810585217465,-1.1479463999728947,2.788288159223671,2.5279209529761544,-2.4609988529076317,0.7582060902452488,1.4479265962141288,0.6277580684665515,1.1171954114979679,0.5642223183712205,0.8625511333374835,0.7648684877302755,-7.0554633140563965,4.253703594207764,2.017932176589966,-7.14,4.44,1.65
1743701299.339653,2c08d2cc-7a1c-9d34-25ea-6265acb43d72,12c27e4c-4a1c-bfd2-4be7-e3cb1894ca3a,28,-74.0,-66.0,-77.0,-62.0,-45.0,-59.0,-56.0,-2.9059918466981896,-1.0621109869849326,-2.9751235138550114,-1.1968496275958564,2.8217602477282044,2.7130094549338852,-2.3053471676494097,0.6826970178050413,1.3271961829370216,0.5425205351433119,1.1428997097071945,0.6037784874430636,0.7904542644498758,0.5586150362892573,-7.0349273681640625,4.158475399017334,1.9892072677612305,-7.14,4.44,1.65
1743701300.365587,2c08d2cc-7a1c-9d34-25ea-6265acb43d72,1ce39f31-6fff-3110-f458-1f6806b9093e,11,-86.0,-63.0,-73.0,-67.0,-45.0,-57.0,-54.0,-2.941411889196243,-1.08634002710831,-2.998661330517458,-1.217630939372017,2.7409532687067104,1.2760650571141565,-2.324168332510174,0.638684352628874,1.3314383322374088,0.44735230714176216,1.2246410451513783,0.405576042568867,1.2236250783269897,0.3624512720798521,-7.022229194641113,4.147818565368652,1.8448758125305176,-7.14,4.44,1.65
1743701301.362804,2c08d2cc-7a1c-9d34-25ea-6265acb43d72,6d8d9f97-e351-0d5d-1103-397237cda5d4,16,-75.0,-62.0,-70.0,-63.0,-46.0,-69.0,-51.0,-2.958680358336535,-1.053461306080464,-3.021365311442602,-1.2330583652507372,2.759618094318326,1.1339595836614234,-1.828570769089431,0.6433279734635907,1.3838488098579502,0.44050981406350787,1.225369153393406,0.5086264940497297,1.006224480536602,0.6373081013547781,-7.01935338973999,4.151674270629883,1.697957158088684,-7.14,4.44,1.65
1743701302.342936,2c08d2cc-7a1c-9d34-25ea-6265acb43d72,effce67e-2cf1-ae8c-5576-939580c4de8f,35,-78.0,-65.0,-79.0,-63.0,-43.0,nan,-57.0,-3.023205023123629,-1.081720108407295,-3.0068540129788692,-1.1830115762556954,2.8048719726466897,nan,-2.087557245879661,0.6556440948197982,1.4858757096413766,0.5023590339299946,1.2728989888422135,0.5839900076511326,nan,0.6690271014447305,-7.031100749969482,4.173383712768555,1.58871066570282,-7.14,4.44,1.65
1743701303.363156,2c08d2cc-7a1c-9d34-25ea-6265acb43d72,54a36c3e-22be-9d94-8763-b14945218a58,32,-77.0,-65.0,-80.0,-63.0,-45.0,-55.0,-55.0,-3.04523043060302,-1.0245268597850803,-3.0206329421428304,-1.1120678942931839,2.8389879675944223,2.3203796513040817,-2.295105711382259,0.6709421576485678,1.4758955134563043,0.4207005227957124,1.2586639933415769,0.6235719058624987,0.9286820993841454,0.6684151564385666,-7.0459184646606445,4.17352056503296,1.4863866567611694,-7.14,4.44,1.65
1743701304.339387,2c08d2cc-7a1c-9d34-25ea-6265acb43d72,14440c5b-541a-6de6-a3c3-a193d7c60ca8,0,-89.0,-79.0,-67.0,-63.0,-42.0,-61.0,-55.0,3.130259305254852,-1.0474534809773544,-3.0258804347547223,-1.1303461009607791,2.8085952119362756,1.3160998299357785,-2.3535381942903704,0.5979118223929517,1.484792069393823,0.44693612164241,1.3366084600196342,0.5675060559454772,1.0095908235121844,0.5188838770373372,-7.066428184509277,4.16730260848999,1.4246729612350464,-7.14,4.44,1.65
1743701305.342439,2c08d2cc-7a1c-9d34-25ea-6265acb43d72,acaed1ac-b740-e3e9-2255-e48f2255987f,16,-75.0,-62.0,-69.0,-63.0,-46.0,-75.0,-50.0,3.118680946099623,-0.9840808996778289,-3.0052944658445186,-1.1860570341202556,2.7843762051122867,1.1882096777219606,-1.8795364780683292,0.6424654421655412,1.4332697559968235,0.4009396344807291,1.3027891104947724,0.5805858376491649,0.8846081912379229,0.6956295311758073,-7.0823588371276855,4.15125560760498,1.3689756393432617,-7.14,4.44,1.65
1743701306.343133,2c08d2cc-7a1c-9d34-25ea-6265acb43d72,c88d200b-187e-edcd-ef04-3df639402404,33,-78.0,-65.0,-80.0,-63.0,-44.0,-56.0,-55.0,-3.1408653442960928,-0.9915388159944867,-2.979186965046254,-0.9798362203744058,2.817885513986583,2.249705435684241,-2.1628769260500476,0.7399844757508175,1.3866706953489982,0.4499785168717165,1.2635267923340068,0.6203361015884801,0.8476017076825884,0.7099151806285355,-7.089933395385742,4.15764284133911,1.348587155342102,-7.14,4.44,1.65
1743701307.340852,2c08d2cc-7a1c-9d34-25ea-6265acb43d72,2dc9e86b-8fb1-48d0-5aad-acf348fe6701,13,nan,-64.0,-73.0,-65.0,-45.0,-61.0,-52.0,nan,-1.0519723327150008,-2.9720526228020407,-0.9964358366069244,2.759618094318326,1.2957346107473375,-1.5876483241992823,nan,1.4162071492087944,0.49850567285924524,1.2656350838109682,0.5086264940497297,1.0428663504598157,0.7677978022438534,-7.098645210266113,4.155545234680176,1.3122889995574951,-7.14,4.44,1.65
1743701308.363243,2c08d2cc-7a1c-9d34-25ea-6265acb43d72,c21ed86a-46e5-8ad2-6fa0-f496087b4bdc,21,-73.0,-62.0,-71.0,-63.0,nan,nan,nan,-3.1307011236796956,-1.0317413631781047,-2.9472870888770673,-1.0840248080146495,nan,nan,nan,0.8089839835385443,1.446382495414101,0.5775168687119341,1.193019069841941,nan,nan,nan,nan,nan,nan,-7.14,4.44,1.65
1743701309.342502,2c08d2cc-7a1c-9d34-25ea-6265acb43d72,1aba4d97-89a3-d1f7-6944-c6f3bbcf50b5,4,-82.0,-69.0,-66.0,-76.0,-44.0,-60.0,-54.0,-3.1241129957750577,-1.0720833268447885,-2.9637488865231734,-1.1241105755844674,2.7279925720218654,0.7948334547191293,-2.0464018923246563,0.7146709298525327,1.2753203349053135,0.5050815835123825,1.0797893166169874,0.3707124683376571,0.8814065243946028,0.6511591895637656,-7.106406211853027,4.147841930389404,1.262190341949463,-7.14,4.44,1.65
1743701310.366203,2c08d2cc-7a1c-9d34-25ea-6265acb43d72,3579bf41-fa37-64e4-e4a0-03afa5212006,32,-78.0,-65.0,-78.0,-63.0,nan,-56.0,nan,-3.1307440005732463,-1.0653129055635346,-2.9536568375723182,-1.0881750782574289,nan,2.224996406389147,nan,0.7725555350937319,1.4169850585632067,0.4329650786953134,1.1119810752416472,nan,0.961718286274274,nan,nan,nan,nan,-7.14,4.44,1.65
1743701311.3428,2c08d2cc-7a1c-9d34-25ea-6265acb43d72,f662f35f-400e-f598-f1af-8915f850049f,6,-78.0,-66.0,-69.0,-73.0,-45.0,-61.0,-54.0,-3.061394220523147,-1.0710638687795064,-2.9556363652105744,-1.0949095468639667,2.6834186309169406,1.0527789204036748,-2.1857113292849295,0.6752077427665477,1.2698167793546102,0.4052876444344469,1.1719550635160683,0.2995234982508454,1.1043274534669119,0.49355076280479493,-7.09477663040161,4.1512932777404785,1.2242438793182373,-7.14,4.44,1.65
1743701312.34197,2c08d2cc-7a1c-9d34-25ea-6265acb43d72,90f1c188-ad42-11fc-a289-8ae9648e0593,3,-85.0,-70.0,-67.0,-71.0,-43.0,-59.0,-54.0,-3.042329449227597,-1.2042199259126507,-2.982452000542691,-1.0594279853447321,2.705864803799215,0.7657807673217706,-2.244704708899615,0.5194880865872207,1.195681298825639,0.4718476966636611,1.219108461144793,0.27037708660949644,0.8565946367633785,0.4395667969317272,-7.07841920852661,4.1545867919921875,1.2270944118499756,-7.14,4.44,1.65
1743701313.363167,2c08d2cc-7a1c-9d34-25ea-6265acb43d72,c2a4d4e6-0f12-6e40-7675-d14737301aa5,21,-74.0,-62.0,-71.0,-63.0,-45.0,-60.0,-50.0,-3.0266594093735706,-1.2405268010537012,-2.971076574262527,-1.0799823957960182,2.7889780533935933,1.6082056722183453,3.141592653589793,0.5596106390695955,1.3580113535942195,0.5170760615879358,1.1830676357966419,0.46284322619154084,1.1341375093105297,0.9250245036368583,-7.06376838684082,4.15916633605957,1.2356312274932861,-7.14,4.44,1.65
1743701314.343151,2c08d2cc-7a1c-9d34-25ea-6265acb43d72,49615216-6301-de02-582a-f72a002df050,28,-75.0,-65.0,-77.0,-62.0,-45.0,-58.0,nan,-3.036708847746984,-1.1172781026498149,-2.999558549488706,-1.1428861275856352,2.8323498806867446,2.448659810689697,nan,0.6997650174942773,1.2985542848873832,0.4700416406809102,1.2228242366557265,0.5539856232098793,1.0057991891095455,nan,-7.04161834716797,4.175909996032715,1.227468490600586,-7.14,4.44,1.65
1743701315.366453,2c08d2cc-7a1c-9d34-25ea-6265acb43d72,5f576733-64d9-9085-9804-c5707a96acc6,4,-79.0,-69.0,-67.0,-75.0,-43.0,-60.0,-53.0,-3.0919329550591947,-1.0894154455351333,-3.0347194664126955,-1.1296420943266168,2.7624533824901785,1.165910798940192,-2.650074346313074,0.6662043940693169,1.2885634360579508,0.4488413803757663,1.212581585945227,0.39218390688214055,1.1123949421505506,0.6539010294878257,-7.0244140625,4.212387561798096,1.223873257637024,-7.14,4.44,1.65
1743701316.342278,2c08d2cc-7a1c-9d34-25ea-6265acb43d72,e2327827-81e0-b55f-d30d-1e377cd13859,7,-78.0,-65.0,-71.0,-71.0,-46.0,-61.0,-55.0,-3.077514600917506,-1.0932377474896695,-3.0711704185687188,-1.1051942755196893,2.6991218470296716,0.5762161342106532,-2.4527317619229123,0.5682140475501238,1.2438416376625225,0.46058851736507855,1.3598517310655192,0.31777206661650215,0.9303769339856325,0.4955509711313365,-7.01373291015625,4.226775169372559,1.1751391887664795,-7.14,4.44,1.65
1743701317.343296,2c08d2cc-7a1c-9d34-25ea-6265acb43d72,c803bf37-9b0d-9473-1715-9450bee36717,28,-75.0,-66.0,-77.0,-62.0,-45.0,-58.0,-56.0,-3.084733631684384,-1.0581553938178376,-3.0768711811981424,-1.0584062635925233,2.785895533831645,2.09923482975502,-2.34416578234579,0.6180112317719977,1.3720483430678092,0.43284976382011303,1.324890418065231,0.47921342928869115,1.2664187476270763,0.45491397780903625,-7.01028060913086,4.257630348205566,1.2644836902618408,-7.14,4.44,1.65
1743701318.365077,2c08d2cc-7a1c-9d34-25ea-6265acb43d72,822115c2-3637-a480-c48b-40ec012dc8a7,16,-75.0,-62.0,-69.0,-64.0,-45.0,-73.0,-50.0,-3.1145615685254886,-1.0657121134109375,-2.9964256067823367,-1.1579771962186782,2.7955847592506027,1.1978848625070113,-1.859786692108074,0.582495049158592,1.363576561324158,0.44819882618375745,1.2613215617933666,0.5314273026885232,1.0806854424721208,0.6642818233153893,-7.0066351890563965,4.290233612060547,1.3264949321746826,-7.14,4.44,1.65
1743701319.343985,2c08d2cc-7a1c-9d34-25ea-6265acb43d72,7bf4480a-3f28-b038-32ea-7b74a5b9f694,31,-79.0,-65.0,-75.0,-63.0,-46.0,-56.0,-55.0,-3.1156377519219896,-1.0239815775518866,-2.988064346223924,-1.097438218318997,2.813825099091688,2.325324266928894,-2.1986642829357645,0.6563331211728292,1.3878962820826526,0.43706571427327656,1.2745284439551783,0.6368716902616456,0.9520117227298517,0.6799116074893329,-7.004639625549316,4.323500156402588,1.4059189558029175,-7.14,4.44,1.65
1743701320.366559,2c08d2cc-7a1c-9d34-25ea-6265acb43d72,875f6c24-a848-25ee-3949-20cc8077adf0,21,-74.0,-62.0,-71.0,-63.0,-42.0,-62.0,-50.0,3.1355536695019293,-1.0027455310195945,-2.9963100255910273,-1.1079304072236367,2.83114134640392,2.325324266928894,3.055946709518106,0.70679616224625,1.4447698182160034,0.4807290060039391,1.217356900095848,0.6568519537401133,0.9520117227298517,1.1505511769652346,-6.99952507019043,4.38380002975464,1.5067157745361328,-7.14,4.44,1.65
1743701321.363663,2c08d2cc-7a1c-9d34-25ea-6265acb43d72,88977408-9522-4686-63de-6c33ffc4edd4,18,-74.0,-62.0,-69.0,-64.0,-45.0,-80.0,-52.0,3.0531155179585268,-0.9686954185862776,-2.9940324902267914,-1.0432177232635833,2.83114134640392,1.5707963265886302,2.130827630410573,0.6366474338691269,1.4012608233809971,0.49032271093581326,1.1933528970845824,0.6568519537401133,1.064650843716541,1.048561248837589,-7.00681447982788,4.411534309387207,1.5767985582351685,-7.14,4.44,1.65
