1743699948.313046,2c08d2cc-7a1c-9d34-25ea-6265acb43d72,4da889d5-4c4f-b41f-8a77-ea9387f66aed,12,-76.0,-71.0,-80.0,-72.0,-53.0,nan,nan,-2.80532275959654,0.9132916810585415,-2.709432448754929,-0.1216729059868862,-0.9578806107921142,nan,nan,1.1057097303486743,0.9884550751892566,0.35129604807472553,1.1410665227708385,0.39588167469679264,nan,nan,nan,nan,nan,-4.74,6.84,1.65
1743699949.312643,2c08d2cc-7a1c-9d34-25ea-6265acb43d72,4a6a6915-8c03-c70d-c44e-fce25be3fa93,20,-71.0,-67.0,-71.0,-79.0,-53.0,-52.0,-62.0,-2.7862499988177194,0.9107603464424212,-2.609853393487449,-0.11459608802221863,-1.0472683363842246,-2.4573461773085006,-2.470932054618552,1.1343729336870334,0.9814354486089986,0.28996108461473324,1.0629304416523497,0.39720150931514436,0.5765260527580284,0.8230429432004183,-5.357685089111328,6.258976459503174,1.588343858718872,-4.74,6.84,1.65
1743699950.314392,2c08d2cc-7a1c-9d34-25ea-6265acb43d72,891f601e-1b16-ca1e-f0d9-93f5aedd2455,21,-71.0,-67.0,-72.0,-80.0,-53.0,-52.0,-63.0,-2.702656834309549,0.9078529734803819,-2.5468515242116627,-0.11002264148222554,-1.0909971567013181,-2.398703755047092,-2.355720658709458,1.127113556029641,0.9599689054843604,0.27103930842496343,1.0057485780437951,0.39390529407876623,0.6348163411504439,0.47438892250087866,-5.356118202209473,6.250420093536377,1.587799310684204,-4.74,6.84,1.65
1743699951.311303,2c08d2cc-7a1c-9d34-25ea-6265acb43d72,dc958324-4fdc-aee9-a286-7acc5be9283f,27,-74.0,-67.0,-74.0,-77.0,-62.0,-52.0,-60.0,-2.926250246794313,0.890148544869644,-2.6114832480745775,-0.12305615185707335,-1.0091794155706255,-2.5199153941284207,-2.1870294533400934,1.034888886691442,0.9434126321985831,0.2661609299401562,1.0611820098176856,0.2982967753381612,0.4857217719666825,0.6369164019042486,-5.33552360534668,6.244776248931885,1.6847548484802246,-4.74,6.84,1.65
1743699952.314555,2c08d2cc-7a1c-9d34-25ea-6265acb43d72,6190da96-0964-454f-5031-07ef19b45d6c,12,-75.0,-69.0,-79.0,-72.0,-54.0,-51.0,-60.0,-2.579677914124088,0.9057251077694084,-2.5931180891973913,-0.10252877249085157,-0.8924144342524004,-2.495709490746506,-2.320711500834174,1.0843363978621887,0.9909721618935451,0.2741049730242945,1.2686521790099188,0.24830782651678845,0.494080679308986,0.41670069538204885,-5.246081829071045,6.322237014770508,1.5515027046203613,-4.74,6.84,1.65
1743699953.313681,2c08d2cc-7a1c-9d34-25ea-6265acb43d72,1ce5a90b-cda3-cf46-bf91-36a5f1eb976a,19,-72.0,-68.0,-70.0,-75.0,-52.0,-50.0,-61.0,-2.5464531153125867,0.9003801434616194,-2.5121654489100345,-0.07111066216285979,-0.9779825865646251,-2.452322366514296,-2.26223451925484,1.097682629928039,0.9705907903340869,0.22869547985638067,1.1357880043322468,0.22200743321447475,0.5425683145166389,0.365884631348916,-5.23969554901123,6.373992919921875,1.465830683708191,-4.74,6.84,1.65
1743699954.312607,2c08d2cc-7a1c-9d34-25ea-6265acb43d72,8eccc0d8-39e8-ca0c-764c-4cb2e35f2041,19,-72.0,-68.0,-70.0,-75.0,-52.0,-51.0,-62.0,-2.5822364129833275,0.9210976725296729,-2.474771737728123,-0.14293425254953374,-1.0462409800779027,-2.419651392329246,-2.2298190400365794,1.131666363071186,0.8815067868694186,0.26974224910555394,1.0678291933194959,0.2498524026683364,0.562018240661349,0.3024339459997411,-5.239511966705322,6.397951126098633,1.4164636135101318,-4.74,6.84,1.65
1743699955.312423,2c08d2cc-7a1c-9d34-25ea-6265acb43d72,269fdf8a-8af7-6ecb-17a5-fd4956103dda,23,-72.0,-68.0,nan,-77.0,-54.0,-54.0,-61.0,-2.6344173261179042,0.9085472595765655,nan,-0.1807663200468724,-1.0553887786879044,-2.4310495213165955,-3.0481525066319666,1.0229629850139583,0.7580112800115095,nan,1.0333855322560925,0.3438771421758607,0.582624566322924,0.3650588331861452,-5.22321653366089,6.408567905426025,1.391838788986206,-4.74,6.84,1.65
1743699956.313025,2c08d2cc-7a1c-9d34-25ea-6265acb43d72,282291a5-8e3f-c4d4-071f-c06c6b1c757a,3,-74.0,-70.0,nan,-70.0,-60.0,-52.0,-56.0,-2.757905709019897,0.9118932551701409,nan,-0.15948606504048526,-1.3233012879886619,-2.5746314065088103,-1.4903798170525635,1.2845697596872678,0.7483944055781516,nan,1.1401882122433304,0.5450661215060603,0.6159493630068713,0.9927307584551981,-5.197308540344238,6.414371013641357,1.4036436080932617,-4.74,6.84,1.65
1743699957.312183,2c08d2cc-7a1c-9d34-25ea-6265acb43d72,9f10eaeb-bd7d-18b4-4f80-90e65130df01,11,-75.0,-70.0,nan,-71.0,-56.0,-51.0,-57.0,-2.611692306220149,0.8839156826544224,nan,-0.2455679535873345,-1.0380265206034915,-2.573703158151981,-0.9272985222773149,1.209844788451007,0.865421560201449,nan,1.2524673501171801,0.4157872926068989,0.5659537657237252,0.6376742394840512,-5.18833351135254,6.421048164367676,1.6303964853286743,-4.74,6.84,1.65
1743699958.313543,2c08d2cc-7a1c-9d34-25ea-6265acb43d72,be395c0f-852c-9cdf-596d-c99a4ec314f6,0,-71.0,-68.0,nan,-71.0,-56.0,-54.0,-61.0,-2.7009476175219365,0.8984528137807289,nan,-0.24156682036559943,-1.178263919636419,-2.6487517592441683,-1.6904679918397667,1.2849143727323238,0.8964316076714135,nan,1.1518937373406102,0.5493236940239796,0.5361710846189366,0.8489321322235825,-5.201946258544922,6.428259372711182,1.6013702154159546,-4.74,6.84,1.65
1743699959.312966,2c08d2cc-7a1c-9d34-25ea-6265acb43d72,d3859a4d-e667-bcee-88b4-7b9352a1d254,19,-72.0,-68.0,nan,-76.0,-53.0,-50.0,-61.0,-2.597344792163456,0.9252503396174333,nan,-0.2237595937367846,-1.0938753859806742,-2.5026439757504853,-2.0372396563487314,1.1250485409203936,0.9185060173148621,nan,1.1460190702920048,0.3676701501676539,0.5763979953502171,0.5880437283243611,-5.223350524902344,6.433865070343018,1.4520065784454346,-4.74,6.84,1.65
1743699960.313142,2c08d2cc-7a1c-9d34-25ea-6265acb43d72,bf9dfb07-d202-ef29-40cd-f3f839b9110e,10,-76.0,-70.0,-80.0,-71.0,-58.0,-54.0,-57.0,-2.544849359704141,0.9362555865060769,-2.665105730307214,-0.22591542263920378,-0.9837066927335639,-2.5348391822648684,-1.2620561752732478,1.1249368213126647,0.9231428470887991,0.29263866006421246,1.2267737045523137,0.28643579603389296,0.6035243991940429,0.6956295311368607,-5.20236587524414,6.44534969329834,1.450232744216919,-4.74,6.84,1.65
1743699961.311484,2c08d2cc-7a1c-9d34-25ea-6265acb43d72,788908de-06d1-76e5-13cc-1441fbf13385,11,-76.0,-69.0,-81.0,-72.0,-56.0,-52.0,-58.0,-2.5194899408560794,0.9201554461360028,-2.654388104816299,-0.296739262352662,-1.0257761982345794,-2.540893512998441,-0.9647880295969468,1.1721827637892699,0.9545187463135133,0.26930126291855044,1.1738012999417653,0.19644217379724652,0.5399447066224883,0.4738842969996543,-5.1738667488098145,6.459550380706787,1.4895033836364746,-4.74,6.84,1.65
1743699962.263527,2c08d2cc-7a1c-9d34-25ea-6265acb43d72,9051c51e-3e9f-5362-b1ed-5ad46bc26334,10,-76.0,-70.0,-81.0,-70.0,-58.0,-54.0,-58.0,-2.500651538253186,0.9154547004959039,-2.6401891951484324,-0.3138998734688056,-1.6102138708586002,-2.5873618516417403,-0.9713476099030357,1.1597973336656926,0.9832330823448021,0.24545338772619063,1.2118679919311401,0.6447395049448057,0.5863841896466973,0.3030981988736472,-5.173481464385986,6.463711738586426,1.6253597736358643,-4.74,6.84,1.65
1743699963.313669,2c08d2cc-7a1c-9d34-25ea-6265acb43d72,ee78a549-12d8-56d0-a2e5-61d93c01ddd6,26,-75.0,-68.0,-74.0,-76.0,-61.0,-51.0,-61.0,-2.5133721271999496,0.8916375182351072,-2.641501334617515,-0.33219818700263104,-1.2420801459806479,-2.5722362172150994,0.5034839079197402,1.0941343006706448,0.9587530392886846,0.29934393376730034,1.2496766236108863,0.5456614179611103,0.4526051482085601,1.3524164487245551,-5.099324703216553,6.475890159606934,1.6770527362823486,-4.74,6.84,1.65
1743699964.312569,2c08d2cc-7a1c-9d34-25ea-6265acb43d72,a7de6b11-ca63-94a6-f3bc-a54e14ae699b,3,-74.0,-71.0,-87.0,-70.0,-63.0,-52.0,-57.0,-2.565913099713905,0.9219528135556972,-2.62895012271608,-0.3586047607913117,-1.294190762793217,-2.6535517218241336,-0.743966966210066,1.4086903770320458,0.8794600144136382,0.317264844085148,1.2359096786718304,0.5716960493590327,0.5207749632359242,0.8667366554933728,-5.03273105621338,6.4956278800964355,1.638002872467041,-4.74,6.84,1.65
1743699965.312258,2c08d2cc-7a1c-9d34-25ea-6265acb43d72,18e68d30-8d36-c1f0-742a-750932184760,17,-75.0,-70.0,-71.0,-72.0,-54.0,-50.0,-61.0,-2.4586335141544606,0.9108745960531857,-2.540415196489159,-0.30436335992134084,-1.099928572082478,-2.5386867784785236,-2.0468472840309313,1.179311247079085,0.9315716187808454,0.29562326469786426,1.137084031676734,0.375635242630222,0.49118513418201853,0.848224611542527,-5.05478572845459,6.486062049865723,1.6069626808166504,-4.74,6.84,1.65
1743699966.311818,2c08d2cc-7a1c-9d34-25ea-6265acb43d72,7023d298-fbbf-2f55-b45e-0e5b9baf52b9,6,-75.0,-73.0,-85.0,-69.0,-62.0,-52.0,-56.0,-2.4968653221314203,0.9112341228003463,-2.616636464783881,-0.31130062824488824,-0.9500761034283888,-2.5851422153925667,-1.15761937664698,1.18197960133329,0.9021286418753108,0.2921886191295027,1.104720166266628,0.29992444719111727,0.5364179529812901,0.6673989637213474,-5.10244607925415,6.467010498046875,1.5720248222351074,-4.74,6.84,1.65
1743699967.264307,2c08d2cc-7a1c-9d34-25ea-6265acb43d72,d893d6af-72dd-40f5-ff6d-c3e0898ec5d9,28,-77.0,-68.0,-75.0,-76.0,-59.0,-52.0,-66.0,-2.562429685008081,0.9167130441109663,-2.704437423814376,-0.2987861679664969,-0.9669256373124194,-2.603565219665339,-1.5106632810347664,1.1696074870151634,0.9475181613350491,0.33430917493019596,1.1485666501907743,0.2932192398899506,0.4124442623896734,0.8536362199216175,-5.151857376098633,6.432250499725342,1.5464321374893188,-4.74,6.84,1.65
1743699968.312332,2c08d2cc-7a1c-9d34-25ea-6265acb43d72,9fabeacd-48a0-081b-1899-c269db000366,28,-79.0,-65.0,-73.0,-79.0,-58.0,-52.0,-63.0,-2.679864436436215,0.924569103010591,-2.7987516759228788,-0.3243216217626127,-0.9609547019447557,-2.602761745419793,-1.8055611317937355,1.0410063008734087,0.9983611023379699,0.399069596052789,1.1906417990948817,0.2273986168729339,0.3338028238584894,0.8304238711236803,-5.258345127105713,6.361446857452393,1.6135320663452148,-4.74,6.84,1.65
1743699969.26778,2c08d2cc-7a1c-9d34-25ea-6265acb43d72,ea19f89b-a247-6b58-a04d-58abc1ef7973,17,-73.0,-74.0,-71.0,-72.0,-52.0,-50.0,-59.0,-2.630712602725495,0.920869972256471,-2.4734257761131966,-0.3661465666823071,-1.0090805030889458,-2.5074365797856237,-2.2190394592256943,1.1685546062782004,0.950107219967797,0.30042950480664393,1.0888613082913152,0.25416710587576447,0.40468800106088104,0.5746031554522363,-5.30369758605957,6.310672283172607,1.695051670074463,-4.74,6.84,1.65
1743699970.313371,2c08d2cc-7a1c-9d34-25ea-6265acb43d72,651797d8-eb28-8dc5-84a2-4352fea8babf,29,-82.0,-68.0,-74.0,-77.0,-58.0,-52.0,-65.0,-2.6772923554554167,0.9072649475116922,-2.550564237087342,-0.35217881939705953,-0.9717575266178753,-2.5485692811531395,-2.1372802445123353,1.1162318132365499,0.9348007681815937,0.3001896538609687,1.2588038092988056,0.2024137609890738,0.32328638399599724,0.729026787225715,-5.382755756378174,6.270580291748047,1.6474601030349731,-4.74,6.84,1.65
1743699971.312647,2c08d2cc-7a1c-9d34-25ea-6265acb43d72,c9574c0c-054f-b34c-d37b-d05705264f30,27,-75.0,-67.0,-72.0,-76.0,-61.0,-51.0,-61.0,-2.7870377618681648,0.9202491894063736,-2.6304369655526716,-0.3251155100835653,-0.9489681917585642,-2.554764146572653,-2.0659801105365263,1.047529514226476,0.9390610269773936,0.2916100140931694,1.3181428999693519,0.187060080543947,0.2942785936810289,0.7293283754175681,-5.48831844329834,6.226398468017578,1.6290405988693237,-4.74,6.84,1.65
1743699972.315222,2c08d2cc-7a1c-9d34-25ea-6265acb43d72,ea5543a7-88a2-0ae3-fccb-9bbe7c0a12c4,8,-75.0,-71.0,-85.0,-69.0,-66.0,-53.0,-57.0,-2.8573007398560524,0.9131856872471563,-2.580077121971491,-0.3030735910054155,-1.559891285073436,-2.6182016566271185,-1.1844960227966386,1.045461702798084,0.9216813708615909,0.22897161637190824,1.260614359365896,0.5584101928382383,0.4315753518112263,0.7022987807048301,-5.58005714416504,6.204352855682373,1.6185972690582275,-4.74,6.84,1.65
1743699973.310811,2c08d2cc-7a1c-9d34-25ea-6265acb43d72,ecb32f06-a377-99d3-e93f-0b4fa2d09abd,7,-77.0,-72.0,-93.0,-69.0,-62.0,-52.0,-59.0,-2.957633203395916,0.9189362509889645,-2.62542010269118,-0.3030421657045525,-1.1083071216773832,-2.6433598525524262,-0.9409923313056996,1.0729991213646397,0.9717721020146187,0.2714414623943222,1.248997517532916,0.5188838769802377,0.4856496814790136,0.47319990531917466,-5.609143257141113,6.202551364898682,1.6672536134719849,-4.74,6.84,1.65
1743699974.263745,2c08d2cc-7a1c-9d34-25ea-6265acb43d72,6ba2b1a4-6d58-edd0-3792-2d75eecd6220,6,-76.0,-70.0,-92.0,-69.0,-61.0,-52.0,-56.0,-2.9161656546945096,0.9182701944003356,-2.6531896823257637,-0.2604907104394845,-1.477197180494341,-2.6487517592441683,-0.9331569689718341,1.118088502569526,0.8898543987272447,0.28406441319762066,1.2097522436031267,0.5868620966539363,0.5361710846189366,0.306549189174903,-5.6386332511901855,6.20809507369995,1.7748593091964722,-4.74,6.84,1.65
1743699975.261964,2c08d2cc-7a1c-9d34-25ea-6265acb43d72,a5781b8c-e7ae-4ccf-8baa-2733cb45fae0,25,-75.0,-68.0,-71.0,-75.0,-60.0,-51.0,-62.0,-2.837996284062395,0.9092689762319768,-2.6719772185518367,-0.2929581062369675,-1.1680368972740534,-2.6097838839772947,0.17025718178009605,1.0034613221415807,0.8885043092126291,0.23109723504071183,1.246026894494987,0.4235993128842335,0.46173631026124845,1.1464792569722855,-5.620062351226807,6.1887359619140625,1.8675975799560547,-4.74,6.84,1.65
1743699976.311948,2c08d2cc-7a1c-9d34-25ea-6265acb43d72,8dfa3f1b-0ae0-b566-5f10-f12dc9e35f0b,15,-74.0,-73.0,-73.0,-73.0,-53.0,-50.0,-61.0,-2.8424461599278086,0.9133420148031439,-2.7388230945450434,-0.306318386477568,-1.067393692587082,-2.516558103449,-2.430616770965214,1.1631534492714108,0.9111560256013799,0.27254827214335914,1.1406468085830421,0.29277966789008764,0.4378839886229148,1.019126887140245,-5.615699768066406,6.182509422302246,1.9380422830581665,-4.74,6.84,1.65
1743699977.264109,2c08d2cc-7a1c-9d34-25ea-6265acb43d72,d77ba3f6-1c33-1910-1961-2c51e6376b70,17,nan,-70.0,-71.0,-73.0,-53.0,-50.0,-59.0,nan,0.8855564562020203,-2.5249765853338606,-0.27869155227741305,-1.055506765651108,-2.4932321826467305,-2.4573461773085006,nan,0.948310252022266,0.3139148204604237,1.1360251588273187,0.22586918924569666,0.4466507468319483,0.5765260527580284,-5.640239715576172,6.166297912597656,2.0032176971435547,-4.74,6.84,1.65
1743699978.312603,2c08d2cc-7a1c-9d34-25ea-6265acb43d72,b5d58c72-6b76-1f37-96c2-6575835ad91b,8,-77.0,-71.0,-85.0,-69.0,-63.0,-54.0,-58.0,-2.8570429458625326,0.9026952293972254,-2.598737092781349,-0.22317476356140323,-1.6190700106154625,-2.5522406702430724,-1.3360315215077025,1.0497874087776726,0.8807949239100404,0.3098648848117129,1.145435571697168,0.5040373999063605,0.5110359833207349,0.8304238710893362,-5.5992889404296875,6.1823906898498535,2.059004068374634,-4.74,6.84,1.65
1743699979.314285,2c08d2cc-7a1c-9d34-25ea-6265acb43d72,e5d11536-b15d-f6d9-5388-9974a5321533,23,-73.0,-68.0,-71.0,-75.0,-54.0,-53.0,-63.0,-2.852422894003463,0.890283034504693,-2.5962856529979312,-0.225956435319991,-1.3872108722591274,-2.5156486206649045,3.0066476086488483,0.9705292047338788,0.866626174541519,0.3085584045599474,1.1595455317846257,0.5118951113404059,0.5482413140378767,1.0257037319703326,-5.656383991241455,6.163605690002441,2.090529680252075,-4.74,6.84,1.65
1743699980.311831,2c08d2cc-7a1c-9d34-25ea-6265acb43d72,b29b1738-e059-f568-46b9-1a22deecb36a,22,-71.0,-67.0,-71.0,-78.0,-54.0,-53.0,-63.0,-2.848537075656929,0.8805963186717477,-2.5860415375488324,-0.22343309018714091,-1.2943740357535505,-2.43454911022152,2.5933372667738057,0.9599939391986071,0.8476939620892275,0.32597298137554354,1.092747459532986,0.4917412337619279,0.6167259971993794,0.5715160116564529,-5.6814165115356445,6.135202407836914,2.1748929023742676,-4.74,6.84,1.65
1743699981.312945,2c08d2cc-7a1c-9d34-25ea-6265acb43d72,7fc1a1c8-2048-1cfd-a351-7c26880e0c98,33,-85.0,-68.0,-78.0,-78.0,nan,-57.0,-69.0,-2.944819137494891,0.8890156361419242,-2.6526266900713207,-0.19724915666559084,nan,-2.385839443842749,-1.5707963258382194,0.9955233044594086,0.8349927476393944,0.40486027365851646,1.2345519991481082,nan,0.4563226581256533,1.4660765716752369,-5.699633598327637,6.102817058563232,2.16411280632019,-4.74,6.84,1.65
1743699982.31089,2c08d2cc-7a1c-9d34-25ea-6265acb43d72,be580f4a-672b-662f-5090-1bd62b0d141f,34,nan,-68.0,-83.0,-76.0,-56.0,-57.0,-70.0,nan,0.9147106132873358,-2.826877320195205,-0.1974289200391712,-1.1817408904995346,-2.3614983416541273,-0.7128279146591266,nan,0.8114364220073711,0.4337046385300285,1.2171547661691111,0.4114460850419771,0.4180090237563268,0.8995728121887743,-5.696283340454102,6.047526836395264,2.094254493713379,-4.74,6.84,1.65
1743699983.312845,2c08d2cc-7a1c-9d34-25ea-6265acb43d72,8eddd74e-da18-8833-fd6a-67b42d6a15b3,3,nan,-73.0,-87.0,-70.0,-60.0,nan,-58.0,nan,0.9421166714331233,-2.846703489246409,-0.15119884036037667,-1.3760875832769324,nan,-0.7923294050200435,nan,0.8043496171886159,0.47454967332662823,1.2088627477990403,0.5642223183107011,nan,0.4866847064790007,-5.7354326248168945,5.982187747955322,2.0167834758758545,-4.74,6.84,1.65
1743699984.272992,2c08d2cc-7a1c-9d34-25ea-6265acb43d72,34a5112b-c57a-db5c-74b4-2d08e29e9383,1,nan,-69.0,-85.0,-70.0,-57.0,-54.0,-62.0,nan,0.9823716828902159,-2.8311351821460238,-0.17107321262731098,-1.6088023147318053,-2.5302065479616473,-1.7796217924609936,nan,0.8906982878976636,0.4485458360737948,1.1289519361301226,0.6273231891664437,0.45724053735874914,0.8175777292936078,-5.765610694885254,5.913931369781494,1.9676705598831177,-4.74,6.84,1.65
1743699985.264536,2c08d2cc-7a1c-9d34-25ea-6265acb43d72,d5ab8960-65c7-0dc9-f664-0bd7a2915c34,9,nan,-70.0,-85.0,-69.0,-62.0,-54.0,-56.0,nan,0.9371027380488309,-2.8243768782477296,-0.24809955451956384,-1.985851729795481,-2.5765541464250927,-1.0689152658213978,nan,0.9099567375834897,0.46191913251422306,1.1617289244043274,0.4620148445536803,0.5016669122436976,0.6561044433580847,-5.79015350341797,5.889021396636963,1.9108937978744507,-4.74,6.84,1.65
1743699986.313048,2c08d2cc-7a1c-9d34-25ea-6265acb43d72,dc11be2b-f755-e038-e6fd-2f0625cf5672,8,nan,-71.0,-83.0,-69.0,-62.0,-53.0,-56.0,nan,0.916563374457704,-2.8895383048514613,-0.2599122718507193,-1.3653038904276067,-2.6098117478305514,-0.8734503193867235,nan,0.8144820796090129,0.5104910628975787,1.1783832685972468,0.5607530287382824,0.5266027432239677,0.436551967359347,-5.76230764389038,5.850595474243164,1.8706618547439575,-4.74,6.84,1.65
1743699987.314007,2c08d2cc-7a1c-9d34-25ea-6265acb43d72,a77a082c-b12e-2139-10f9-ad8a2d0d3bd7,3,-73.0,-71.0,nan,nan,-61.0,-53.0,-57.0,-2.7747600566106816,0.9120458543006025,nan,nan,-1.5098448110045233,-2.6384938773292723,-0.9075562348129134,1.2173474458739781,0.8241104056350581,nan,nan,0.6082032149318285,0.5668395205481014,0.2917172520053268,nan,nan,nan,-4.74,6.84,1.65
1743699988.31335,2c08d2cc-7a1c-9d34-25ea-6265acb43d72,d87c3ff5-909e-1c87-1651-a8f1d28c72a8,9,-75.0,-73.0,-86.0,-69.0,-62.0,-53.0,-56.0,-2.8317876566130935,0.9358848744823378,-2.839705500850008,-0.2781583874271792,-1.9026876795815932,-2.6330196633243577,-0.9031096534011004,1.1179542792505859,0.8442194689730556,0.5193254673131577,1.1868931335444861,0.43553386995937715,0.5821072812768394,0.2216569236891685,-5.743684768676758,5.817279815673828,1.8284342288970947,-4.74,6.84,1.65
1743699989.314403,2c08d2cc-7a1c-9d34-25ea-6265acb43d72,50fd19b5-8100-f059-9ca3-4022bfa7c7cb,7,nan,-73.0,nan,-68.0,nan,-53.0,-57.0,nan,0.9654076130625201,nan,-0.2661315519443813,nan,-2.5933372667738057,-0.8799613517821566,nan,0.8100128292466691,nan,1.2228423461511388,nan,0.5715160116564529,0.20414847291735158,nan,nan,nan,-4.74,6.84,1.65
1743699990.264619,2c08d2cc-7a1c-9d34-25ea-6265acb43d72,d05953fa-a6fd-e31a-52e9-202d4d40f3f1,3,-74.0,-69.0,-87.0,-70.0,-59.0,-53.0,-57.0,-2.8377169184640456,0.9493213211301146,-2.806169112190967,-0.2764116200681962,-1.754617253901346,-2.627303602056259,-0.8573585818326787,1.3183429033672167,0.8361771219551798,0.4068613063225747,1.26253942535986,0.5675060559045023,0.5973274928515834,0.18549940212452934,-5.7627434730529785,5.782073020935059,1.7770203351974487,-4.74,6.84,1.65
1743699991.312908,2c08d2cc-7a1c-9d34-25ea-6265acb43d72,dda15f74-732a-0de6-7541-43c3b110c119,27,-74.0,-67.0,-72.0,-75.0,-59.0,-51.0,-62.0,-2.8754597700648667,1.0633347095058239,-2.8828540368314717,-0.247501142222623,-1.3466612906610278,-2.6052792463559125,-1.103788361366046,1.1320186992834034,0.8901514077678157,0.4021617258154528,1.3043316133981464,0.5732045356883373,0.4767593154088579,0.7236800559201125,-5.744458198547363,5.749229431152344,1.6735647916793823,-4.74,6.84,1.65
1743699992.312759,2c08d2cc-7a1c-9d34-25ea-6265acb43d72,caff1f44-20e3-a730-209b-4d8dae647a97,12,-74.0,-73.0,-81.0,-72.0,-54.0,-50.0,-58.0,-2.892066976306492,1.0052375840096364,-2.8924541999289892,-0.399853663967222,-1.0516746648957591,-2.581570584792622,-0.8931607689300669,1.1957731778832463,0.9704154211763051,0.2701182874514731,1.2665400259493769,0.4333132245932087,0.4869028733901217,0.46978569161618206,-5.75068473815918,5.713685035705566,1.5712810754776,-4.74,6.84,1.65
1743699993.316441,2c08d2cc-7a1c-9d34-25ea-6265acb43d72,5d75dfad-1e1a-e876-9bcb-9fe99dbca6c1,7,-76.0,-71.0,-87.0,-68.0,-64.0,-53.0,-56.0,-2.8973272520916162,1.0001517452759119,-2.8440887976881695,-0.347859971057278,-1.6252035311368322,-2.595647880075075,-0.842972274281722,1.0870340468883846,0.9645626586276653,0.2227689477455456,1.1846671303473435,0.5561293057599763,0.506679866830483,0.32680604174517125,-5.7679009437561035,5.685606479644775,1.4855542182922363,-4.74,6.84,1.65
1743699994.315832,2c08d2cc-7a1c-9d34-25ea-6265acb43d72,9c541b16-d762-33d6-2eca-ab7b5488c5d7,13,-74.0,-72.0,-76.0,-74.0,-53.0,-50.0,-58.0,-2.965230669353694,0.962710896142706,-2.8054119754930578,-0.4075339542349016,-1.2016493015777854,-2.557566705892278,-0.8544764135535795,1.1438298187179048,1.0391882939552661,0.20594550946816284,1.1812008930305509,0.4758160588543515,0.4965010962762216,0.24690743248943164,-5.76640272140503,5.663893699645996,1.566227912902832,-4.74,6.84,1.65
1743699995.263917,2c08d2cc-7a1c-9d34-25ea-6265acb43d72,431bb710-2eec-5ef9-a862-fb2d30372ae4,32,-80.0,-69.0,-78.0,-79.0,-56.0,-55.0,-64.0,-2.9770103634873317,0.9872026571076197,-2.900174171296911,-0.3386973653268604,-1.0819060413767079,-2.489236962221655,-1.063888343859313,1.1047242941663176,1.0094475090608335,0.30861443081137985,1.2581615880019335,0.31771013494131545,0.39977334021899325,0.6991695441932477,-5.72374391555786,5.66339921951294,1.614691972732544,-4.74,6.84,1.65
1743699996.313138,2c08d2cc-7a1c-9d34-25ea-6265acb43d72,4fa8ce99-0bd7-479d-99e0-bad5a28ae91c,12,-76.0,-71.0,-80.0,-71.0,-55.0,-50.0,-59.0,-2.9268683664833204,0.990708974998818,-2.8644193694498346,-0.46566490187693316,-1.0221004383142565,-2.5116718391814663,-0.8968879445174833,1.1489076679683592,1.0670133339195504,0.27163545703497766,1.18972820168293,0.23858210514568914,0.45201278576404247,0.43956679687861505,-5.66369915008545,5.67945957183838,1.640540599822998,-4.74,6.84,1.65
1743699997.315505,2c08d2cc-7a1c-9d34-25ea-6265acb43d72,f53c192e-d649-7700-fc8f-e24eea33f716,36,-87.0,-69.0,-88.0,-75.0,-55.0,-57.0,-70.0,-2.949481799931401,0.987043133758324,-2.873123645156649,-0.49507738558798625,-1.0421190979715025,-2.3770414151922665,-1.7658720637477547,1.0094634214483469,0.9885934929869137,0.29721936371817603,1.1343505631338768,0.28337377217249615,0.32462569272385783,0.784008561908352,-5.658050537109375,5.689995288848877,1.678465723991394,-4.74,6.84,1.65
1743699998.314311,2c08d2cc-7a1c-9d34-25ea-6265acb43d72,53b46820-3515-90ac-11ea-2fd5110f888c,0,-71.0,-71.0,-84.0,-71.0,-56.0,-54.0,-63.0,-2.995766474412542,0.9687727834159443,-2.7936112423868074,-0.4643692740066096,-1.3499445253921802,-2.5299898662952613,-2.1067596996466036,1.282656811076264,1.0221023845076993,0.3228406378804196,1.0932078535064333,0.5931997761373828,0.39521408423984306,0.630128603220771,-5.687039852142334,5.702322006225586,1.7092796564102173,-4.74,6.84,1.65
1743699999.313578,2c08d2cc-7a1c-9d34-25ea-6265acb43d72,dfc0a04c-a10e-b3fe-b4d6-2cbe808c2ce4,1,-71.0,-69.0,-82.0,-71.0,-57.0,-54.0,-60.0,-2.9051694625535727,0.9698023614933688,-2.6061883511952817,-0.39432973523417963,-1.4406823076723958,-2.6052792463559125,-2.274277487149777,1.272861571428898,1.0636254601178332,0.3200876949720911,1.0624632566181227,0.6343723579136236,0.4767593154088579,0.42530250783504575,-5.716734886169434,5.71008586883545,1.749286413192749,-4.74,6.84,1.65
1743700000.263233,2c08d2cc-7a1c-9d34-25ea-6265acb43d72,1d078f2f-c10d-d0b3-1328-2a4cad4a358e,13,-77.0,-70.0,-77.0,-72.0,-54.0,-50.0,-59.0,-2.870295368078985,0.9924456223456586,-2.695022883044837,-0.4095736693137932,-1.125277299439036,-2.5251701845601127,-2.3594621510830667,1.236275463847553,1.1009432712086775,0.22116212950184627,1.1509802730867131,0.43288039497878317,0.47150711373906923,0.3194733207224177,-5.757566928863525,5.7302985191345215,1.7879117727279663,-4.74,6.84,1.65
1743700001.313263,2c08d2cc-7a1c-9d34-25ea-6265acb43d72,76102982-0017-2c26-4d6b-3cf3fcafbbcb,6,-75.0,-69.0,-85.0,-68.0,-63.0,-52.0,-55.0,-2.8697230547607266,0.9848111384487286,-2.6822716677455376,-0.34432249418132577,-1.54982966634674,-2.5905078818327802,-1.4838602654641553,1.1822729485273622,0.9855650793533298,0.18192053406331274,1.2007168038147604,0.5406860802963555,0.5215729114004918,0.7816000651180506,-5.76826810836792,5.78320026397705,1.8826580047607422,-4.74,6.84,1.65
1743700002.314964,2c08d2cc-7a1c-9d34-25ea-6265acb43d72,2b400354-9b46-3775-10f6-fe4191efd59f,9,-75.0,-71.0,-82.0,-69.0,-62.0,-52.0,-57.0,-2.8313218697384386,0.993970814701947,-2.7516747110174387,-0.3234736712715315,-1.6882464657018157,-2.6098117478305514,-0.9995080487835579,1.147854520915287,0.9717495317243805,0.21554389157670148,1.1514485899644036,0.43934819200217895,0.5266027432239677,0.5724287479480114,-5.791173458099365,5.864898204803467,1.92026686668396,-4.74,6.84,1.65
1743700003.314285,2c08d2cc-7a1c-9d34-25ea-6265acb43d72,4cfebda0-50d1-ee42-3fe4-495c7cb65653,34,-81.0,-68.0,-84.0,-80.0,-55.0,-57.0,-69.0,-2.9562789859816103,1.0337888014241576,-2.7772061700719193,-0.27870433545064544,-1.3034990155678325,-2.4435551941072937,-1.9013987796055334,1.0208938420050213,0.9192013686754817,0.23849478082440898,1.1849816496720817,0.4141540813077441,0.4164413316187983,0.7849258535556577,-5.77692699432373,5.95087718963623,1.9697506427764893,-4.74,6.84,1.65
1743700004.316023,2c08d2cc-7a1c-9d34-25ea-6265acb43d72,1fde59fe-102f-4dc4-d52c-5375f274c28c,12,-75.0,-70.0,-81.0,-72.0,-54.0,-51.0,-59.0,-2.884676437965413,1.004086299470395,-2.6935197949255962,-0.39424051933766197,-1.123383129654425,-2.4748881446370397,-1.119374702932638,1.1045254226119159,0.9645838973373587,0.17999924642914553,1.10452702050857,0.31514848936645556,0.44115693144888446,0.6667681137479673,-5.723536491394043,6.068303108215332,1.9625324010849,-4.74,6.84,1.65
1743700005.316519,2c08d2cc-7a1c-9d34-25ea-6265acb43d72,704bbc7b-24d0-0d68-1d90-176528f4f4cb,35,-84.0,-68.0,-86.0,-76.0,-56.0,-57.0,-71.0,-3.0199019044236035,1.0011328538214972,-2.698353165987981,-0.3800527949463739,-1.0590688740831533,-2.363990581106925,-1.9552738888980672,1.0412598338091843,0.8624727085054316,0.1698416504259607,1.1201950629917785,0.23444305821639114,0.3621811083413312,0.7236919187052481,-5.7026214599609375,6.175091743469238,2.028679132461548,-4.74,6.84,1.65
1743700006.313059,2c08d2cc-7a1c-9d34-25ea-6265acb43d72,a78bd39b-a877-0ef7-d8f1-0022e4994322,26,-74.0,-68.0,-73.0,-75.0,nan,-51.0,-61.0,-3.0177529997400185,0.9742357257600239,-2.8623498269667333,-0.3748276728876384,nan,-2.4797558709620904,-1.970428494501487,0.9504896499003322,0.823265650937285,0.17539803643478838,1.2226820238535157,nan,0.36729548695831016,0.818729276702984,-5.700416564941406,6.274909496307373,2.068242073059082,-4.74,6.84,1.65
1743700007.313515,2c08d2cc-7a1c-9d34-25ea-6265acb43d72,af69a546-241b-a337-ef7e-a239a6678c3e,12,-75.0,-70.0,-82.0,-72.0,-55.0,-50.0,-59.0,-3.0088172953344756,0.9569283744678169,-2.68547891264632,-0.3601251594576379,-1.0426976577278622,-2.5029070363398773,-1.117727826211735,1.1039643611492633,0.8813637751188813,0.15155400618125234,1.1697205382034372,0.19106648497644788,0.41872459068216505,0.7097457278017034,-5.62436056137085,6.405035972595215,2.059677839279175,-4.74,6.84,1.65
1743700008.314475,2c08d2cc-7a1c-9d34-25ea-6265acb43d72,9191473b-ad5e-ae34-08a0-0049d70b37ef,34,-82.0,-68.0,-83.0,-80.0,-56.0,-57.0,-71.0,-3.123480761332273,0.9718412776239336,-3.0871152966472413,-0.3017164441139111,-1.0516322442071733,-2.3861876364720738,-1.995085337795916,0.9439816165654784,0.8651693588462185,0.14654727997666026,1.148302331452584,0.15983520860402173,0.35519894621740616,0.7462587700265648,-5.506102561950684,6.55935001373291,2.0584871768951416,-4.74,6.84,1.65
1743700009.314701,2c08d2cc-7a1c-9d34-25ea-6265acb43d72,90821514-80fc-0ee4-11c5-1b68a5e11495,5,-75.0,-70.0,-90.0,-69.0,-61.0,-52.0,-55.0,-3.0873624379964,0.931491191315925,2.9357425518676825,-0.3320162931001786,-1.3324231926022647,-2.557566705892278,-1.1703409530657594,1.162033456874978,0.9269775993214313,0.1210555769238274,1.191820381035296,0.4508647136059112,0.4965010962762216,0.6743052983348549,-5.395814418792725,6.722867965698242,2.072777032852173,-4.74,6.84,1.65
1743700010.264414,2c08d2cc-7a1c-9d34-25ea-6265acb43d72,8c9afb6f-e35c-b3cd-0a60-11f6509cc56b,33,-80.0,-68.0,-80.0,-83.0,-55.0,-57.0,-68.0,-3.074430926691303,1.0588185209292675,2.900600543387433,-0.339826279312945,-1.1339312707415512,-2.4484132382205868,-1.9802239571815077,1.0562240028162848,0.8638816538801379,0.18821879352805246,1.2133035689167475,0.33008555165274667,0.403042889366969,0.7533257754511615,-5.259809970855713,6.864898681640625,2.1030337810516357,-4.74,6.84,1.65
1743700011.315979,2c08d2cc-7a1c-9d34-25ea-6265acb43d72,5590ba3e-3ad2-0125-f0cf-aa7320037767,20,-71.0,-68.0,nan,-75.0,-53.0,-52.0,-63.0,-2.93873354808795,1.0349179817263514,nan,-0.2788002092498883,-1.1243781479859327,-2.401065844852163,-2.1514191843972017,1.0905620029634397,0.762659361641052,nan,1.1027479623213698,0.2833737721745275,0.5545264661970992,0.5629227755109568,-5.190603733062744,6.94609260559082,2.1335244178771973,-4.74,6.84,1.65
1743700012.316105,2c08d2cc-7a1c-9d34-25ea-6265acb43d72,4b21585f-ff8b-7c74-15a4-e851bf8582f2,20,-71.0,-68.0,nan,-75.0,-53.0,-52.0,-64.0,-2.8990154299066173,0.9971780596027295,nan,-0.2704666455668123,-1.1198630147439288,-2.370910299598859,-2.19326773897359,1.1391575689014697,0.7340175301704406,nan,0.9980401914266153,0.2758028344818387,0.6389584838838757,0.4834281148661098,-5.14276933670044,6.942194938659668,2.16871166229248,-4.74,6.84,1.65
1743700013.313604,2c08d2cc-7a1c-9d34-25ea-6265acb43d72,e8e9b601-7528-04c0-fecc-e7a7e7c2e94a,10,-74.0,-70.0,nan,-69.0,-59.0,-53.0,-57.0,-2.8856934991857144,0.9273153547266808,nan,-0.34369345553184905,-1.11862106325416,-2.508107203797934,-1.3635173041902109,1.1717582559115114,0.7964639972008911,nan,1.0901883614625016,0.1921311750819538,0.6111408174056975,0.6900442017247117,-5.08527135848999,6.94279956817627,2.16485857963562,-4.74,6.84,1.65
1743700014.314833,2c08d2cc-7a1c-9d34-25ea-6265acb43d72,b39b179c-47ad-7431-27eb-4a80daf77030,15,-74.0,-73.0,nan,-71.0,-53.0,-50.0,-59.0,-2.8463799151739644,0.9279699597226223,nan,-0.3588676147909025,-1.0567946273964468,-2.465200281427733,-0.9959837377448725,1.118788514462053,0.7756476648563956,nan,1.1006686993002905,0.1770773642874024,0.5154865037490154,0.5127650549408055,-5.061585903167725,6.9223456382751465,2.1796505451202393,-4.74,6.84,1.65
1743700015.314051,2c08d2cc-7a1c-9d34-25ea-6265acb43d72,8850824c-ee3f-8d0d-72d4-0a421ec0225f,29,-83.0,-68.0,nan,-79.0,-57.0,-52.0,-64.0,-2.8745982374522256,0.9425526309035692,nan,-0.3609304993712779,-1.0257761982345794,-2.5482816651092497,-1.3360315215077025,1.0182947965181859,0.8831727938683451,nan,1.1647588027765108,0.19644217379724652,0.39970413030851576,0.8304238710893362,-5.03134298324585,6.902226448059082,2.1870102882385254,-4.74,6.84,1.65
1743700016.313405,2c08d2cc-7a1c-9d34-25ea-6265acb43d72,b071d170-c41b-1a2f-010f-0cdab59e5ccb,28,-78.0,-68.0,-74.0,-79.0,nan,-51.0,-64.0,-2.7644672053136343,0.9491495472398045,-2.681781113472745,-0.3497364343613478,nan,-2.581405375476946,-1.6818912747072874,1.00674593187203,0.9313978475197178,0.23367507510736765,1.3062277840942829,nan,0.34519808479327574,0.9027157154499199,-5.011084079742432,6.88573408126831,2.2519540786743164,-4.74,6.84,1.65
1743700017.313783,2c08d2cc-7a1c-9d34-25ea-6265acb43d72,18e7a4c6-9bc2-f694-f663-4abb80153354,15,-75.0,-73.0,-74.0,-70.0,-53.0,-50.0,-63.0,-2.7464908679555995,0.9429872587934701,-2.730047712437123,-0.3404507905885686,-1.0004227605921956,-2.525712036975109,-1.0035992404289054,1.1335508158585261,0.9899587625197427,0.23490520585963204,1.1544342598624917,0.17367184028739976,0.40948228246057045,0.6544823027259324,-4.963350772857666,6.86726951599121,2.3378889560699463,-4.74,6.84,1.65
1743700018.313236,2c08d2cc-7a1c-9d34-25ea-6265acb43d72,ee3b783e-a40b-818b-d771-b6da3ad63186,19,-72.0,-68.0,-70.0,-74.0,-52.0,-51.0,-62.0,-2.7538294746554217,0.9211179125539575,-2.669363325941924,-0.26679734221690116,-1.0298894889017844,-2.465200281427733,-1.7658720637477547,1.2114345624637295,0.9584194783621522,0.20195178316320958,1.1620813937745995,0.14658998381638896,0.5154865037490154,0.784008561908352,-4.937531471252441,6.840826511383057,2.3993170261383057,-4.74,6.84,1.65
1743700019.316218,2c08d2cc-7a1c-9d34-25ea-6265acb43d72,610c84a7-5f07-1177-464b-dac64e7dfa31,24,-73.0,-68.0,nan,-75.0,-57.0,-53.0,-64.0,-2.761572082892609,0.9087648398376249,nan,-0.24421160564415711,-1.0720783349001377,-2.514435980898979,2.8585916792266572,1.064611229195326,0.8086296499555092,nan,1.154671414357563,0.30116364456717654,0.4998818759734909,0.9761472468448497,-4.888324737548828,6.816461086273193,2.430126428604126,-4.74,6.84,1.65
1743700020.312851,2c08d2cc-7a1c-9d34-25ea-6265acb43d72,4afd4f21-3f14-aed0-405b-920af99142ee,11,-75.0,-69.0,nan,-70.0,-55.0,-51.0,-58.0,-2.722085659726113,0.9168584527064847,nan,-0.21816162912543804,-0.9848298160695061,-2.5386867784785236,-0.7654201400270456,1.12506025882919,0.9385411779326103,nan,1.1975276684093905,0.2414118786008315,0.49118513418201853,1.0816145389456047,-4.833058834075928,6.79866600036621,2.4393162727355957,-4.74,6.84,1.65
1743700021.313976,2c08d2cc-7a1c-9d34-25ea-6265acb43d72,c42b3c15-e954-691b-2635-bb2b8230e312,10,-74.0,-70.0,nan,-69.0,-59.0,-53.0,-57.0,-2.679833011135352,0.9103696607105066,nan,-0.25164928193653047,-1.020126690839032,-2.5905078818327802,-0.7741021612921709,1.1832258275653924,0.9815461029522914,nan,1.1419083479914127,0.17825970555082854,0.5215729114004918,0.5720276657031819,-4.762977123260498,6.803437232971191,2.4375996589660645,-4.74,6.84,1.65
1743700022.3146,2c08d2cc-7a1c-9d34-25ea-6265acb43d72,5a5558c9-19c8-4e7d-9ed5-60ab110ad3e5,33,nan,-68.0,nan,nan,-55.0,-56.0,nan,nan,0.8838488373110616,nan,nan,-1.0150558049525515,-2.4616720776652454,nan,nan,0.8923925244041446,nan,nan,0.15991778695778222,0.4219892663489362,nan,nan,nan,nan,-4.74,6.84,1.65
1743700023.313279,2c08d2cc-7a1c-9d34-25ea-6265acb43d72,04bab47b-6719-8182-7887-95261cd8a835,9,-75.0,-71.0,nan,-69.0,-61.0,-54.0,-57.0,-2.6819512894664013,0.8757008959559641,nan,-0.2373917827246822,-1.5821295666881046,-2.5199153941284207,-0.8301262659412234,1.1332485470748022,0.9557954657400971,nan,1.2032967411207747,0.5758597484129654,0.4857217719666825,0.3444824519579614,-4.76307487487793,6.868124961853027,2.4130101203918457,-4.74,6.84,1.65
1743700024.31466,2c08d2cc-7a1c-9d34-25ea-6265acb43d72,883d53ea-7524-6abd-eea0-03b6a7ba4b09,35,-86.0,-68.0,-87.0,-76.0,-56.0,-57.0,-68.0,-2.739994619108569,0.9057077972223229,2.9789001425968524,-0.2361768486353881,-1.2111003769852404,-2.3946672625923857,-1.7007486930881204,1.153549291432258,0.9425445082622445,0.5270082875838727,1.134427262173271,0.4369879081433595,0.3863045141030479,0.8123453587672735,-4.761913299560547,6.923994064331055,2.475038766860962,-4.74,6.84,1.65
1743700025.314336,2c08d2cc-7a1c-9d34-25ea-6265acb43d72,2e83be35-368f-953c-dd05-8d1b7761cab8,11,-75.0,-69.0,-84.0,-70.0,-55.0,-51.0,-59.0,-2.671559368576803,0.8729256157839925,3.1374056317239707,-0.3671433878783238,-1.0286645788653639,-2.488076537572921,-1.0609226319195557,1.2553082772100221,0.9666611629876205,0.5458781154876292,1.204650692218971,0.33491123905853554,0.4605352889402913,0.6263827708658002,-4.768871307373047,6.97167444229126,2.407102346420288,-4.74,6.84,1.65
1743700026.312354,2c08d2cc-7a1c-9d34-25ea-6265acb43d72,d166858f-d5b7-46d1-7a4c-31b05c926e0d,17,-73.0,-70.0,-72.0,-71.0,-53.0,-50.0,-60.0,-2.671664297123752,0.8568515743926012,-3.0941702766909702,-0.2715484216016025,-1.03882871373832,-2.4696837911955267,-1.8855420161736707,1.1676243641094362,0.9531229170071753,0.5147816484402917,1.0896033981290656,0.23225689331951013,0.4548448913905174,0.7323011105008467,-4.759934902191162,7.011892795562744,2.425436019897461,-4.74,6.84,1.65
1743700027.31561,2c08d2cc-7a1c-9d34-25ea-6265acb43d72,acd42e49-8639-be29-cdc7-58629282f95d,27,-74.0,-68.0,-74.0,-77.0,nan,-51.0,-61.0,-2.715114569256722,0.8912084829834954,-3.0306972942183488,-0.34554861354719824,nan,-2.537970821303432,2.8093548875009597,1.0342374109097816,0.8881762743453586,0.5108817153399797,1.1453085389131714,nan,0.3665541296974504,0.8097257784227451,-4.73626947402954,7.052216529846191,2.46078372001648,-4.74,6.84,1.65
1743700028.312198,2c08d2cc-7a1c-9d34-25ea-6265acb43d72,cdaa5770-4be3-241b-99af-e019014c94db,16,-72.0,-71.0,-73.0,-71.0,-52.0,-50.0,-60.0,-2.78045416133738,0.9094540659277374,-3.00534240274414,-0.296167747982731,-1.0228788500918011,-2.4936147489409275,-2.8187684148018644,1.175343137054867,0.9277975200420396,0.5324855111292979,1.114911817442252,0.18737198183764686,0.3858806563084542,0.5179342407083147,-4.719187259674072,7.080209732055664,2.488243579864502,-4.74,6.84,1.65
1743700029.314803,2c08d2cc-7a1c-9d34-25ea-6265acb43d72,9204a251-a5e9-4409-e6cd-96c70ed9152e,15,-73.0,-72.0,-73.0,-71.0,-53.0,-50.0,-60.0,-2.775784042049817,0.9111033615908235,-2.941138648868401,-0.35699195043515974,-1.0150558049525515,-2.4616720776652454,-2.581405375476946,1.1022165951048717,0.9843790405618631,0.5132630806972149,1.121739829582079,0.15991778695778222,0.4219892663489362,0.34519808479327574,-4.796353340148926,7.051289081573486,2.5130152702331543,-4.74,6.84,1.65
1743700030.312413,2c08d2cc-7a1c-9d34-25ea-6265acb43d72,ffc4c025-7c1e-daf7-b4bf-01bdf30ef07d,30,-85.0,-68.0,-76.0,-77.0,-56.0,-52.0,-63.0,-2.7731120925281405,0.9165625755093769,-2.945276934886275,-0.34039246736069584,-0.9955613519845131,-2.5416826744198655,-2.34048704459659,1.1331524069594505,1.0064007196157283,0.5112595513196347,1.2168463721148801,0.15475137817862733,0.35216658918517496,0.7099151806375186,-4.92449426651001,6.999064922332764,2.504486083984375,-4.74,6.84,1.65
1743700031.314419,2c08d2cc-7a1c-9d34-25ea-6265acb43d72,202b62a8-3c42-cdcf-3b97-47087e54075c,26,-73.0,-68.0,-73.0,-77.0,-61.0,-51.0,-61.0,-2.7812336685884462,0.9401595143480239,-2.960911022065585,-0.3384113418257859,-1.0090805030889458,-2.5452142230490176,2.735053443990746,1.0274707180540537,0.9279990547575314,0.48957056766494766,1.2699045305125285,0.25416710587576447,0.33774336288359835,0.673786174549319,-5.037378787994385,6.95295763015747,2.45728349685669,-4.74,6.84,1.65
1743700032.313338,2c08d2cc-7a1c-9d34-25ea-6265acb43d72,523dad66-f284-da59-2385-65fbb728f169,20,-71.0,-67.0,-70.0,-75.0,-53.0,-52.0,-64.0,-2.7843714049847774,0.9170944087790657,-2.9890116326236655,-0.3102918228239663,-1.0923481875712864,-2.465200281427733,-2.870928877787774,1.1548076350473202,0.9009067835671826,0.41270378241150424,1.1212209126436772,0.3339442794281605,0.5154865037490154,0.6799332996450266,-5.161123275756836,6.88806438446045,2.4401605129241943,-4.74,6.84,1.65
1743700033.314201,2c08d2cc-7a1c-9d34-25ea-6265acb43d72,a33f8fcd-f451-0baa-d6d1-35d7fa092e57,0,-70.0,-68.0,-83.0,-71.0,-56.0,-54.0,-63.0,-2.7724007622009803,0.9160443243612475,-2.8547576873311358,-0.3064560719059251,-1.3499445253921802,-2.5765541464250927,-2.5713170452048497,1.2157643297639806,0.9144887719685321,0.4238633594853177,1.05058941973995,0.5931997761373828,0.5016669122436976,0.5163830409895986,-5.206225872039795,6.780261993408203,2.4434094429016113,-4.74,6.84,1.65
1743700034.262684,2c08d2cc-7a1c-9d34-25ea-6265acb43d72,d1389c8a-15ab-1a5f-1cda-a40ecba4f970,36,-91.0,-69.0,-91.0,-75.0,-55.0,-56.0,-70.0,-2.77895080690203,0.9120224184830098,-2.870411481902513,-0.30242857338939827,-1.1771967868674924,-2.417205047704498,-2.447963985774507,1.1800402874274942,0.915365950652577,0.40445407501325215,1.0169486351661778,0.45632265807668515,0.3789537379557923,0.3442788693790519,-5.286280632019043,6.653759479522705,2.3718574047088623,-4.74,6.84,1.65
1743700035.314277,2c08d2cc-7a1c-9d34-25ea-6265acb43d72,b8893a6e-f9b1-5c76-8e51-3602afe7e4b5,19,-70.0,-68.0,-70.0,-74.0,nan,nan,-62.0,-2.7756799124511953,0.9290725084139151,-2.6641741565579045,-0.2215973732477493,nan,nan,-2.3501626501847315,1.1759869562483936,0.9211429462682041,0.35146848775530815,1.0026199629741974,nan,nan,0.44268437068228345,nan,nan,nan,-4.74,6.84,1.65
1743700036.31366,2c08d2cc-7a1c-9d34-25ea-6265acb43d72,a8750732-0a95-4a73-67dc-5016a4fd9dd7,11,-75.0,-69.0,-84.0,-70.0,-54.0,-51.0,-57.0,-2.7210257216122615,0.9149971694206283,-2.534395387161144,-0.30528401471018124,-1.0286645788653639,-2.5116718391814663,-1.4101987780763112,1.2351610640894093,0.9633139689715542,0.32946644951448223,1.0822114616284146,0.33491123905853554,0.45201278576404247,0.7901850882008846,-5.352405071258545,6.523924350738525,2.3697214126586914,-4.74,6.84,1.65
1743700037.314892,2c08d2cc-7a1c-9d34-25ea-6265acb43d72,ee0bc438-ab99-6f5b-4c0d-3946e8ebfd3a,3,-76.0,-73.0,nan,-69.0,-61.0,-52.0,-58.0,-2.6846828937964955,0.907354962356537,nan,-0.2623759621751516,-1.3249407363299772,-2.604553844116469,-1.0591917386342211,1.2367845270899216,0.9702883883923084,nan,1.0535474593417282,0.5650756813299803,0.541622662780981,0.49801692611997495,-5.403873443603516,6.397902011871338,2.263369560241699,-4.74,6.84,1.65
1743700038.313858,2c08d2cc-7a1c-9d34-25ea-6265acb43d72,8880c1b1-9e7d-ff53-efbb-d64a90bbf996,3,-74.0,-73.0,nan,-69.0,-61.0,-52.0,-57.0,-2.690985797148386,0.8985012833125684,nan,-0.19620493120217075,-1.5327903386111312,-2.6583967560479893,-0.9807018457520102,1.3565150565357582,0.9637053204937415,nan,1.1338241893444225,0.627323189161983,0.5716960494217201,0.3226586187762754,-5.494497776031494,6.277263641357422,2.1148171424865723,-4.74,6.84,1.65
1743700039.315171,2c08d2cc-7a1c-9d34-25ea-6265acb43d72,81ac5529-d303-f470-d631-4682bebc57a5,7,-74.0,-70.0,nan,-68.0,-64.0,-53.0,-57.0,-2.6961576559853198,1.018945673088601,nan,-0.20836226157838247,-1.8821597694210772,-2.6384938773292723,-0.9302392104542568,1.2300669695563058,0.9120815406592097,nan,1.1312028398834577,0.4715071137159219,0.5668395205481014,0.24844300332494199,-5.537165641784668,6.159570217132568,2.085256576538086,-4.74,6.84,1.65
1743700040.316627,2c08d2cc-7a1c-9d34-25ea-6265acb43d72,17b4023b-53cb-44d2-69da-7cf67d3a78bf,35,-87.0,-68.0,nan,-76.0,-56.0,-56.0,-72.0,-2.7763643448513453,1.084114023911167,nan,-0.21747400093197958,-1.3408562267629731,-2.456640144096094,-1.6357537743167165,1.2056047696794918,0.9813360461213113,nan,1.1188664119239382,0.5136190924416513,0.43553386997830407,0.7482224173346849,-5.534069538116455,6.089507579803467,2.067786931991577,-4.74,6.84,1.65
1743700041.314582,2c08d2cc-7a1c-9d34-25ea-6265acb43d72,4b0f34f2-3a74-623e-2741-98c984c141c7,31,-83.0,-69.0,nan,-78.0,-55.0,-53.0,-65.0,-2.780950574564571,1.0707912942419366,nan,-0.25089640629636506,-1.1061432125859396,-2.5074365797856237,-1.7351600785809798,1.079045961777719,0.9246587183812723,nan,1.2621102569501936,0.38350492736422614,0.40468800106088104,0.861145375106538,-5.526287078857422,6.052181243896484,2.074134111404419,-4.74,6.84,1.65
1743700042.31512,2c08d2cc-7a1c-9d34-25ea-6265acb43d72,145ebacd-8101-3d03-d064-f62fbf92ef41,36,-89.0,-68.0,-92.0,-74.0,-55.0,-56.0,-66.0,-2.7684630122131892,1.0224432025482022,2.88418055737044,-0.29655417265690154,-1.0628611620387638,-2.3861876364720738,-2.1932070829755586,1.1731341780887008,0.8804669556217972,0.3770799748005456,1.032912954320658,0.2843252338114041,0.35519894621740616,0.5746031554511063,-5.553735733032227,5.992905139923096,2.157806396484375,-4.74,6.84,1.65
1743700043.314201,2c08d2cc-7a1c-9d34-25ea-6265acb43d72,a6a3ab76-5c93-da0c-95ba-9f49189011ca,13,-77.0,-70.0,-77.0,-71.0,-53.0,-50.0,-60.0,-2.584856430863747,0.9630523133944541,2.9805923151534888,-0.35637196653338926,-1.032008684876269,-2.425527966856916,-2.3438279099126724,1.1709360049249493,0.9035443783107969,0.21839139334848462,1.1637175067902892,0.21444730396201556,0.4107725766110523,0.4114460850850751,-5.600195407867432,5.96899938583374,2.22625207901001,-4.74,6.84,1.65
1743700044.263472,2c08d2cc-7a1c-9d34-25ea-6265acb43d72,95ec2c83-e1df-5d2b-1e04-99b4e9a4149e,9,-75.0,-71.0,-85.0,-69.0,-60.0,-54.0,nan,-2.7025918531789515,0.9672526510657271,-3.0523440001907307,-0.3280255462066949,-1.614357434867792,-2.495709490746506,nan,1.1190863890299787,0.8982711196153584,0.208400045176348,1.207554869387702,0.556983932923728,0.494080679308986,nan,-5.607347011566162,5.98694610595703,2.276445150375366,-4.74,6.84,1.65
1743700045.31695,2c08d2cc-7a1c-9d34-25ea-6265acb43d72,34b875c6-23ef-bb5d-4589-d4e0c154f18f,31,-85.0,-69.0,-77.0,-77.0,-55.0,-53.0,-63.0,-2.6630745373438103,0.9851216630318318,-3.129214547159214,-0.3007920608995446,-1.2016493015777854,-2.5212364344063434,-2.273770476750161,0.9960450177169553,0.8312011386164214,0.28410798917095703,1.3210434818706116,0.4758160588543515,0.42370635403596746,0.6912673266985924,-5.638823509216309,6.017508029937744,2.315025568008423,-4.74,6.84,1.65
1743700046.314598,2c08d2cc-7a1c-9d34-25ea-6265acb43d72,fb1c303f-ef67-9426-20d3-6bc78d8d4b6d,22,-70.0,-68.0,-71.0,-79.0,-54.0,-53.0,-65.0,-2.7038733662954972,0.9830177657706691,-3.0729230448821,-0.2635075393223263,-1.1982258910356853,-2.483431189633525,3.058406900618775,0.9406613870554494,0.801529662489358,0.3211864153693169,1.2482161460690868,0.4500028201513752,0.5697634249967738,0.5743775400285678,-5.694072723388672,6.04925775527954,2.4306042194366455,-4.74,6.84,1.65
1743700047.315117,2c08d2cc-7a1c-9d34-25ea-6265acb43d72,c9232bd8-f080-d414-1e9f-1dfc5d826a19,20,-70.0,-68.0,-70.0,-75.0,-54.0,-52.0,-63.0,-2.6882422085933864,0.9845078044005684,-2.9633094649433107,-0.19955545416959947,-1.1952998980369138,-2.426358698451822,-2.723467558671751,1.0186290232349908,0.8050375782772105,0.23384879643422485,1.117327237971927,0.3992247461785449,0.6299491990076642,0.5692322790316839,-5.767109394073486,6.09157943725586,2.55837869644165,-4.74,6.84,1.65
1743700048.315648,2c08d2cc-7a1c-9d34-25ea-6265acb43d72,bf05d511-71b4-7c09-4c1c-08b7d5916222,1,-72.0,-70.0,-84.0,-70.0,-57.0,-54.0,-61.0,-2.7415584273006637,0.9884301080540371,-2.883191725657694,-0.19090124589127797,-1.4202135079500453,-2.5415617360631058,-2.537970821303432,1.2189851567863224,0.8688783432963719,0.20318993668825786,1.1316184261715647,0.576223130796594,0.5891528890803038,0.3665541296974504,-5.7673602104187,6.134124755859375,2.684272527694702,-4.74,6.84,1.65
1743700049.31494,2c08d2cc-7a1c-9d34-25ea-6265acb43d72,750f7bef-8a08-7945-4046-e2c322c6aad1,5,-75.0,-69.0,-93.0,-69.0,-61.0,-53.0,-56.0,-2.7466069817791268,0.9549363299724376,-3.076860528553782,-0.16974988788165066,-1.6542258518102027,-2.6213363026712924,-1.474300691151709,1.2034284344366788,0.8634059467304226,0.1914162013775584,1.1586282059471482,0.535214737693105,0.6124975518452734,0.8335416845671727,-5.8559722900390625,6.197741508483887,2.658315658569336,-4.74,6.84,1.65
1743700050.31506,2c08d2cc-7a1c-9d34-25ea-6265acb43d72,db77144e-b4c0-ffd7-b6b4-705319fb5e4c,2,-73.0,-72.0,-88.0,-70.0,-58.0,-53.0,-57.0,-2.80879365744524,0.910250883725889,-2.9521691957874006,-0.0352261643706961,-1.6759237048751352,-2.647492581479875,-1.0308113931941447,1.2912104850234347,0.8685851292603541,0.17531256560855366,1.185421071251945,0.5851306605625384,0.602518606730449,0.549711265516839,-5.886643886566162,6.27298402786255,2.5970630645751953,-4.74,6.84,1.65
1743700051.31491,2c08d2cc-7a1c-9d34-25ea-6265acb43d72,ab72bb4d-4d6f-06d9-cd83-3cc3312e6a59,11,-77.0,-69.0,-84.0,-70.0,-55.0,-51.0,-57.0,-2.7361138607681057,0.910816805457531,-2.8112616088274165,-0.07835366137954829,-1.218737272562493,-2.618715907630904,-0.9016795149539428,1.2434867714472695,0.9237897289175794,0.08422465825927682,1.2452282124840723,0.4881339923768928,0.5618046739197455,0.36977330545509,-5.848082065582275,6.338611602783203,2.533853054046631,-4.74,6.84,1.65
1743700052.315296,2c08d2cc-7a1c-9d34-25ea-6265acb43d72,0b6b21a2-9a6d-2a01-a535-345121dd84eb,35,-85.0,-68.0,-88.0,-76.0,-56.0,-57.0,-71.0,-2.752954626237331,0.9642821611858527,-2.8648513341786455,-0.07225448985104882,-1.08705008422611,-2.4277098749948336,-1.72072963808624,1.170003232753149,0.8455930608842913,0.10458578979445038,1.2161984250216633,0.3258675422012923,0.45629170503810557,0.7561228459065015,-5.841635704040527,6.4228515625,2.4316823482513428,-4.74,6.84,1.65
1743700053.315031,2c08d2cc-7a1c-9d34-25ea-6265acb43d72,f9248521-41d1-3c39-e926-ad1e708bef55,31,-83.0,-69.0,-79.0,-77.0,-55.0,-54.0,-63.0,-2.7566465664565074,0.9639540597395548,-2.9996365801086453,-0.037327931102986635,-1.03882871373832,-2.489236962221655,-1.7748615704151045,1.0774733651540271,0.7413602647699524,0.14003759881088185,1.2631269186963314,0.23225689331951013,0.39977334021899325,0.8547494954611504,-5.8393964767456055,6.492409706115723,2.3301751613616943,-4.74,6.84,1.65
1743700054.314684,2c08d2cc-7a1c-9d34-25ea-6265acb43d72,b97bd73d-0009-8747-ad1c-9fd4b42beae1,28,-77.0,-67.0,-74.0,-78.0,-60.0,-52.0,-62.0,-2.8035573501099265,0.9749473224032931,-3.04456996665268,-0.10653230255756771,-0.998265865156305,-2.5485692811531395,-1.9663399302898146,1.0360835807564517,0.7978166167185421,0.14075180868097062,1.26768545153422,0.22603398814582631,0.32328638399599724,0.9000516195797282,-5.846607208251953,6.56700038909912,2.245711326599121,-4.74,6.84,1.65
1743700055.317233,2c08d2cc-7a1c-9d34-25ea-6265acb43d72,30f6b4fc-d0e5-2616-f050-1a5405db288a,36,-89.0,-68.0,-94.0,-74.0,-55.0,-56.0,-71.0,-2.9364256526872876,0.9907284160747756,-3.1001932818122935,-0.16085812563409407,-1.020126690839032,-2.412381552264293,-2.297115571845483,0.9130627823628493,0.8073820921428617,0.10959730968900468,1.142517945564932,0.17825970555082854,0.3346473206000399,0.5702600267049641,-5.835923671722412,6.63183069229126,2.2070224285125732,-4.74,6.84,1.65
1743700056.316228,2c08d2cc-7a1c-9d34-25ea-6265acb43d72,e25d4392-7b95-98c6-f59e-112b457e2fa6,36,-89.0,-68.0,-92.0,-75.0,-55.0,-56.0,-69.0,-2.9649113563389937,0.984057730176345,3.134195457345989,-0.25078934722054386,-1.020126690839032,-2.3377829456934744,-2.3592525398844235,0.8801618239399013,0.7479039844634134,0.1507940898089551,1.053613239420653,0.17825970555082854,0.32636745951226936,0.37458943569128267,-5.842015743255615,6.6949310302734375,2.1315348148345947,-4.74,6.84,1.65
1743700057.315521,2c08d2cc-7a1c-9d34-25ea-6265acb43d72,f6bf0071-39a1-f439-cb4b-c3782a9dd524,23,-72.0,-68.0,-72.0,-75.0,-55.0,-53.0,-63.0,-2.880958931399771,0.960863727610627,-3.007958159566816,-0.24918718950875218,-1.0378078809405933,-2.415125874064215,2.9911596189713965,0.8690391982262126,0.6698191691959087,0.19600739122831415,1.0106635084145636,0.2745378250608759,0.4369879081898923,0.38004358814983824,-5.854799270629883,6.749422550201416,2.0597856044769287,-4.74,6.84,1.65
1743700058.314318,2c08d2cc-7a1c-9d34-25ea-6265acb43d72,2ce5a12b-47ae-358b-4ee0-2da1da335b19,24,-73.0,-68.0,-73.0,-75.0,-58.0,-53.0,-64.0,-2.845538089953391,0.9490480808022724,-2.8867774057493767,-0.2549883533112718,-1.025686044466812,-2.4696837911955267,2.4748881446370397,0.8246617465597317,0.726723531418877,0.24410121761697334,1.0719749361884223,0.2908725357231737,0.4548448913905174,0.44115693144888446,-5.8459649085998535,6.796820163726807,2.0074715614318848,-4.74,6.84,1.65
1743700059.315347,2c08d2cc-7a1c-9d34-25ea-6265acb43d72,ab6b83fc-acce-eb33-679f-e55e38aa8701,0,-70.0,-68.0,-83.0,-72.0,-55.0,-54.0,-63.0,-2.9227106393894884,0.9380191317799274,-2.9215404464065076,-0.26246810754886835,-1.273388736376206,-2.581570584792622,-2.999315941556371,1.0076133234390687,0.7750730212721837,0.24801065487342558,0.9328707087605861,0.5821072812127079,0.4869028733901217,0.53657933950584,-5.8090691566467285,6.824182987213135,2.0165207386016846,-4.74,6.84,1.65
1743700060.317389,2c08d2cc-7a1c-9d34-25ea-6265acb43d72,1ba8811e-e661-689b-e698-abf136d882bb,3,-74.0,-71.0,-88.0,-70.0,-61.0,-53.0,-57.0,-2.9061865237738735,0.9336116001758461,-2.8595401920167003,-0.21786415403167622,-1.3781801603515789,-2.618715907630904,-1.343187089554607,1.2038062038373067,0.7615741900758718,0.2078087069010527,0.9992266962712729,0.6203361015222406,0.5618046739197455,1.0137595409339475,-5.7692108154296875,6.84063959121704,2.028294324874878,-4.74,6.84,1.65
1743700061.321819,2c08d2cc-7a1c-9d34-25ea-6265acb43d72,6ed0d6b3-7613-0a10-d49a-95459106397c,3,-74.0,-73.0,-88.0,-70.0,-60.0,-53.0,-59.0,-2.825670375589181,0.9271726092922525,-2.8777223917269983,-0.13696770644332026,-1.50755840494883,-2.641673876971378,-0.9411146027614503,1.270160193977176,0.7675622412078879,0.19925398433420247,1.0907984916682387,0.6255565846915706,0.6178604206298783,0.5954224058492372,-5.793781280517578,6.852490425109863,2.0380077362060547,-4.74,6.84,1.65
1743700062.263135,2c08d2cc-7a1c-9d34-25ea-6265acb43d72,fbb2c1ed-15ef-a522-5009-0a0a400f22ee,11,-77.0,-69.0,-83.0,-70.0,-55.0,-51.0,-57.0,-2.747889826476218,0.9388553643622122,-2.8433516346984358,-0.1506582186590906,-1.1338851886311656,-2.599065065664431,-0.8501683769784573,1.2575973973249999,0.9002603012125658,0.17212908942050018,1.1876954108228726,0.46706728545778503,0.5565946051498261,0.39108532475348934,-5.754908084869385,6.86745834350586,2.040217876434326,-4.74,6.84,1.65
1743700063.263341,2c08d2cc-7a1c-9d34-25ea-6265acb43d72,ee8bca2f-fb84-43eb-7602-ed0fb0d49090,3,-74.0,-73.0,-89.0,-69.0,-60.0,-52.0,-57.0,-2.906019543573526,0.92043534436657,-2.874076257878571,-0.1491825610990777,-1.3614870216947887,-2.653063707718498,-0.8787238459067145,1.3261409053550777,0.8349214415012075,0.10428363752402407,1.20587907527177,0.5969249170387887,0.587129657237589,0.2645243133470745,-5.668606281280518,6.89714813232422,2.021819829940796,-4.74,6.84,1.65
1743700064.315429,2c08d2cc-7a1c-9d34-25ea-6265acb43d72,1f8c4909-fc87-8f69-f5db-bd79305043ff,32,-80.0,-68.0,-78.0,-80.0,-55.0,-56.0,-71.0,-2.971669926553396,0.918147422674083,-2.884333422817011,-0.10033193090764521,-1.089208298050668,-2.5522406702430724,-1.6069200922642572,1.1567180536552888,0.7676183007488339,0.10781677011844813,1.2276670619399805,0.42060187603417776,0.5110359833207349,0.8022208446900578,-5.634289264678955,6.921708583831787,2.001162052154541,-4.74,6.84,1.65
1743700065.314342,2c08d2cc-7a1c-9d34-25ea-6265acb43d72,940d1494-ac84-a163-6c0f-592f8b287077,36,-87.0,-69.0,-88.0,-75.0,-54.0,-56.0,-72.0,-3.118667630294173,0.910245823719818,-2.9248443640548603,-0.14433800476011455,-1.044839703180819,-2.40247442280921,-2.148351900206285,0.9153612901206694,0.7552010458502306,0.13443808623715167,1.1495461608397053,0.326510526736986,0.41791474165396536,0.5932178987791764,-5.550525188446045,6.962636947631836,1.9557205438613892,-4.74,6.84,1.65
1743700066.31473,2c08d2cc-7a1c-9d34-25ea-6265acb43d72,debf7133-3b4b-a0ae-45b6-176012afab5a,18,-71.0,-69.0,-71.0,-73.0,-53.0,-49.0,-60.0,-2.8577619993568537,0.8677785243451964,-2.8934576790277315,-0.22705765243073875,-1.0584801954755163,-2.4332083180257937,-2.2358786432519135,1.0123143353952766,0.737947157516907,0.14563975790094527,1.052419943515216,0.2758028344803575,0.44306850499061984,0.5221929494500035,-5.507433891296387,6.991126537322998,1.9236372709274292,-4.74,6.84,1.65
1743700067.264103,2c08d2cc-7a1c-9d34-25ea-6265acb43d72,4ca5181f-ffc0-dbc2-c8ef-d02f0a825fa5,17,-73.0,-70.0,-72.0,-72.0,-53.0,-50.0,-60.0,-2.7997327844684636,0.888736004227466,-2.818183430816642,-0.22713914516009517,-1.0488153077814577,-2.45139431239955,-2.301838195070144,1.1310607602393017,0.7434732833578486,0.1483034849127562,1.0838338593644907,0.20856473503770093,0.4490217332231349,0.3679140947667601,-5.50701904296875,7.005687713623047,1.877082347869873,-4.74,6.84,1.65
1743700068.314684,2c08d2cc-7a1c-9d34-25ea-6265acb43d72,56d472dc-40c9-5fc4-0667-6935bfb2d7fe,8,nan,-70.0,nan,-69.0,-62.0,-53.0,-57.0,nan,0.9114370556754104,nan,-0.20723707601782398,-1.6160657611516824,-2.557566705892278,-1.4452605598399237,nan,0.7291267014075373,nan,1.1841582002630293,0.574377539976883,0.4965010962762216,0.7951632980343925,nan,nan,nan,-4.74,6.84,1.65
1743700069.314757,2c08d2cc-7a1c-9d34-25ea-6265acb43d72,be14b3a1-a9c7-23aa-34e9-859fff649840,4,-75.0,-70.0,-91.0,-69.0,-62.0,-53.0,-56.0,-2.781424617238605,0.899125528272083,-2.8384780499035904,-0.18963997279901643,-1.6682378560475826,-2.618715907630904,-1.052498819809669,1.2281488277811763,0.7168113789996566,0.1974090794890501,1.1888612095900548,0.550830510017692,0.5618046739197455,0.5179890971679623,-5.5435967445373535,7.012892723083496,1.7897013425827026,-4.74,6.84,1.65
1743700070.318021,2c08d2cc-7a1c-9d34-25ea-6265acb43d72,ab736fb9-5e06-89b9-3b2f-f29f5ed2f05a,6,nan,-69.0,nan,-68.0,-67.0,-52.0,-55.0,nan,0.9083983888716299,nan,-0.1861195401540407,-1.8437169014456187,-2.6583967560479893,-0.9355396416918279,nan,0.710160733388429,nan,1.165806357191293,0.4526051481835153,0.5716960494217201,0.35507247250937496,-5.599064826965332,7.008792400360107,1.7176491022109985,-4.74,6.84,1.65
1743700071.319311,2c08d2cc-7a1c-9d34-25ea-6265acb43d72,58d02a9f-1fa5-724a-aa3a-d97e5636bafa,18,nan,-69.0,nan,-74.0,-53.0,-50.0,-60.0,nan,0.8943800415256707,nan,-0.12201139376143526,-1.4165179571784148,-2.5601523083484516,-1.5707963266558804,nan,0.7360655676277388,nan,1.0957554999842305,0.5207012548974248,0.5456614180212346,0.7679448708775051,-5.64305543899536,7.005423069000244,1.6615452766418457,-4.74,6.84,1.65
1743700072.315516,2c08d2cc-7a1c-9d34-25ea-6265acb43d72,cddb1d25-6ff8-47e4-a4dd-15eadca11aef,8,nan,-70.0,nan,-69.0,-64.0,-53.0,-56.0,nan,0.9055970097209757,nan,-0.11465387861787334,-1.8626478537660087,-2.5601523083484516,-1.0646240468264199,nan,0.7054400140401546,nan,1.1284921413679205,0.4623315133579266,0.5456614180212346,0.5553986996922217,-5.65959644317627,6.99347972869873,1.6143797636032104,-4.74,6.84,1.65
1743700073.314742,2c08d2cc-7a1c-9d34-25ea-6265acb43d72,6e211f25-47f7-74f4-d20f-763761b41e67,28,nan,-67.0,nan,-76.0,-61.0,-52.0,-65.0,nan,0.9294986141883277,nan,-0.10391974152819997,-1.40299371481898,-2.5809868137323413,-1.4552230492395677,nan,0.7542339854793956,nan,1.2007213311886136,0.5902139198373225,0.42312195161357635,0.8316943697272623,-5.662901878356934,6.982940196990967,1.580305576324463,-4.74,6.84,1.65
1743700074.316877,2c08d2cc-7a1c-9d34-25ea-6265acb43d72,aaf5b997-2545-a334-66e5-6baefb24f21e,8,nan,-70.0,nan,-68.0,-64.0,-53.0,-56.0,nan,0.9193256051403341,nan,-0.1169114402739335,-1.8472186176179728,-2.581570584792622,-0.9835144925467437,nan,0.7606403526396357,nan,1.1921964193812153,0.49174123378769996,0.4869028733901217,0.5836175104384085,-5.68757677078247,6.951683521270752,1.5713154077529907,-4.74,6.84,1.65
1743700075.315425,2c08d2cc-7a1c-9d34-25ea-6265acb43d72,ae232fd8-dd9a-f0ce-0165-68b205c7028c,20,nan,-67.0,-71.0,-77.0,-54.0,-52.0,-64.0,nan,0.9271587608545842,-2.4280452448221377,-0.17237656366479584,-1.456645129163597,-2.469204831182255,-1.6230845776319107,nan,0.7304577493203589,0.4268878782458072,1.0398855761076762,0.5300487179971383,0.5972278432302416,0.7840286355307443,-5.69828462600708,6.904524326324463,1.565523386001587,-4.74,6.84,1.65
1743700076.315126,2c08d2cc-7a1c-9d34-25ea-6265acb43d72,319a6c47-e073-2c5d-bf7d-39aa768f7330,1,nan,-69.0,-84.0,-71.0,-56.0,-54.0,-60.0,nan,0.905309654639356,-2.4211572449787564,-0.14184688387645444,-1.523779666173001,-2.5811297524383274,-2.132496409227496,nan,0.7146741256458408,0.4566687770041591,1.082918664055885,0.5917697855609639,0.601196303169192,0.5817958088470427,-5.743492126464844,6.807620525360107,1.5596282482147217,-4.74,6.84,1.65
1743700077.3182,2c08d2cc-7a1c-9d34-25ea-6265acb43d72,8df520cf-6cef-c7be-aeef-3f3ea13b18d3,7,-74.0,-70.0,-84.0,-68.0,nan,-53.0,-57.0,-2.894684597341931,0.7981914566419709,-2.4878750229235305,-0.133698942521357,nan,-2.56126507029634,3.1144440650625955,1.016096756512489,0.7066202604562504,0.5011132737510827,1.1144895732514202,nan,0.5952654590598935,0.8724831358555993,-5.686432361602783,6.7244553565979,1.496772050857544,-4.74,6.84,1.65
1743700078.31562,2c08d2cc-7a1c-9d34-25ea-6265acb43d72,a609a92f-8a08-9679-54bd-a67dc4518f67,31,-83.0,-69.0,-76.0,-77.0,-56.0,-54.0,-65.0,-2.9315794984516703,1.1219671303811176,-2.514400640012938,-0.12798992409255414,-1.1693645425691819,-2.54883559206815,-2.488271988862754,0.9490548052840249,0.7327650455097763,0.5129798202257714,1.2867138706808907,0.44956578623491317,0.46233151338208733,1.1001300099083462,-5.64853858947754,6.648348331451416,1.435182809829712,-4.74,6.84,1.65
1743700079.263543,2c08d2cc-7a1c-9d34-25ea-6265acb43d72,ea78d766-6227-fae2-316d-d18c3f07c136,9,-75.0,-72.0,-83.0,-69.0,nan,nan,-57.0,-2.8436941172146195,0.9998390901639367,-2.5727262647306546,-0.14140479913550127,nan,nan,-0.9213817280421909,1.0132830602417928,0.7398786816765142,0.4419607708044104,1.2175106976488004,nan,nan,0.8920787801725638,nan,nan,nan,-4.74,6.84,1.65
1743700080.316373,2c08d2cc-7a1c-9d34-25ea-6265acb43d72,720e103b-23c4-7ce3-e2a2-c47ee1f6cbf0,11,-76.0,-69.0,-84.0,-70.0,-55.0,-51.0,-58.0,-2.814696554001401,0.9447912841158898,-2.6313179392412698,-0.28462081412836543,-1.023544881661129,-2.5522406702430724,-0.8059620641300225,1.1943286793079873,0.9110138127991696,0.39503197752411995,1.1117449860110116,0.32586754219952385,0.5110359833207349,0.5110275760438925,-5.577599048614502,6.585197925567627,1.4019197225570679,-4.74,6.84,1.65
1743700081.315137,2c08d2cc-7a1c-9d34-25ea-6265acb43d72,cf4d0067-b995-fccc-f4c3-8d5ccd343295,22,-71.0,-68.0,-71.0,-79.0,-55.0,-53.0,-66.0,-2.8259761064823223,0.9223381729654317,-2.5980976678036214,-0.2590771045328704,-1.0724451850377053,-2.5026439757504853,-1.686369604055305,1.1056052678549158,0.8709598034253504,0.3724892510029807,1.051573124867598,0.36930067868137734,0.5763979953502171,0.831694369744308,-5.480470180511475,6.533257484436035,1.4716084003448486,-4.74,6.84,1.65
1743700082.315263,2c08d2cc-7a1c-9d34-25ea-6265acb43d72,a8437208-3210-286a-82c2-d8ff10186049,16,-72.0,-72.0,-73.0,-72.0,-52.0,-50.0,-59.0,-2.6928470804342424,0.9173428817087701,-2.6102621887147763,-0.2573178203167641,-1.0462409800779027,-2.4899341813397866,-2.174308533466988,1.0711811810255243,0.9428158177982962,0.37684138885638824,1.1045830134704888,0.2498524026683364,0.5079881223140006,0.5946869064853756,-5.39628267288208,6.482366561889648,1.618168830871582,-4.74,6.84,1.65
1743700083.315254,2c08d2cc-7a1c-9d34-25ea-6265acb43d72,e170ccf8-dbe7-6e46-c0de-becd633df6c5,32,-81.0,-68.0,-76.0,-81.0,-56.0,-55.0,-66.0,-2.7051234541111806,0.9337096045039611,-2.6267966906586424,-0.24910250098608766,-1.0257761982345794,-2.4748881446370397,-2.1628769260500476,1.0769355397718858,0.9009707660123717,0.3785305653567982,1.1895556288442928,0.19644217379724652,0.44115693144888446,0.7099151806285355,-5.300470352172852,6.441972255706787,1.7924506664276123,-4.74,6.84,1.65
1743700084.313203,2c08d2cc-7a1c-9d34-25ea-6265acb43d72,d21b17a9-32b7-dcc9-3182-968f137605eb,30,-89.0,-69.0,-75.0,-77.0,-55.0,-52.0,-66.0,-2.654606217709577,0.9673786185852877,-2.654887713836798,-0.2200484787577592,-1.0004227605921956,-2.552308975246774,-2.006020708153165,0.9813921056622575,0.8489329977863869,0.3468611524904438,1.2176146940893677,0.17367184028739976,0.38521394563266104,0.8859614003698223,-5.228707790374756,6.401031494140625,1.87579071521759,-4.74,6.84,1.65
1743700085.318452,2c08d2cc-7a1c-9d34-25ea-6265acb43d72,5a67ec8a-ae12-b512-fde0-985159268d49,8,-75.0,-71.0,-82.0,-69.0,-62.0,-53.0,-57.0,-2.6654556696744507,0.9697605498642546,-2.6575617938873464,-0.27092737243539605,-1.5934564455229236,-2.5626703357429914,-1.1043952293877606,0.9832408055119632,0.8733876076540941,0.3669355614447567,1.1928610112312443,0.5755631023929656,0.4819160254598405,0.7020011894325554,-5.239899635314941,6.36354112625122,1.9310969114303589,-4.74,6.84,1.65
1743700086.316629,2c08d2cc-7a1c-9d34-25ea-6265acb43d72,e164f98c-011b-e5be-0f4e-0f355e49fbd9,10,-76.0,-71.0,-82.0,-69.0,-58.0,nan,nan,-2.5935961266130603,0.9492241157503266,-2.6844117839975254,-0.28817932997692935,-1.1719827517580674,nan,nan,1.1449399574183043,0.9204109098635687,0.3523812862189328,1.191525968576788,0.47583237060238903,nan,nan,nan,nan,nan,-4.74,6.84,1.65
1743700087.315212,2c08d2cc-7a1c-9d34-25ea-6265acb43d72,cc03c15e-5e21-894b-ee44-95d2c6dfb746,36,-89.0,-69.0,-86.0,-76.0,-55.0,-57.0,-66.0,-2.5951157263310596,0.9457127378530572,-2.6933115357283524,-0.3103136607449049,-1.1125196104914428,-2.40759046083171,-1.9552738888980672,1.1013090563844,0.9384082196151878,0.35764086292427116,1.1035243403581552,0.39127638278309723,0.4049854385117487,0.7236919187052481,-5.261733531951904,6.316359519958496,1.9629864692687988,-4.74,6.84,1.65
1743700088.315602,2c08d2cc-7a1c-9d34-25ea-6265acb43d72,6e0eed0e-5c5d-239e-c4f5-e170c28ae772,33,-81.0,-68.0,-79.0,-85.0,-55.0,-57.0,-66.0,-2.608177732529571,0.9462954374995666,-2.7864904822641536,-0.3105171262521869,-1.0542502288712636,-2.399389790067566,-2.2683939389901364,1.1080300094484057,0.8866973544130102,0.4587494714743244,1.0766125649106864,0.26721493771556476,0.3734694681227302,0.5092778562195126,-5.27913999557495,6.28545093536377,1.979629635810852,-4.74,6.84,1.65
1743700089.318505,2c08d2cc-7a1c-9d34-25ea-6265acb43d72,98523b91-146c-28a7-b610-204c500a028d,27,-74.0,-68.0,-74.0,-76.0,-58.0,-50.0,-61.0,-2.720896824615502,0.95141909312077,-2.942652389632002,-0.29523138054345915,-1.0212978997730435,-2.4876321823962924,-2.170404523634836,1.1019029413074877,0.8661830245361299,0.4510175158814973,1.1605913551447,0.2817898752092266,0.3396733809106171,0.6783470433909274,-5.358458995819092,6.233588695526123,2.023183584213257,-4.74,6.84,1.65
1743700090.263107,2c08d2cc-7a1c-9d34-25ea-6265acb43d72,1e56f039-f3e2-73d7-e129-11609f3c3fb5,22,-71.0,-68.0,-71.0,-78.0,-54.0,-52.0,-67.0,-2.7359034710419894,0.96388827966063,-2.8285324748126897,-0.22272841776270594,-1.0584801954755163,-2.4771011206248374,-2.272402675299763,1.081098926083034,0.7691049438483435,0.4759262945836038,1.071280716671266,0.2758028344803575,0.488133992429984,0.46706355903428814,-5.298283100128174,6.194144248962402,2.1405222415924072,-4.74,6.84,1.65
1743700091.264023,2c08d2cc-7a1c-9d34-25ea-6265acb43d72,7bfb5847-7d6a-a0d7-49d8-d651b8be654c,13,-77.0,-71.0,-77.0,-72.0,-53.0,-50.0,-60.0,-2.722436131725568,1.0086387070377765,-2.8459066714482573,-0.22215450654779387,-1.0151591590119262,-2.45861129206976,-2.333435563238102,1.15786134871126,0.8110452702222656,0.33183742854346615,1.3093415520408034,0.22027099070765266,0.48204479008681694,0.3384523430331756,-5.267662048339844,6.16694164276123,2.269944667816162,-4.74,6.84,1.65
1743700092.318207,2c08d2cc-7a1c-9d34-25ea-6265acb43d72,e82c9565-f2d4-e577-696c-8c582301da26,18,-71.0,-69.0,-71.0,-73.0,-52.0,-50.0,-60.0,-2.6642551166550428,0.998676087715899,-2.6526698332809797,-0.2729564348699274,-1.037150035488984,-2.4527317619229123,-2.328898317827381,1.1401850164500225,0.8016526339526924,0.2330361827618576,1.07302382218375,0.17339236949060483,0.4955509711313365,0.35048116953040404,-5.249542713165283,6.147199630737305,2.2417609691619873,-4.74,6.84,1.65
1743700093.316023,2c08d2cc-7a1c-9d34-25ea-6265acb43d72,a3628f83-4eb6-c10a-e68f-376ad9d56581,35,-86.0,-68.0,-85.0,-78.0,-56.0,-57.0,-67.0,-2.757960303822244,0.9848441616462456,-2.700463721151869,-0.2615767475320188,-1.0456849954587237,-2.379271175473092,-2.3708465316846534,1.0828789829556429,0.7962032071511451,0.29936677037364784,1.0600206052663017,0.19983870701748932,0.4244554517909443,0.2821142610957634,-5.242247581481934,6.129793167114258,2.1545183658599854,-4.74,6.84,1.65
1743700094.316174,2c08d2cc-7a1c-9d34-25ea-6265acb43d72,361e2bec-c54c-5079-bcfc-004e2080575d,16,-72.0,-72.0,-73.0,nan,-53.0,-50.0,-59.0,-2.517738912439352,0.9092055929980329,-2.699852525681696,nan,-1.0175191827409378,-2.40247442280921,-2.3660379339706337,1.081357918499044,0.810892870828886,0.28194620144559884,nan,0.16910757122927272,0.41791474165396536,0.22797021592699002,-5.1879730224609375,6.130943775177002,2.057692527770996,-4.74,6.84,1.65
1743700095.316181,2c08d2cc-7a1c-9d34-25ea-6265acb43d72,23c44750-2122-ef6f-612d-ff90e9b06415,19,-70.0,-68.0,-71.0,nan,-52.0,-50.0,-61.0,-2.510459161599621,1.0952556246476226,-2.587271385340231,nan,-1.049258298263237,-2.409852649588311,-2.3114663874917536,1.1592648346057317,0.7827425923164758,0.28857923690411835,nan,0.1511575256115085,0.4955644321181184,0.34448245200353755,-5.067080974578857,6.1411285400390625,2.0101966857910156,-4.74,6.84,1.65
1743700096.315527,2c08d2cc-7a1c-9d34-25ea-6265acb43d72,79e71ce2-5066-cf16-8a4b-f101c40d5f5a,23,-72.0,-68.0,-72.0,nan,-55.0,-53.0,-64.0,-2.526150240426259,1.0927115068582698,-2.55794438910017,nan,-1.0520890710007753,-2.4466153820489236,3.104204876699945,1.0627570032863585,0.7604230386946853,0.27368798857661536,nan,0.21724231877811956,0.5089906100195455,0.3662853138480687,-4.89600372314453,6.16349983215332,1.9349441528320312,-4.74,6.84,1.65
1743700097.321277,2c08d2cc-7a1c-9d34-25ea-6265acb43d72,d405c80b-3755-2bb1-d6d9-b7466e8ac677,12,-76.0,-70.0,-80.0,nan,-53.0,-50.0,-62.0,-2.5531283285848705,1.0589447547649373,-2.703460576326535,nan,-0.9888318039135092,-2.4899341813397866,-2.7760876159214365,1.1204519248789169,0.8422290889533577,0.28232516926871715,nan,0.19745527973979987,0.5079881223140006,0.29462495867065824,-4.710992813110352,6.205892086029053,1.8624391555786133,-4.74,6.84,1.65
1743700098.314739,2c08d2cc-7a1c-9d34-25ea-6265acb43d72,457302b4-947d-b087-fa89-bc65366662e1,3,-74.0,-72.0,nan,nan,-66.0,-53.0,-58.0,-2.577308766018354,1.0231598591975426,nan,nan,-1.2032797492207732,-2.5933372667738057,-1.5261566826210986,1.3098214536692356,0.8495666969677712,nan,nan,0.5218331722923593,0.5715160116564529,0.9067918937720942,nan,nan,nan,-4.74,6.84,1.65
1743700099.316589,2c08d2cc-7a1c-9d34-25ea-6265acb43d72,085d44bf-7d10-aedf-f0a7-7be71702476a,3,-74.0,-72.0,-90.0,-69.0,-60.0,-53.0,-58.0,-2.5529320536125315,0.9647309038295311,-2.6235806573262628,-0.39158667931139807,-1.4028797443268826,-2.647492581479875,-1.1230481785481223,1.366229069769877,0.7882462144462062,0.23240587911086313,1.146930270858975,0.62659565278271,0.602518606730449,0.6243705463378828,-4.6267523765563965,6.275317668914795,1.8039828538894653,-4.74,6.84,1.65
1743700100.317373,2c08d2cc-7a1c-9d34-25ea-6265acb43d72,820a6b20-c0ee-b948-eece-df506e1cc649,5,-75.0,-69.0,nan,-69.0,-62.0,-52.0,-57.0,-2.5955186626039883,0.9669216201422302,nan,-0.3472069639579906,-1.607425966588031,-2.6935446538463497,-0.9967287520022564,1.3898991123804467,0.7951115108412943,nan,1.130273929295238,0.6099059501345078,0.5966116675479782,0.38842851514384397,-4.602766036987305,6.363057613372803,1.7471745014190674,-4.74,6.84,1.65
1743700101.315656,2c08d2cc-7a1c-9d34-25ea-6265acb43d72,febc8a73-8562-b365-f51d-5d7e1eef3aef,35,-86.0,-68.0,-85.0,-79.0,-57.0,-57.0,-70.0,-2.6594417193008337,0.9717808238671888,-2.7807865238414218,-0.3499335082820137,-1.2568323567709514,-2.488076537572921,-1.7593389653954452,1.2626603328733494,0.7660336533212097,0.2805980427227735,1.1019726495490203,0.49118513412860065,0.4605352889402913,0.7671901029313855,-4.716989994049072,6.42582082748413,1.6584516763687134,-4.74,6.84,1.65
1743700102.319173,2c08d2cc-7a1c-9d34-25ea-6265acb43d72,a804c78f-0f8a-339d-4a1e-e98f19b3c07d,26,-73.0,-68.0,-73.0,-75.0,-57.0,-51.0,-62.0,-2.8320236126856746,0.9704170190729593,-2.8593228780717492,-0.3135177098523792,-1.1190579995303531,-2.525712036975109,2.645223182954491,1.168452207734287,0.7345801229507197,0.30230250600129666,1.1783763443784128,0.39894676311306854,0.40948228246057045,1.1975651133310752,-4.771337032318115,6.47491216659546,1.5633552074432373,-4.74,6.84,1.65
1743700103.315617,2c08d2cc-7a1c-9d34-25ea-6265acb43d72,eed5a323-c3db-a55a-76f4-20bbc069ab68,9,-75.0,-72.0,-82.0,-69.0,-62.0,-54.0,-59.0,-2.8239845946191613,0.9937926492250206,-2.7084422854616372,-0.2935565185339083,-1.0047188028853096,-2.557566705892278,-0.7351056581210555,1.1166001949943352,0.7730920954743556,0.3366910396301356,1.1328890203276412,0.2889688133297915,0.4965010962762216,0.9488697611106236,-4.77437448501587,6.516408443450928,1.5878229141235352,-4.74,6.84,1.65
1743700104.316216,2c08d2cc-7a1c-9d34-25ea-6265acb43d72,8f419dfd-8a9c-9fc1-12fa-25074e2218e6,15,-74.0,-73.0,-74.0,-71.0,-53.0,-50.0,-61.0,-2.8584301864743553,0.9942765455950882,-2.6345177272909996,-0.26781680028218346,-0.9779825865646251,-2.5012533965415167,-2.1303439377190685,1.079820409022714,0.8676335152238417,0.2769245948284159,1.1723223134303897,0.22200743321447475,0.48011378218200096,0.8728501583497097,-4.79073190689087,6.554420471191406,1.6486303806304932,-4.74,6.84,1.65
1743700105.263226,2c08d2cc-7a1c-9d34-25ea-6265acb43d72,6bc13e5b-3df2-912f-82bf-12c449ce177f,22,-71.0,-67.0,-71.0,-78.0,-54.0,-53.0,-67.0,-2.8513669506312467,0.9722127885959997,-2.614994625971847,-0.2582062508564145,-1.044839703180819,-2.471152658574802,-2.3388940488931342,1.0259141003969026,0.8862094633013077,0.2811732855182306,1.0892045897558262,0.326510526736986,0.5493236940848617,0.5433209627789735,-4.849247932434082,6.573057174682617,1.6723672151565552,-4.74,6.84,1.65
1743700106.314953,2c08d2cc-7a1c-9d34-25ea-6265acb43d72,3c2ee700-606e-a9a8-98ce-b3a5dcf2f53d,30,-87.0,-69.0,-75.0,-76.0,-55.0,-52.0,-65.0,-2.87983987110972,0.9778333900766119,-2.665158194580689,-0.230594596674473,-1.0185543529353376,-2.539647332491917,-2.129298065482441,1.0141598394516744,0.942001955769168,0.2571960472759202,1.2142874737814773,0.2294523329581855,0.4285616420839113,0.8050126635553921,-4.99449348449707,6.5761518478393555,1.7764723300933838,-4.74,6.84,1.65
1743700107.263342,2c08d2cc-7a1c-9d34-25ea-6265acb43d72,659a69fa-64da-6568-5139-6976fc62814b,9,-75.0,-72.0,-83.0,-68.0,nan,nan,nan,-2.866157614693329,0.9694465631717344,-2.693631381375271,-0.24539804390978742,nan,nan,nan,1.0974031311716352,0.947284002896204,0.24644784536673986,1.1153583629780313,nan,nan,nan,nan,nan,nan,-4.74,6.84,1.65
1743700108.31672,2c08d2cc-7a1c-9d34-25ea-6265acb43d72,980b5019-01e5-d7fb-3f7c-e4d20d267c39,25,-73.0,-68.0,-72.0,-75.0,-59.0,-51.0,-62.0,-2.9100393189228915,0.9686550716957628,-2.71250573665288,-0.2521480920087023,-1.012995982672455,-2.5624879333885606,2.649640442161781,0.9921660570102275,0.9610579386331211,0.21279982032375425,1.195977309180801,0.2634346630761959,0.41870132062206944,0.9908942383439209,-5.10704231262207,6.58122205734253,1.8597348928451538,-4.74,6.84,1.65
1743700109.316202,2c08d2cc-7a1c-9d34-25ea-6265acb43d72,89ced1d2-2dbd-08b9-091a-b06e7e2d8ca2,18,-72.0,-69.0,-71.0,-73.0,-53.0,-50.0,-60.0,-2.7407150041834356,0.9623713431037209,-2.626456072355221,-0.1986084340859673,-1.03882871373832,-2.5065721793205626,-2.8079440006599237,1.0980874304137311,0.9740588918636426,0.17456007279779495,1.104872632239035,0.23225689331951013,0.46609024941250066,0.7396427464979033,-5.2915620803833,6.579299449920654,1.957363486289978,-4.74,6.84,1.65
1743700110.316166,2c08d2cc-7a1c-9d34-25ea-6265acb43d72,2ebbf423-ae22-0e2c-95d9-7a137321d0bd,34,-84.0,-68.0,-82.0,-84.0,-55.0,-57.0,-72.0,-2.857450409509315,0.9433944561241432,-2.7410455024747145,-0.18948471050746482,-1.0567946273964468,-2.40247442280921,-1.2252434553169376,1.0824830374805754,0.9315021102763944,0.1611322481340473,1.186132135262996,0.1770773642874024,0.41791474165396536,0.9725289324692579,-5.351436138153076,6.581615924835205,2.011981725692749,-4.74,6.84,1.65
1743700111.316452,2c08d2cc-7a1c-9d34-25ea-6265acb43d72,f81a188b-925f-cbfc-2ed1-969fdba0d9f5,5,-74.0,-70.0,nan,-69.0,-62.0,-52.0,-57.0,-2.785322686126154,0.9119523773463407,nan,-0.1529208403212219,-1.358705544354586,-2.5466853494999686,-0.9799212335034314,1.1507806691630116,0.896581343903703,nan,1.2288961107830523,0.5016004666762437,0.5255180920250527,0.5232471050797743,-5.324129104614258,6.587474822998047,2.0388035774230957,-4.74,6.84,1.65
1743700112.319249,2c08d2cc-7a1c-9d34-25ea-6265acb43d72,5941e58e-fe32-4061-1261-e8066cf9a26e,13,-77.0,-71.0,-78.0,-73.0,-53.0,-50.0,-63.0,-2.7769696813671203,0.9191165469947629,-2.841650673710202,-0.2186013170214101,-1.1360580700790661,-2.514435980898979,-1.8601759155089246,1.2010638137047978,1.0155100621243445,0.13079495676732894,1.2119508162410417,0.36247040330417407,0.4998818759734909,0.8168503883236399,-5.244582653045654,6.61589813232422,2.0250470638275146,-4.74,6.84,1.65
1743700113.317266,2c08d2cc-7a1c-9d34-25ea-6265acb43d72,cb1beea6-36b3-0b91-01eb-62cc7184edec,22,-71.0,-67.0,-71.0,-78.0,-54.0,-53.0,-66.0,-2.7230630398461724,0.929372646668767,-2.794715921606972,-0.23558003423510132,-1.1608743070104017,-2.469204831182255,-2.1265477216326527,1.1318427974934038,0.9514704255507812,0.13962482548667637,1.1060501489150134,0.41670069533833165,0.5972278432302416,0.6637753621760749,-5.202521324157715,6.64646339416504,2.0368871688842773,-4.74,6.84,1.65
1743700114.263209,2c08d2cc-7a1c-9d34-25ea-6265acb43d72,66b5ea4f-5228-cd51-6556-5d95b9c8df13,19,-70.0,-68.0,-70.0,-75.0,-52.0,-50.0,-62.0,-2.7163092633217314,0.8842267398697439,-2.7668182439239564,-0.21711820261034503,-1.115486503837075,-2.438411281815713,-2.2244870500958513,1.167395332255689,0.8802163521632207,0.15822903636121102,1.1274556390716617,0.26816205793926945,0.5693527908282512,0.47183267373534676,-5.198346138000488,6.683844566345215,1.9585528373718262,-4.74,6.84,1.65
1743700115.263617,2c08d2cc-7a1c-9d34-25ea-6265acb43d72,f466dd47-ea52-cb50-c849-f193e3f53559,22,-71.0,-67.0,-71.0,-78.0,-54.0,-53.0,-64.0,-2.710709700813731,0.888434001759851,-2.6166154258112693,-0.22975942935662413,-1.1612678479797054,-2.453835030290583,-2.28452070565885,1.093791418680297,0.7992009278531654,0.1981168977725227,1.003642749990842,0.3910853247634645,0.624370546408361,0.3613671239298534,-5.1544771194458,6.72443962097168,1.9548648595809937,-4.74,6.84,1.65
1743700116.316136,2c08d2cc-7a1c-9d34-25ea-6265acb43d72,cfb114e3-775a-5acf-664d-a22dac3cda4b,12,-76.0,-70.0,-81.0,-72.0,-54.0,-50.0,-61.0,-2.6453978056084093,0.907522741505212,-2.840884482264586,-0.3354070298000675,-1.0421190979715025,-2.471152658574802,-1.4688900390180026,1.1269287326499895,0.9043842727395808,0.12805688594921283,1.0596893746057234,0.28337377217249615,0.5493236940848617,0.6918934658911806,-5.1170268058776855,6.77867889404297,2.0022363662719727,-4.74,6.84,1.65
1743700117.313992,2c08d2cc-7a1c-9d34-25ea-6265acb43d72,b4fd8f7e-1747-45a5-1165-68266125e796,23,-72.0,-68.0,nan,-75.0,-54.0,-52.0,-64.0,-2.625453924837024,0.8879351916876791,nan,-0.3274036980921614,-1.118083726673608,-2.4901374845922986,-3.1103880389385474,1.0327062264410405,0.7950103107198713,nan,1.0177856666967897,0.42530250779030865,0.555919881672915,0.9771586177637281,-5.051296710968018,6.832812786102295,2.064377784729004,-4.74,6.84,1.65
1743700118.317191,2c08d2cc-7a1c-9d34-25ea-6265acb43d72,e71d0414-4240-4d9d-b7d1-a8302f6b28bd,10,-75.0,-71.0,nan,-69.0,-58.0,-53.0,-58.0,-2.6357790003832613,0.8764886590064096,nan,-0.38916160482277184,-1.0138032968625972,-2.5480154730791473,-0.9578344731939952,1.197878939357172,0.8474037441094361,nan,1.136203457462299,0.30755763717069895,0.574716452198651,0.9823899453486948,-4.980304718017578,6.876680374145508,2.179537057876587,-4.74,6.84,1.65
1743700119.316591,2c08d2cc-7a1c-9d34-25ea-6265acb43d72,51bf6cfc-8585-e6ab-d7e2-4b82ea4e76e8,33,-82.0,-68.0,nan,-86.0,nan,nan,nan,-2.6857598761413235,0.8729666284647798,nan,-0.19515271625548047,nan,nan,nan,1.0845495173284223,0.8562826566047331,nan,1.226103253747886,nan,nan,nan,nan,nan,nan,-4.74,6.84,1.65
1743700120.319315,2c08d2cc-7a1c-9d34-25ea-6265acb43d72,e44f3d32-2449-d0de-f896-3dfaa7ab9114,17,-72.0,-70.0,nan,-72.0,-53.0,-50.0,-61.0,-2.682750237793425,0.8907626698170162,nan,-0.10170851887510718,-1.0151591590119262,-2.4899341813397866,-2.129298065482441,1.0796149461446145,0.8964677600832112,nan,1.1201247555390001,0.22027099070765266,0.5079881223140006,0.8050126635553921,-4.821120262145996,6.923792362213135,2.256871461868286,-4.74,6.84,1.65
1743700121.320136,2c08d2cc-7a1c-9d34-25ea-6265acb43d72,bf68c246-23fc-91c1-aac1-7f2cb1df847d,14,-76.0,-71.0,nan,-72.0,-53.0,-50.0,-62.0,-2.723849471316073,0.8858179786210661,nan,-0.3392755375995166,-1.0030736193034575,-2.45861129206976,-1.2833950108386567,1.2021495844812233,0.9993336221890396,nan,1.097715653125556,0.18307638307645674,0.48204479008681694,0.7796383896548563,-4.689138889312744,6.966821193695068,2.3326635360717773,-4.74,6.84,1.65
1743700122.318823,2c08d2cc-7a1c-9d34-25ea-6265acb43d72,c4d1635a-f972-5a3a-5f19-548e43e7fcd2,17,-72.0,-70.0,-73.0,-72.0,-53.0,-50.0,-60.0,-2.744226382080705,0.9217932902064014,-2.6779048825061347,-0.2815912020722913,-1.0175191827409378,-2.464260030886367,-2.0485548448839985,1.2101289477393182,1.0171389180260642,0.3223512487406039,1.1058625957952446,0.16910757122927272,0.46847511868108316,0.6725293285594363,-4.574193954467773,6.9996018409729,2.37175464630127,-4.74,6.84,1.65
1743700123.32267,2c08d2cc-7a1c-9d34-25ea-6265acb43d72,8a769d85-a8e1-6efe-ff73-6e053406b179,25,-74.0,-68.0,-72.0,-74.0,-59.0,-51.0,-61.0,-2.761539326011201,0.932432618761268,-2.696201331827197,-0.2634521455716526,-1.0221004383142565,-2.5212364344063434,2.7439982580359468,1.0633372395088594,0.9509850644421143,0.2798082823015105,1.1571336399433958,0.23858210514568914,0.42370635403596746,1.2506094151711808,-4.48630142211914,7.0214691162109375,2.3925390243530273,-4.74,6.84,1.65
1743700124.263269,2c08d2cc-7a1c-9d34-25ea-6265acb43d72,65d4512e-4036-ecf4-d7d4-2c4bda2f001b,26,-74.0,-68.0,-73.0,-75.0,-60.0,-51.0,-62.0,-2.7716321739103833,0.9697664088186528,-2.7076976656208513,-0.25578756795440455,-1.0212978997730435,-2.5452142230490176,1.9729425620678682,1.088009496216653,0.9170967390450195,0.2830539100115037,1.2343360167837025,0.2817898752092266,0.33774336288359835,0.8779340056907524,-4.43251657485962,7.032907485961914,2.4605135917663574,-4.74,6.84,1.65
1743700125.319987,2c08d2cc-7a1c-9d34-25ea-6265acb43d72,6f9fcc61-0b8c-38ee-97ee-816c94e4812a,3,-76.0,-71.0,-92.0,-70.0,-66.0,-53.0,-57.0,-2.6823331867667184,0.9738447737120003,-2.7485707967669515,-0.2294590247856632,-1.2748699690096081,-2.6242753508943895,-0.2908691981907236,1.2190326942117804,0.8441124098972345,0.23626083807826648,1.1814036927475604,0.5016669121890595,0.4812788774174567,1.0641047135028028,-4.356715202331543,7.029135704040527,2.50152325630188,-4.74,6.84,1.65
1743700126.317562,2c08d2cc-7a1c-9d34-25ea-6265acb43d72,afe66d45-b20c-f989-1a6b-84498d018447,4,-75.0,-69.0,-91.0,-69.0,-61.0,-53.0,-56.0,-2.6948103627898488,0.9540327194145737,-2.691629216867749,-0.24152101399485007,-1.5289069273066576,-2.6784220543816577,-0.6704399948692894,1.3410805732801496,0.8287157435291048,0.23261049310636528,1.1774526269543184,0.539589044377844,0.576371219520557,0.5493236940030419,-4.352602005004883,7.0202317237854,2.39899492263794,-4.74,6.84,1.65
1743700127.261764,2c08d2cc-7a1c-9d34-25ea-6265acb43d72,1fab798e-65cd-2276-7554-beff0dd5d485,35,nan,-68.0,-85.0,-77.0,-55.0,-57.0,-72.0,nan,0.9655884417005366,-2.961377607888567,-0.24647129782908936,-1.2035418262176392,-2.4827014473888114,-0.7376786899323401,nan,0.7779336557570924,0.3410457407760923,1.0960888611736812,0.4307826522232855,0.47436395987231705,0.3605798816257584,-4.34330701828003,6.997374534606934,2.288796901702881,-4.74,6.84,1.65
1743700128.317005,2c08d2cc-7a1c-9d34-25ea-6265acb43d72,412baf9f-6ebb-5e8f-7598-b4c10c9fe2dc,3,nan,-72.0,nan,-70.0,nan,nan,nan,nan,0.9491514114525674,nan,-0.2579844095376109,nan,nan,nan,nan,0.7720113847040014,nan,1.151767636662995,nan,nan,nan,nan,nan,nan,-4.74,6.84,1.65
1743700129.263296,2c08d2cc-7a1c-9d34-25ea-6265acb43d72,338c35df-d229-bbeb-8251-aec8637d66f9,19,nan,-67.0,-70.0,-74.0,-53.0,-50.0,-60.0,nan,0.932197461637014,-2.7008831690235566,-0.21391548508341574,-1.1285851227663501,-2.4402558444685982,-1.4907222642290674,nan,0.8034549947994308,0.3583292900660567,1.062101333025981,0.32265861878034996,0.5223605313123912,0.8524135923668859,-4.3788604736328125,6.97423219680786,2.094197988510132,-4.74,6.84,1.65
