1743703553.391244,2c08d2cc-7a1c-9d34-25ea-6265acb43d72,12d524e7-60ab-7018-869d-ef4fb506f918,23,-70.0,-68.0,-78.0,-57.0,-51.0,-54.0,-37.0,-2.7953886360983264,-1.5077593037927208,-2.8678985230979137,0.5574073393207458,2.3894915782690846,2.3007842116712878,2.8186450717071256,0.2859944726186283,1.5194102340876543,0.954201896722821,0.14541928145220034,0.843930686285792,0.7796966554239871,0.39950697210177005,-6.55534029006958,1.4788466691970825,1.1252049207687378,-7.14,0.84,1.65
1743703554.390566,2c08d2cc-7a1c-9d34-25ea-6265acb43d72,0fb74b4b-9034-00e4-204a-f1a616882cdc,6,-70.0,-75.0,-83.0,-57.0,-52.0,-52.0,-40.0,-2.8034023541344837,-1.5716157814623137,-2.7956650722194762,0.5865143584547667,3.0481452204687267,2.5851422153925667,2.8247838329942283,0.28334599220405815,1.4976434195501094,0.8832614105536172,0.1252957621429107,0.9753556325029602,0.5364179529812901,0.48479717741924294,-6.561524868011475,1.4753118753433228,1.0799939632415771,-7.14,0.84,1.65
1743703555.337201,2c08d2cc-7a1c-9d34-25ea-6265acb43d72,2a929050-07d1-7c44-43ce-9d5c25e088e1,21,-72.0,-73.0,-81.0,-57.0,-52.0,-56.0,-39.0,-2.8013799496026777,-1.194248251843067,-2.9561053478785375,0.5746638242361322,2.2632295557670608,2.5713170452048497,2.7889780533935933,0.2962790681162963,1.4285347887367168,0.8468679826771394,0.12736915788721348,0.9399458313560064,0.5163830409895986,0.46284322619154084,-6.587613582611084,1.4488226175308228,1.0200691223144531,-7.14,0.84,1.65
1743703556.376557,2c08d2cc-7a1c-9d34-25ea-6265acb43d72,e90ee9f0-2988-ae40-003d-85c21027eb6d,18,-72.0,-76.0,-99.0,-60.0,nan,nan,nan,-2.777453577737188,-1.2087596834648542,-3.011436514266568,0.5762920809266067,nan,nan,nan,0.20904606147777396,1.4659347583471898,0.8160554086020043,0.1682739972950424,nan,nan,nan,nan,nan,nan,-7.14,0.84,1.65
1743703557.338111,2c08d2cc-7a1c-9d34-25ea-6265acb43d72,98f7e076-2b00-c003-4c9f-4fdc5808504e,21,-71.0,-73.0,-80.0,-58.0,-52.0,-55.0,-38.0,-2.758361908514628,-1.0841169533883661,-3.133147503457043,0.5721561917537136,2.029030307437583,2.5626703357429914,2.7757399670087457,0.22982594180484886,1.4743892295437557,0.7997253708508292,0.2832152642840488,0.8560849416322645,0.4819160254598405,0.42738019583939146,-6.62311887741089,1.42320191860199,0.952710509300232,-7.14,0.84,1.65
1743703558.340545,2c08d2cc-7a1c-9d34-25ea-6265acb43d72,3b8e8250-13fe-c86b-f6a9-39ef9e116e2d,7,-72.0,-76.0,-80.0,-56.0,-53.0,-53.0,-43.0,-2.8228152005845075,-1.0479014246727056,-3.125453631067804,0.7563223032481812,2.5275253442107117,2.6144923620654805,2.7792653944688306,0.23349451278546027,1.508963052605437,0.7846358335354131,0.21958399017413577,1.0719942686213593,0.36733247298482247,0.5118951113951508,-6.6703462600708,1.3951019048690796,0.8889402747154236,-7.14,0.84,1.65
1743703559.365543,2c08d2cc-7a1c-9d34-25ea-6265acb43d72,87aeceb8-aa5a-4f9b-6f9d-6f5e059e93b5,18,-71.0,-76.0,nan,-61.0,-52.0,-56.0,-38.0,-2.8104085983302642,-1.0836076238298884,nan,0.6083442899101463,2.1303439377190685,2.720545929275055,2.7520130192032277,0.21470168352672075,1.432432191833993,nan,0.23322846299256134,0.8728501583497097,0.5016004667302488,0.5409683639664726,-6.747230052947998,1.3688703775405884,0.840545952320099,-7.14,0.84,1.65
1743703560.338179,2c08d2cc-7a1c-9d34-25ea-6265acb43d72,2fbecb5f-2a99-d3db-3ec4-234a546abab3,24,-70.0,-67.0,nan,-58.0,-52.0,-53.0,-38.0,-2.7821399423074005,-1.3097948220583349,nan,0.5654974900801885,2.0371974239680752,2.599558413287023,2.7568229052059814,0.2533066003724003,1.476907914144698,nan,0.22084023654983978,0.7020011894906307,0.4274139566818242,0.4245756351770753,-6.871215343475342,1.319007396697998,0.7838045358657837,-7.14,0.84,1.65
1743703561.391124,2c08d2cc-7a1c-9d34-25ea-6265acb43d72,a94cbdf5-daed-8f23-a291-622fae48e2ea,30,-75.0,-66.0,nan,-58.0,-51.0,-52.0,-39.0,-2.768582854462243,-1.2959943212895442,nan,0.5298713189137625,2.2092054972351107,2.577983641094867,2.8045284164757014,0.2442222249990038,1.4846590444973735,nan,0.2227955960012032,0.7236159465512897,0.3599679798966821,0.3642750864186809,-6.897978782653809,1.251812219619751,0.7764936089515686,-7.14,0.84,1.65
1743703562.33898,2c08d2cc-7a1c-9d34-25ea-6265acb43d72,28e7e84e-fbc5-c511-1088-52703be18ce5,14,nan,-77.0,nan,-56.0,-52.0,-54.0,-39.0,nan,-1.304282078601871,nan,0.5539755899400697,2.1021859783501426,2.759618094318326,2.8526243539542806,nan,1.4831592853294957,nan,0.2194413612530052,0.6090169187897808,0.5086264940497297,0.5567866442241501,-6.897309303283691,1.170966625213623,0.7482067346572876,-7.14,0.84,1.65
1743703563.379954,2c08d2cc-7a1c-9d34-25ea-6265acb43d72,ad61cb1e-ffd5-fbab-17c9-1ae87d52f76a,9,-75.0,-72.0,nan,-55.0,-53.0,-53.0,-39.0,-2.75598823303504,-1.334061412753082,nan,0.6294602278772755,2.5033448494092316,2.7348021876595374,2.8217602477282044,0.2386278556551289,1.4858598638328901,nan,0.1429731180566921,0.8908425932431928,0.4376770715652228,0.6037784874430636,-6.888764381408691,1.145690679550171,0.7211673855781555,-7.14,0.84,1.65
1743703564.340325,2c08d2cc-7a1c-9d34-25ea-6265acb43d72,3045a134-1101-8477-62f3-245d26427831,15,-78.0,-81.0,nan,-57.0,-52.0,-55.0,-38.0,-2.7363056083665915,-1.3040146972284268,nan,0.6475936917396251,2.2140614391459605,2.896009745786391,2.8488730176519272,0.19229040065013372,1.4271713834166506,nan,0.11742066164149188,0.7457170653581324,0.5449078132959977,0.6768146602621665,-6.8660626411438,1.1344436407089233,0.7238694429397583,-7.14,0.84,1.65
1743703565.390591,2c08d2cc-7a1c-9d34-25ea-6265acb43d72,d4f55cea-a7ee-e800-377f-947a199e4633,10,-79.0,-71.0,nan,-55.0,-54.0,-54.0,-39.0,-2.792651705446052,-1.229636869040258,nan,0.6493194201259964,2.353189006621928,2.785895533831645,2.826931561821651,0.22457766688938652,1.5285222397573603,nan,0.12830074828128002,0.9044785980248062,0.47921342928869115,0.673459722559204,-6.856504440307617,1.12653124332428,0.7566919922828674,-7.14,0.84,1.65
1743703566.391239,2c08d2cc-7a1c-9d34-25ea-6265acb43d72,2c7c6877-60cc-c45b-30b7-7808d5cab0e2,29,-73.0,-67.0,nan,-58.0,-52.0,-53.0,-39.0,-2.7995306505417266,-1.246479232406137,nan,0.6140791410015229,2.41526232007514,2.657333422929385,2.8443105278213854,0.21743981260148568,1.5091424165048535,nan,0.09307659792615826,0.8181314882673503,0.3434038780408252,0.4873546138887207,-6.874557971954346,1.1179708242416382,0.7789804935455322,-7.14,0.84,1.65
1743703567.339108,2c08d2cc-7a1c-9d34-25ea-6265acb43d72,dd8e8313-fed6-6175-6f5e-b4e29606ae44,33,-85.0,-66.0,nan,-60.0,-51.0,-52.0,-40.0,-2.819988521403497,-1.4442443765329307,nan,0.5824370588258555,2.5400112804043475,1.6649338236701783,2.8687440472549905,0.10444023139612073,1.4908986977733747,nan,0.13933886024225073,0.8850920065058413,1.0621839458134474,0.4561611595769068,-6.869575023651123,1.10714054107666,0.8331206440925598,-7.14,0.84,1.65
1743703568.339577,2c08d2cc-7a1c-9d34-25ea-6265acb43d72,12f9fd62-6d48-3b79-fdf6-f41bbe81eedb,15,-75.0,-80.0,-81.0,-57.0,-52.0,-55.0,-39.0,-2.7984544671452256,-1.7092815024273442,-2.6935181970289426,0.5977206740057113,2.208693549490095,2.5932819689694484,2.863612455288621,0.1241792651454086,1.3180572793403056,0.821679006138843,0.11428495590549173,0.8008781088122021,1.013605009317085,0.6098205370210883,-6.865869045257568,1.082905650138855,0.8493769764900208,-7.14,0.84,1.65
1743703569.379983,2c08d2cc-7a1c-9d34-25ea-6265acb43d72,6eecd0f6-5d3d-478f-312b-a3a206c8fa5d,21,-70.0,-73.0,-82.0,-58.0,-52.0,-56.0,-38.0,-2.803743771386232,-1.4872520312927293,-2.9236587247375567,0.5802820288717634,1.9744327536717041,2.600954033559824,2.8187684148018644,0.1530801472886791,1.474264060972522,0.7662184101218339,0.11481941072437858,0.7968588539117459,0.7087630594353488,0.5179342407083147,-6.899463653564453,1.0451387166976929,0.861400544643402,-7.14,0.84,1.65
1743703570.378891,2c08d2cc-7a1c-9d34-25ea-6265acb43d72,11f2186b-8d1f-3b3b-49bd-676fcb424371,1,-69.0,-73.0,-76.0,-54.0,-54.0,-57.0,-39.0,-2.808840795396535,-1.2422930094886417,-3.0661743283637297,0.5965068051808531,-3.0711875912534685,2.5535900499806874,2.8729673033519805,0.23007211775811306,1.4243068873481615,0.8255766089732013,0.10225163728991521,0.7318049978989603,0.44783239696496147,0.5594026223161065,-6.91290807723999,1.0165103673934937,0.889247715473175,-7.14,0.84,1.65
1743703571.379579,2c08d2cc-7a1c-9d34-25ea-6265acb43d72,77fca577-f4bb-0782-ce4c-c35cfdd0f6b3,33,-85.0,-66.0,-78.0,-60.0,-53.0,-52.0,-41.0,-2.8293316894558225,-1.2043501544899555,-3.095946338821944,0.5230725349668992,2.8885883393532454,1.5417588086632728,2.881067792327938,0.19939147002547783,1.4149100565998713,0.8437287149631812,0.1396071737220762,0.8041522450994942,1.0294908342884483,0.5088634710785586,-6.892045974731445,1.0075572729110718,0.9386805295944214,-7.14,0.84,1.65
1743703572.339858,2c08d2cc-7a1c-9d34-25ea-6265acb43d72,15d20c61-5683-4221-88fc-7c73fa829144,20,-69.0,-75.0,-87.0,-60.0,-53.0,-56.0,-38.0,-2.7951175262993564,-1.0747663284849889,-3.0714713557718976,0.5389007665896761,2.2812695397274183,2.2735165285896786,2.8022233841364264,0.1823817269850872,1.4934855592982232,0.8943642622962121,0.18151568364335027,0.9286820993818117,0.8823646547037934,0.4985498151855666,-6.839433193206787,1.0243773460388184,1.01258909702301,-7.14,0.84,1.65
1743703573.379387,2c08d2cc-7a1c-9d34-25ea-6265acb43d72,e02a4329-90fb-5198-29f6-dfa1d93864d0,0,-70.0,-72.0,-77.0,-53.0,-52.0,-58.0,-38.0,-2.756386641934116,-1.132410450279754,-3.1208674013545785,0.5732166624997832,2.401065844852163,2.396757282195033,2.8729673033519805,0.2233708554414171,1.4803038440087126,0.872986801910037,0.12967845976982684,0.5545264661970992,0.5213838535666284,0.5594026223161065,-6.809922218322754,1.0261917114257812,1.0962224006652832,-7.14,0.84,1.65
1743703574.39191,2c08d2cc-7a1c-9d34-25ea-6265acb43d72,42dfbfa5-32ae-cbbe-3d4f-adc1229becbd,3,-70.0,-76.0,-76.0,-54.0,-55.0,-53.0,-39.0,-2.7862499988177194,-1.1665324680625033,-3.04017841401514,0.5870123695786116,-3.063272491594684,2.5482816651092497,2.835558816864329,0.17300620152551777,1.5249703818115217,0.8138350646221781,0.1413170812670968,0.4699981115991169,0.39970413030851576,0.5373516787548388,-6.81379270553589,1.033599853515625,1.124124526977539,-7.14,0.84,1.65
1743703575.380252,2c08d2cc-7a1c-9d34-25ea-6265acb43d72,9fb9a1ca-e54d-99c0-756e-2dff81f1e131,4,-70.0,-79.0,-79.0,-55.0,-55.0,-52.0,-39.0,-2.8061752374614746,-1.308563509528337,-2.9082890894544917,0.6002434865063433,-2.5340746351644685,2.6419985018409355,2.8187684148018644,0.205624715070106,1.4934320297603128,0.7432595646803697,0.1449098187356682,0.3809039848163557,0.32499936186879014,0.5179342407083147,-6.80979061126709,1.044485092163086,1.1287392377853394,-7.14,0.84,1.65
1743703576.381203,2c08d2cc-7a1c-9d34-25ea-6265acb43d72,2500f765-d8f7-a276-0991-5ac8e0b28119,23,-69.0,-68.0,-77.0,-57.0,-51.0,-54.0,-37.0,-2.8185871660378976,-1.0987721957090177,-2.947386158469618,0.6131379798722889,2.9174214181769904,2.581405375476946,2.8137138258846974,0.1889427905151473,1.46882588602658,0.7353535715103059,0.15102488600692407,0.7901850882815165,0.34519808479327574,0.4325820581358988,-6.79975700378418,1.0640959739685059,1.1120834350585938,-7.14,0.84,1.65
1743703577.339593,2c08d2cc-7a1c-9d34-25ea-6265acb43d72,361d57b3-02d3-d50b-6cae-cba898e6d1c1,20,-70.0,-75.0,-85.0,-59.0,-53.0,-56.0,-38.0,-2.8098828903310826,-1.1175739798469229,-3.031936196757454,0.5708770754821486,2.3153041093660067,2.614089424684412,2.769758155754873,0.14570979903761438,1.4923961932543266,0.7203601743102417,0.15949964716204468,0.9054646307782221,0.4466743192678687,0.4599397102378498,-6.813705921173096,1.0680606365203857,1.0886133909225464,-7.14,0.84,1.65
1743703578.340683,2c08d2cc-7a1c-9d34-25ea-6265acb43d72,6c5ace2c-abd0-5ad6-59c0-3c43ff219621,36,-79.0,-66.0,-77.0,-62.0,-55.0,-52.0,-41.0,-2.7733070359199345,-1.1314238822539342,-3.0361860692250016,0.5572611317769004,2.1974161271042862,2.620911155573369,2.84153348898711,0.16062649719828442,1.4144344160291833,0.7978118896076073,0.16511237567268436,0.6267548653511337,0.3371066596490073,0.5040352756432468,-6.82309865951538,1.0671430826187134,1.0947723388671875,-7.14,0.84,1.65
1743703579.391765,2c08d2cc-7a1c-9d34-25ea-6265acb43d72,f453cdc7-6185-5839-ba61-fa1f6f63b5c4,9,-75.0,-71.0,-77.0,-55.0,-51.0,-53.0,-39.0,-2.81679326072762,-1.0347607220639823,-2.9863258346643207,0.5751836732809157,2.615222643162139,2.654348563776343,2.825457523029843,0.16582929863813367,1.4622719797419497,0.8468376892197398,0.15531994898921977,0.9083038272535097,0.3588383507790208,0.5872000986774557,-6.782941818237305,1.0888302326202393,1.1051504611968994,-7.14,0.84,1.65
1743703580.379854,2c08d2cc-7a1c-9d34-25ea-6265acb43d72,0ec690d4-8e4c-bdb6-eb42-e84a3a60f35a,5,-70.0,-75.0,nan,-56.0,nan,nan,nan,-2.777080468868468,-0.9503393144567973,nan,0.5851870389674713,nan,nan,nan,0.161951403195842,1.4579054608186557,nan,0.1533108269733504,nan,nan,nan,nan,nan,nan,-7.14,0.84,1.65
1743703581.379115,2c08d2cc-7a1c-9d34-25ea-6265acb43d72,256c97e8-7f18-7922-0cff-86dbb4c5aff2,13,-79.0,-74.0,nan,-56.0,-50.0,-53.0,nan,-2.743952342804536,-0.9466690790005046,nan,0.5917930100514128,2.294268743036714,2.7665391442686222,nan,0.2270158574463813,1.4186336884360202,nan,0.14269681509359644,0.7573506843573219,0.4761901352021297,nan,-6.71350860595703,1.1267694234848022,1.1093029975891113,-7.14,0.84,1.65
1743703582.390417,2c08d2cc-7a1c-9d34-25ea-6265acb43d72,cdd3ec42-ff17-c6b0-7c44-b2b99a894f2a,30,-77.0,-66.0,nan,-58.0,-51.0,-52.0,-39.0,-2.7422303428436905,-1.088361632691789,nan,0.5642993339057618,2.3569880572806774,2.654348563776343,2.8302379443863854,0.13103576478652093,1.5127154465813584,nan,0.19389656974831734,0.7540057477333082,0.3588383507790208,0.45159776121531553,-6.657771110534668,1.1551226377487183,1.1005363464355469,-7.14,0.84,1.65
1743703583.390303,2c08d2cc-7a1c-9d34-25ea-6265acb43d72,0e28c8f4-2089-14b4-0fbc-3e28141800eb,27,-72.0,-66.0,nan,-58.0,-54.0,-53.0,-37.0,-2.715349726380976,-1.0622824945591336,nan,0.5474154252268775,2.1444759223179557,2.5754907646135936,2.823078529945974,0.13616745982526507,1.5090502711311364,nan,0.17508536467805627,0.7956513840631436,0.28282172212628337,0.36638002352046106,-6.619673252105713,1.1632024049758911,1.0789108276367188,-7.14,0.84,1.65
1743703584.342267,2c08d2cc-7a1c-9d34-25ea-6265acb43d72,a28dbb35-3d68-fdb0-0415-868ebcf7c3a3,19,-71.0,-75.0,nan,-60.0,-53.0,-55.0,-39.0,-2.6778974256550825,-1.2448867952323242,nan,0.5624159463828577,1.967580629725402,1.5707963265746276,2.7728234213152736,0.12089957394059761,1.4655782942352829,nan,0.1800104649952375,0.7385475768381908,1.0995574287564276,0.44366936107497085,-6.554458141326904,1.1872059106826782,1.0472091436386108,-7.14,0.84,1.65
1743703585.391458,2c08d2cc-7a1c-9d34-25ea-6265acb43d72,e9158b9a-c048-b615-c44b-ff0c14a39237,33,-87.0,-66.0,nan,-60.0,-53.0,-54.0,-40.0,-2.6308468260444346,-1.3778548331925087,nan,0.5355968489413239,2.170347838506173,0.8013236345429543,2.8518607940733722,0.11455396014272494,1.4463900854232075,nan,0.16654497324682202,0.7540057477234919,0.8584552476781682,0.4372325831547362,-6.5452141761779785,1.1878682374954224,1.0453435182571411,-7.14,0.84,1.65
1743703586.342045,2c08d2cc-7a1c-9d34-25ea-6265acb43d72,70ffbbcd-73a3-568d-5cf8-170734f67ab6,5,-70.0,-77.0,nan,-56.0,-54.0,-52.0,-39.0,-2.7008863648168644,-1.2654233625043068,nan,0.48595952096388195,-3.0034571562780736,2.2702648091683693,2.8247838329942283,0.13259358918854122,1.504393068174861,nan,0.2364118226673171,0.8854323010083227,1.0103625193437473,0.48479717741924294,-6.5274271965026855,1.1892977952957153,1.0819358825683594,-7.14,0.84,1.65
1743703587.391219,2c08d2cc-7a1c-9d34-25ea-6265acb43d72,38e3f6f0-59e7-bbcf-00a4-4ca4820c5aeb,2,-69.0,-74.0,nan,-54.0,-55.0,-55.0,-38.0,-2.7107350008440867,-1.322207549583085,nan,0.5628010394764833,-2.6535517218241336,2.5278382958830163,2.8386180723163674,0.14658008679233864,1.5166064580920187,nan,0.23079123783146172,0.5207749632359242,0.6178276234755123,0.5207012549525525,-6.53864860534668,1.1837824583053589,1.149227499961853,-7.14,0.84,1.65
1743703588.339972,2c08d2cc-7a1c-9d34-25ea-6265acb43d72,65560435-4aa9-aa7d-5899-ec6ee2bb791b,13,-87.0,-74.0,nan,-56.0,-51.0,-53.0,-38.0,-2.7110255517190143,-1.3933473733598813,nan,0.5813851101952742,2.813035958423062,2.68829358737305,2.860185644493725,0.1885335458793862,1.5011016673836315,nan,0.16155217870368238,0.7231373413087907,0.6123224472926708,0.6265956528488427,-6.551828384399414,1.1755989789962769,1.1749686002731323,-7.14,0.84,1.65
1743703589.391655,2c08d2cc-7a1c-9d34-25ea-6265acb43d72,c71f13ea-4f3f-d84a-8ff9-7437eed47764,1,-67.0,-73.0,-76.0,-54.0,-55.0,-57.0,-39.0,-2.7353332882526034,-1.143606645818556,-2.9537263460767695,0.6341971925081995,-2.86388858396763,2.585070208471585,2.863612455288621,0.2485861473402349,1.4840691543159212,0.7616550835939832,0.18405319346424823,0.48975386692993145,0.4083211274353203,0.6098205370210883,-6.56870985031128,1.1792958974838257,1.1694296598434448,-7.14,0.84,1.65
1743703590.392013,2c08d2cc-7a1c-9d34-25ea-6265acb43d72,4ce020d9-b041-a3df-2ea6-c21f10e10a96,34,-80.0,-66.0,-77.0,-61.0,-53.0,-52.0,-40.0,-2.6808247723252974,-1.1099938244362302,-2.9282833039704794,0.5520930013654927,2.9316071525459098,2.6057848421812997,2.896009745786391,0.1385990340914267,1.4752478326791971,0.8216685532315645,0.2035997472457506,0.7220073747518821,0.3188088659532153,0.5449078132959977,-6.601598739624023,1.1668214797973633,1.1538007259368896,-7.14,0.84,1.65
1743703591.378939,2c08d2cc-7a1c-9d34-25ea-6265acb43d72,3219adbe-dc67-bae6-68e1-f88b9415af5f,34,-79.0,-66.0,-77.0,-60.0,-53.0,-52.0,-40.0,-2.6465379048710727,-1.312751197184432,-2.92062165583043,0.5679425382769903,2.6434100931760844,2.5959966816556435,2.9031871180349045,0.12581030983264924,1.4973487407754922,0.8839943790646342,0.21293352765523307,0.7730584995838469,0.2709185204790966,0.4940726031475868,-6.645763397216797,1.146999716758728,1.1343109607696533,-7.14,0.84,1.65
1743703592.341982,2c08d2cc-7a1c-9d34-25ea-6265acb43d72,af3e9aa5-f5b7-1882-ec42-0c740684b0dc,14,-79.0,-75.0,-79.0,-57.0,-51.0,-55.0,-39.0,-2.6725412760707155,-1.2336509185932798,-2.8221411545126083,0.5654165299830501,2.255823727177381,2.7728234213152736,2.9028442896627933,0.15152710825424262,1.4682498442827958,0.9057661204501956,0.22397249682117962,0.6806951093853975,0.44366936107497085,0.6319979582121665,-6.65210485458374,1.14958131313324,1.1019634008407593,-7.14,0.84,1.65
1743703593.341836,2c08d2cc-7a1c-9d34-25ea-6265acb43d72,b72f62a8-eda8-c829-a72c-977ab46980b5,17,-73.0,-79.0,-88.0,-59.0,-52.0,-56.0,-38.0,-2.7301337325403328,-1.453477556032235,-2.7628919455288523,0.5687968803546877,2.0344439356825657,2.8289850128835585,2.817885513986583,0.17641459831238526,1.4597293266911964,0.8405916443571224,0.17721501137800857,0.6590580358537951,0.570602109408092,0.6203361015884801,-6.660473823547363,1.1510001420974731,1.061704397201538,-7.14,0.84,1.65
1743703594.392218,2c08d2cc-7a1c-9d34-25ea-6265acb43d72,053387ff-036d-a32e-3221-d60f31e77226,24,-71.0,-68.0,-77.0,-57.0,-51.0,-53.0,-38.0,-2.7843474365349667,-1.2912590877133285,-2.8041094234039,0.5186780528521594,2.0333252221406704,2.6630067444021224,2.805311279569985,0.1655095195702424,1.4554544205094013,0.8878279328747761,0.22565902680525637,0.567365386511418,0.40857190247651665,0.48208295800528683,-6.66110610961914,1.1607736349105835,1.0183972120285034,-7.14,0.84,1.65
1743703595.392304,2c08d2cc-7a1c-9d34-25ea-6265acb43d72,09f6fda3-8456-39d2-e214-58f16cd2804e,34,-80.0,-65.0,-77.0,-60.0,nan,-52.0,nan,-2.6946537689177523,-1.2991693419411368,-2.858113270304636,0.43984289194752485,nan,2.6419985018409355,nan,0.12221647381012818,1.3810064180265087,0.9005113041453058,0.3063347316287584,nan,0.32499936186879014,nan,nan,nan,nan,-7.14,0.84,1.65
1743703596.380442,2c08d2cc-7a1c-9d34-25ea-6265acb43d72,9adba78e-aa6c-73b2-412b-10ac4b55df64,2,-69.0,-73.0,-74.0,-54.0,-54.0,-53.0,-38.0,-2.7081666482888145,-1.285770978496948,-2.919122828768934,0.6027308789644773,3.098988062224282,2.6318107758643747,2.8187684148018644,0.15593057853766132,1.4854903502316419,0.8552440903586294,0.22899080777651362,0.6104387544088928,0.2763498422419288,0.5179342407083147,-6.592137813568115,1.194215178489685,0.9743677377700806,-7.14,0.84,1.65
1743703597.380567,2c08d2cc-7a1c-9d34-25ea-6265acb43d72,f8062214-8fc2-7474-bcd8-70325ff5c4e0,33,-80.0,-65.0,-78.0,-60.0,-53.0,-52.0,-40.0,-2.6876107730989287,-1.2462889495462508,-2.9204972862075236,0.531368548078605,2.7235126477677953,2.6007194831940263,2.866377020417936,0.13145616140934677,1.4359053533696198,0.9239195580207208,0.2560605419661377,0.7057685629229689,0.2410361519557839,0.472963270374212,-6.579150199890137,1.2174794673919678,0.9223077297210693,-7.14,0.84,1.65
1743703598.343101,2c08d2cc-7a1c-9d34-25ea-6265acb43d72,87fee8c4-ae08-8852-7262-9a0403f29969,17,-75.0,-80.0,nan,-59.0,-53.0,-57.0,-38.0,-2.688505861541304,-1.245972166534586,nan,0.531537392491716,2.2686761896436893,2.769758155754873,2.835558816864329,0.15110566301173753,1.387221570220481,nan,0.23936854733330715,0.7801250614383728,0.4599397102378498,0.5373516787548388,-6.55419635772705,1.2329392433166504,0.8616833090782166,-7.14,0.84,1.65
1743703599.38058,2c08d2cc-7a1c-9d34-25ea-6265acb43d72,d3b1626a-b0f5-b951-cd3d-c43f6b70304b,0,-69.0,-72.0,nan,-54.0,-53.0,-57.0,-39.0,-2.6992346723087977,-1.0432088016739314,nan,0.5793512540707807,2.3916742655761936,2.584654511956686,2.8906094056488207,0.12960734504634336,1.3464694797459253,nan,0.17776716789576608,0.4886407861797112,0.3303972586811815,0.5787443454643074,-6.50034761428833,1.251953125,0.819953978061676,-7.14,0.84,1.65
1743703600.391793,2c08d2cc-7a1c-9d34-25ea-6265acb43d72,2b885d43-e7fc-0b45-fbac-4492e83541b0,8,-72.0,-74.0,nan,-56.0,-53.0,-53.0,-40.0,-2.8074530221524943,-1.095159617690325,nan,0.6068113743866967,2.8151838762612393,2.623872978636104,2.825457523029843,0.32961641877336734,1.4687149653671785,nan,0.15166449407697705,0.7932102871404042,0.3219533185017456,0.5872000986774557,-6.480993270874023,1.25359833240509,0.8047009706497192,-7.14,0.84,1.65
1743703601.34835,2c08d2cc-7a1c-9d34-25ea-6265acb43d72,cc887032-8a50-4005-cf30-fa1efb391ed5,31,-79.0,-66.0,nan,-59.0,-52.0,-52.0,-39.0,-2.8231238609548472,-1.1908633740975763,nan,0.5851327104812337,2.789983453838542,1.6022709037064573,2.86388858396763,0.3116619526257847,1.4877722798116764,nan,0.14977563042908154,0.8590581993547659,1.0643761465699988,0.48975386692993145,-6.482107639312744,1.2424943447113037,0.796182632446289,-7.14,0.84,1.65
1743703602.391527,2c08d2cc-7a1c-9d34-25ea-6265acb43d72,6ff358f7-6693-f8eb-17bf-fee1cfa44075,13,-87.0,-74.0,nan,-57.0,-52.0,-54.0,-38.0,-2.8843422112486077,-1.2147007963826575,nan,0.5863087624186127,2.345194713208714,2.4561810090517335,2.8846650842570267,0.31474329658603367,1.4634505616823639,nan,0.14126564896854468,0.7662843205407311,0.9689692457611945,0.6125317115485619,-6.506685733795166,1.2208731174468994,0.7883567810058594,-7.14,0.84,1.65
1743703603.379378,2c08d2cc-7a1c-9d34-25ea-6265acb43d72,ae5d28ea-b321-99d6-c0d0-a0d471613b40,18,-73.0,-79.0,-91.0,-60.0,nan,nan,nan,-2.821523833771928,-1.297699809651631,-2.669553475643755,0.6065905983323292,nan,nan,nan,0.2786131887623374,1.4416937339989073,0.9310475752573452,0.16549498869754467,nan,nan,nan,nan,nan,nan,-7.14,0.84,1.65
1743703604.343265,2c08d2cc-7a1c-9d34-25ea-6265acb43d72,cb638481-f3aa-3c34-2bb2-dda853fbc7ad,23,-69.0,-68.0,-77.0,-57.0,-50.0,-53.0,-37.0,-2.842710611824053,-1.1325503993950377,-2.69424630527097,0.5367015281614886,2.146521379322703,2.5330928745500176,2.8247838329942283,0.2953201969658133,1.421673553662291,0.8776797578039475,0.192599943192585,0.697702714797036,0.6531171678710243,0.48479717741924294,-6.550997734069824,1.189097285270691,0.767545521259308,-7.14,0.84,1.65
1743703605.379907,2c08d2cc-7a1c-9d34-25ea-6265acb43d72,abe3ffde-da53-a015-fb70-8a2abdfb163d,32,-83.0,-65.0,-80.0,-59.0,-51.0,-52.0,-40.0,-2.861517589126084,-1.0789951619799256,-2.6902001646268126,0.6015082217080219,2.4465235293655296,1.3248062298627301,2.8687440472549905,0.2086263972242479,1.4819980139361664,0.8710288458766109,0.22588689352602628,0.8501254707257044,1.0473627037730469,0.4561611595769068,-6.572235107421875,1.177955150604248,0.7453105449676514,-7.14,0.84,1.65
1743703606.380787,2c08d2cc-7a1c-9d34-25ea-6265acb43d72,e8fca316-07e2-037c-156d-3f3051a0ef3a,25,-72.0,-66.0,-76.0,-58.0,-52.0,-53.0,-37.0,-2.839976610648978,-1.0399311161623166,-2.7595033393578356,0.5542134102254137,2.1751489189550237,2.3007842116712878,2.806668475919549,0.240849015228039,1.4800722821519303,0.8936361540541845,0.2707523361727506,0.7000856602345537,0.7796966554239871,0.34779767513388177,-6.57374095916748,1.175840139389038,0.72314190864563,-7.14,0.84,1.65
1743703607.392213,2c08d2cc-7a1c-9d34-25ea-6265acb43d72,7b58dd80-4168-dee5-dccd-880b95eece77,32,-82.0,-66.0,-80.0,-60.0,-52.0,-53.0,-40.0,-2.8592629569472225,-1.0694213641772,-2.7426671012624637,0.5389050276474202,2.4923026009885416,1.1880285119231833,2.8583306489023528,0.1915692166269403,1.5036533751820915,0.8808980548232537,0.2289897591568344,0.868147537502372,0.9821729095813541,0.3870057307375776,-6.5630083084106445,1.1696557998657227,0.6963330507278442,-7.14,0.84,1.65
1743703608.39165,2c08d2cc-7a1c-9d34-25ea-6265acb43d72,827ac311-b7c1-ccdd-e758-dc8972b86e3b,14,-86.0,-74.0,-80.0,-57.0,-53.0,-56.0,-39.0,-2.862387111221995,-1.3310750770647222,-2.6379638577415627,0.562089442833214,2.1536248878424638,2.3571913695402302,2.8729673033519805,0.16754800293712993,1.4545425541521582,0.8936298956256228,0.18820123330961475,0.7415843406533552,1.1180327452434398,0.5594026223161065,-6.570032596588135,1.1509149074554443,0.659016788005829,-7.14,0.84,1.65
1743703609.391811,2c08d2cc-7a1c-9d34-25ea-6265acb43d72,b3370704-3dae-9830-db51-cd89ec86eebf,15,-80.0,-80.0,-83.0,-57.0,-53.0,-56.0,-38.0,-2.87561183656311,-1.3790516577863907,-2.671196912352443,0.6155289658989621,2.005019454999482,2.814847914235946,2.8746129653319152,0.14859769763418265,1.229805180821151,0.8769774822244936,0.15523382901746935,0.6108413592391582,0.9341632418663649,0.663106792028618,-6.55080509185791,1.1360626220703125,0.617099702358246,-7.14,0.84,1.65
1743703610.380122,2c08d2cc-7a1c-9d34-25ea-6265acb43d72,2b9426e5-9674-1011-175a-545f10719253,31,-79.0,-66.0,-80.0,-59.0,-50.0,-52.0,-40.0,-2.842844568826884,-1.3697857214056777,-2.6773304386590047,0.5629738786312294,2.3682063820510946,0.9198780749745323,2.8784974356676747,0.1382387583302094,1.4397251253211205,0.8985082741104299,0.14877902561490344,0.8338172517782989,1.1034953766775033,0.5257220515521831,-6.580353260040283,1.118351936340332,0.5751343965530396,-7.14,0.84,1.65
1743703611.379469,2c08d2cc-7a1c-9d34-25ea-6265acb43d72,17a0923b-705b-41d0-99b4-cf487cbfcc1b,4,-69.0,-79.0,-78.0,-56.0,-53.0,-52.0,-39.0,-2.863158628989791,-1.3993080605116965,-2.7039026610674886,0.583798733091213,-2.8426424610146035,2.4468322117275085,2.8386180723163674,0.13571042809269385,1.523737338226815,0.8700994692352004,0.16581140552455972,0.6069020886082934,0.9457453146479947,0.5207012549525525,-6.6103668212890625,1.1013603210449219,0.5347498655319214,-7.14,0.84,1.65
1743703612.380927,2c08d2cc-7a1c-9d34-25ea-6265acb43d72,dd52c5a6-c8e0-cbca-70e9-54902a6870f4,20,-72.0,-76.0,-85.0,-59.0,-52.0,-55.0,-38.0,-2.8453838929262747,-1.2854414123120508,-2.7663971981556146,0.5747146906129527,2.6036930881742917,2.579657617415681,2.7989831535610254,0.12933307274357878,1.483729867593045,0.9010671058648054,0.1711184863658424,0.9233441296254602,0.7022987807838322,0.5149982897059284,-6.615909099578857,1.0866807699203491,0.49191874265670776,-7.14,0.84,1.65
1743703613.379985,2c08d2cc-7a1c-9d34-25ea-6265acb43d72,759bdeff-5355-10de-e88c-527253d0946d,1,-67.0,-73.0,-75.0,-54.0,-51.0,-56.0,-39.0,-2.8216684434191195,-1.2645806051773507,-2.8083976453911452,0.5082001118593518,-2.8217602477282044,2.5535900499806874,2.8323498806867446,0.17203592871661785,1.5091970113072004,0.9030293229559758,0.11872564386514434,0.6037784874430636,0.44783239696496147,0.5539856232098793,-6.626662731170654,1.0646905899047852,0.45414844155311584,-7.14,0.84,1.65
1743703614.380314,2c08d2cc-7a1c-9d34-25ea-6265acb43d72,5c02087a-66f8-3cbf-0a7d-934f6f95d0ab,23,-68.0,-68.0,-77.0,-57.0,-50.0,-54.0,-37.0,-2.7879419050582466,-1.09676630277597,-2.8751428538951473,0.4430852905746963,2.6817443500589238,2.5305924790915153,2.8110515516231254,0.20646847108247032,1.4833783303291546,0.8751398344933116,0.1435557511241742,0.8005963785271919,0.3195838662327411,0.44909813333097764,-6.60771083831787,1.0667366981506348,0.4409242272377014,-7.14,0.84,1.65
1743703615.380063,2c08d2cc-7a1c-9d34-25ea-6265acb43d72,5c7bd6b6-57a9-e7bd-50c4-2c708c492af1,19,-70.0,-76.0,-92.0,-60.0,-53.0,-55.0,-38.0,-2.7502176955850564,-0.9361140394941392,-2.9637728549729845,0.47493270247040886,2.1444759223179557,1.570796326581891,2.7665391442686222,0.2170221290740204,1.441669099758824,0.8394565385215035,0.1733079709665374,0.7956513840631436,1.0821041362364843,0.4761901352021297,-6.61292839050293,1.059424877166748,0.44833171367645264,-7.14,0.84,1.65
1743703616.388917,2c08d2cc-7a1c-9d34-25ea-6265acb43d72,b0d42f92-8515-e87c-b462-274772985bd3,15,-76.0,-77.0,-81.0,-57.0,-51.0,-55.0,-39.0,-2.707327752545439,-1.1904717562592801,-2.7595408899292058,0.5190719343773822,2.040731317714664,2.592950721249052,2.817885513986583,0.19523162904753086,1.2780560671350978,0.8820710441253792,0.22007354576151958,0.608907864571581,1.0514995483038485,0.6203361015884801,-6.613579750061035,1.0532822608947754,0.45698314905166626,-7.14,0.84,1.65
1743703617.380226,2c08d2cc-7a1c-9d34-25ea-6265acb43d72,f6876e6d-7a8e-93fb-035c-713b2135d3eb,11,-85.0,-72.0,-77.0,-56.0,-53.0,-53.0,-38.0,-2.6634439177870046,-1.019753409847222,-2.6624976966516996,0.5656815145115129,2.0372396563487314,2.7130094549338852,2.83114134640392,0.24882643104958732,1.4553417687952908,0.9584960442434921,0.19210854003719496,0.5880437283243611,0.7904542644498758,0.6568519537401133,-6.548794269561768,1.0684542655944824,0.46344050765037537,-7.14,0.84,1.65
1743703618.391588,2c08d2cc-7a1c-9d34-25ea-6265acb43d72,c3a2f1b6-1d36-06e1-e9c1-361a1667abec,29,-74.0,-66.0,-79.0,-58.0,-51.0,-52.0,-39.0,-2.7089179260323255,-1.1271215455129113,-2.758882556507738,0.5513686215489911,2.2037944640359863,2.6292269956221888,2.849469562098552,0.23450087142713075,1.4958545742459033,0.966798715257923,0.19675525679667877,0.648073036837977,0.5314697238843976,0.4539525046471645,-6.39371109008789,1.1050355434417725,0.473156452178955,-7.14,0.84,1.65
1743703619.345481,2c08d2cc-7a1c-9d34-25ea-6265acb43d72,12cf0a8d-c3bd-a62f-de7c-dfc6425ed2c2,33,-80.0,-66.0,-79.0,-60.0,-53.0,-52.0,-40.0,-2.6935099412295633,-1.105374704683542,-2.734714635931378,0.5448276315956474,2.337402683969091,1.4403484797011754,2.8709939354141714,0.178257422562936,1.4911747344203616,0.9865013136345474,0.2145522968343241,0.7440610811815735,1.077542334218804,0.4393481920381818,-6.25261926651001,1.1469848155975342,0.4869270622730255,-7.14,0.84,1.65
1743703620.380545,2c08d2cc-7a1c-9d34-25ea-6265acb43d72,19b8f6a9-b655-8ffc-7f1f-3d5c1f29c209,19,-71.0,-76.0,-90.0,-60.0,-55.0,-55.0,-38.0,-2.687261100047801,-1.2747620031827784,-2.7053572796548897,0.5416142614243579,2.004079378902633,2.36593798454493,2.805311279569985,0.17227324965925753,1.4907856465851008,0.9371151217478999,0.1703975686587579,0.8046055484474056,0.9509624398106333,0.48208295800528683,-6.211819648742676,1.1753143072128296,0.5002617239952087,-7.14,0.84,1.65
1743703621.344955,2c08d2cc-7a1c-9d34-25ea-6265acb43d72,2bbd34b5-060e-9f7b-8140-e625c27501d9,26,-72.0,-66.0,-76.0,-58.0,-54.0,-53.0,-37.0,-2.6897170672050725,-1.3238359394316142,-2.787516331916052,0.4590181844283134,1.996310343433031,2.483431189633525,2.781145452964779,0.23304234132187843,1.483962361556209,0.956506196856012,0.1935540372978627,0.724594076958273,0.5697634249967738,0.39474959245051155,-6.197309970855713,1.1999671459198,0.4988628625869751,-7.14,0.84,1.65
1743703622.381286,2c08d2cc-7a1c-9d34-25ea-6265acb43d72,e3ef6867-d7f2-ca9d-575a-cf45a4179979,6,-70.0,-76.0,-84.0,-57.0,-53.0,-51.0,-40.0,-2.807839446826665,-1.4150396193869037,-2.822101473412366,0.5432742097318043,3.050475480844975,2.566642050188581,2.7889780533935933,0.20642026786673992,1.5267780024014128,0.9058159881416075,0.19376031576904618,0.9579765880391636,0.40407378589740056,0.46284322619154084,-6.2099347114563,1.2304762601852417,0.508886456489563,-7.14,0.84,1.65
1743703623.346459,2c08d2cc-7a1c-9d34-25ea-6265acb43d72,94b91e4c-195e-83d5-ffc6-282a1815c818,19,-70.0,-75.0,nan,-60.0,-55.0,-56.0,-39.0,-2.7287464919285105,-1.0434199903483747,nan,0.5174458082157798,2.2880664219945794,1.5350288510036534,2.763161027972889,0.2571660700689,1.4376819481328118,nan,0.19559315316550913,0.9754482741074761,1.1166985499641484,0.49241947153321713,-6.196646690368652,1.2630592584609985,0.527716100215912,-7.14,0.84,1.65
1743703624.380321,2c08d2cc-7a1c-9d34-25ea-6265acb43d72,ac63c636-b7d4-1fb9-2d4f-b3d1a564d80e,16,-74.0,-81.0,-83.0,-58.0,-54.0,-56.0,-37.0,-2.65797165437911,-1.5007065874359187,-2.7611078939146085,0.5567394185193539,2.0321370739551337,2.6568529992138377,2.80097071914241,0.19952847301880558,1.4789592139743317,0.8213633549706414,0.18586585741545383,0.8337871823958268,1.0670037841575597,0.6004519771043143,-6.256908416748047,1.2602918148040771,0.5394012928009033,-7.14,0.84,1.65
1743703625.345497,2c08d2cc-7a1c-9d34-25ea-6265acb43d72,7cae4fea-b802-bb77-3674-42953cf23994,23,-69.0,-68.0,-78.0,-57.0,-51.0,-53.0,-37.0,-2.6947661543157535,-1.2326808621662184,-2.8381504810895106,0.519168607124952,1.9969637953669803,2.5947470797320635,2.7889780533935933,0.27710472438664613,1.4503045327514605,0.8023444566248676,0.19288921242123805,0.681600541322704,0.6726187699849608,0.46284322619154084,-6.31084680557251,1.2510321140289307,0.5402820706367493,-7.14,0.84,1.65
1743703626.384891,2c08d2cc-7a1c-9d34-25ea-6265acb43d72,86e6cf81-c1d8-33f9-7a13-de161c47d11d,0,-69.0,-71.0,-76.0,-53.0,-52.0,-58.0,-38.0,-2.730332936989871,-1.0793381771283281,-2.902957440952153,0.5394310019627109,2.2484318844849844,2.5212364344063434,2.8556474739739843,0.3907940227024496,1.3515477284705426,0.7760111197661642,0.1691510261762759,0.46978569167294576,0.42370635403596746,0.540049441465764,-6.395792484283447,1.2252804040908813,0.525959312915802,-7.14,0.84,1.65
1743703627.37986,2c08d2cc-7a1c-9d34-25ea-6265acb43d72,390d600d-7758-0fa3-7c28-e4a798569b8f,17,-73.0,-81.0,-86.0,-60.0,-53.0,-56.0,-38.0,-2.66917903519449,-1.1062937615757285,-2.793660777183083,0.5539063477517275,2.117566046431918,1.5228829324211695,2.80097071914241,0.2542578149347494,1.4370398599939938,0.757280042555201,0.18688263567488927,0.6211344897971417,1.2213122625314394,0.6004519771043143,-6.518329620361328,1.1888048648834229,0.519297420978546,-7.14,0.84,1.65
1743703628.346499,2c08d2cc-7a1c-9d34-25ea-6265acb43d72,342e299f-f1b9-4c52-ac92-323fbab3cf2c,4,-70.0,-78.0,-79.0,-55.0,-52.0,-53.0,-39.0,-2.726071080297417,-1.0053206746356467,-2.7653164873852605,0.5442587803868066,-3.044687422840589,2.5273022019698717,2.8121478313087866,0.23016306470933923,1.5154607661910666,0.8032991998756611,0.15317447312553836,0.7655951653031697,0.8258847724672661,0.5510013504066876,-6.617627143859863,1.1557040214538574,0.5140255689620972,-7.14,0.84,1.65
1743703629.345878,2c08d2cc-7a1c-9d34-25ea-6265acb43d72,6bde40e8-df25-eade-c0ef-8d065ecadbc1,35,-80.0,-66.0,-79.0,-61.0,-59.0,-53.0,-41.0,-2.72850228005655,-0.8835204695486548,-2.8205038430744276,0.5097841600757308,2.6735664292014345,2.6098117478305514,2.8784974356676747,0.2624245315755319,1.4853336232014906,0.8104226897384323,0.1802037605561068,0.8162050262320177,0.5266027432239677,0.5257220515521831,-6.698609828948975,1.131703495979309,0.508632779121399,-7.14,0.84,1.65
1743703630.392018,2c08d2cc-7a1c-9d34-25ea-6265acb43d72,1d5d2cf2-789b-54e5-3c6b-a729a45074e1,18,-72.0,-79.0,-96.0,-60.0,-52.0,-55.0,-39.0,-2.6811520748232684,-1.0683696818627277,-2.657611328683622,0.5293655846227564,2.2229291958884363,2.6683839518945898,2.792021976975551,0.19624406302543812,1.488780685758435,0.6760885832970914,0.1848252771537758,0.7903845708563811,0.5407041056659799,0.5478357142277289,-6.65458345413208,1.1325905323028564,0.498720109462738,-7.14,0.84,1.65
1743703631.379975,2c08d2cc-7a1c-9d34-25ea-6265acb43d72,1bb9634e-6fcf-c8ad-a1a1-63ad2e221db6,32,-87.0,-66.0,-83.0,-59.0,-54.0,-52.0,-41.0,-2.776711887373601,-1.0537414706271404,-2.6546938357094403,0.6003633287553969,2.576146297153642,1.422304211283759,2.8443105278213854,0.17959344725804469,1.4848695673815444,0.7887103368451798,0.21592345861106502,0.8784511940111577,1.1292690172396644,0.4873546138887207,-6.5672607421875,1.143531084060669,0.47837337851524353,-7.14,0.84,1.65
1743703632.34732,2c08d2cc-7a1c-9d34-25ea-6265acb43d72,8415b95b-545b-fcfa-4611-1acfb043d759,16,-75.0,nan,-81.0,-58.0,-51.0,-56.0,-37.0,-2.7317081933767877,nan,-2.5366620035649103,0.5510482432698546,2.190905611667344,0.46815064816650015,2.8426424610146035,0.1757655193757057,nan,0.7233045652114333,0.23595350928847128,0.7886557402316003,0.959930240727567,0.6069020886082934,-6.47243881225586,1.15263831615448,0.42231494188308716,-7.14,0.84,1.65
1743703633.38082,2c08d2cc-7a1c-9d34-25ea-6265acb43d72,ab03ce24-3e29-3630-6619-62d49469ffa9,7,-71.0,-75.0,-78.0,-57.0,-51.0,-53.0,-40.0,-2.8020055261427372,-1.2174676875971953,-2.536007931201187,0.5389750687840893,2.210922309541697,2.3184287501933674,2.825457523029843,0.13340660233507196,1.50017328942763,0.7214486748267843,0.21978537508681617,0.4229330807854587,1.0346231431024597,0.5872000986774557,-6.479675769805908,1.158461570739746,0.3567756414413452,-7.14,0.84,1.65
1743703634.380206,2c08d2cc-7a1c-9d34-25ea-6265acb43d72,0222c94d-4e39-ff1b-058f-6c4b4730132b,1,-68.0,-71.0,-74.0,-54.0,-51.0,-57.0,-39.0,-2.821097727997515,-1.1601636514736335,-2.5885632847850286,0.5923922212966807,3.141592653589793,2.4810957557465105,2.846128511242785,0.17612719329649526,1.4834341235539916,0.769383044445175,0.20670031590011853,0.4537856055623628,0.6180955335982421,0.5902139198998597,-6.46095323562622,1.1666473150253296,0.256633073091507,-7.14,0.84,1.65
1743703635.392593,2c08d2cc-7a1c-9d34-25ea-6265acb43d72,9df23e1e-d4b7-6d67-9faa-9a71aeccee60,2,-69.0,-73.0,-74.0,-53.0,-51.0,-55.0,-38.0,-2.813499729407519,-1.31612329175669,-2.677440693528134,0.5827382623451435,-2.696591581895118,2.5624879333885606,2.846128511242785,0.23619053062548837,1.4746551461786002,0.829092314507242,0.20526049450152403,0.33353516514157017,0.41870132062206944,0.5902139198998597,-6.45967960357666,1.1752194166183472,0.19020754098892212,-7.14,0.84,1.65
1743703636.38088,2c08d2cc-7a1c-9d34-25ea-6265acb43d72,e872c54d-e130-fedd-bb4b-dfec38cd62a8,34,-82.0,-65.0,-80.0,-60.0,-57.0,-53.0,-40.0,-2.7668310270971888,-1.2477421033950526,-2.733807829580206,0.5415807055946229,3.0978949475907274,2.584654511956686,2.896009745786391,0.17288585993375982,1.4846780860991677,0.8855113156215434,0.2152380608150195,0.6453128578826995,0.3303972586811815,0.5449078132959977,-6.45901346206665,1.1824933290481567,0.1770060956478119,-7.14,0.84,1.65
1743703637.347081,2c08d2cc-7a1c-9d34-25ea-6265acb43d72,90330933-2dc3-dd98-cea9-05ac9d4385a1,24,-69.0,-67.0,-77.0,-57.0,-54.0,-54.0,-39.0,-2.731947877874895,-1.1157545081901805,-2.8012145672989837,0.5248896097786603,2.397625687170491,2.557610564714427,2.8351691447840612,0.17270213510805796,1.4354610049417402,0.8861862272207969,0.21540499108109706,0.8667366556055393,0.2797313526298825,0.4183428264937527,-6.449763298034668,1.1969993114471436,0.17787708342075348,-7.14,0.84,1.65
1743703638.392165,2c08d2cc-7a1c-9d34-25ea-6265acb43d72,0d8366ab-da12-f345-fc38-0135f39c1502,7,-72.0,-75.0,-78.0,-57.0,-51.0,-53.0,-40.0,-2.79282933829076,-1.2513231229548276,-2.8178095229995943,0.540002516332642,2.226816013267113,2.5806130715879596,2.821848891793043,0.12275231846620892,1.5034951834133405,0.8719976373021544,0.17265569623654972,0.5954224059164759,0.25331182497386073,0.5013739588244848,-6.473498344421387,1.2018455266952515,0.1881149709224701,-7.14,0.84,1.65
1743703639.38111,2c08d2cc-7a1c-9d34-25ea-6265acb43d72,340432af-f06c-a7e8-63e4-b30e4b13b6ae,12,-93.0,-72.0,-75.0,-56.0,-52.0,-53.0,-38.0,-2.771911539508733,-1.160433962324276,-2.856644536963457,0.5714797488368335,2.1130431605119147,2.703579051520981,2.8217602477282044,0.1658355737114522,1.5085153752261946,0.9470059022993723,0.18122108809251705,0.5204388676057774,0.3995699034231803,0.6037784874430636,-6.500207424163818,1.2019768953323364,0.208132803440094,-7.14,0.84,1.65
1743703640.381,2c08d2cc-7a1c-9d34-25ea-6265acb43d72,29e619b3-0661-9ec1-8131-db90109d10ec,21,-70.0,-72.0,-82.0,-58.0,-53.0,-55.0,-38.0,-2.769972225602937,-1.3234254131495784,-2.88686502374924,0.5526839568113812,1.9432868484720212,2.636044642436974,2.7989831535610254,0.17680699845425163,1.5132211808723646,0.9390673519849825,0.18291126327833587,0.7087630594032307,0.35559049985216074,0.5149982897059284,-6.55057716369629,1.1977601051330566,0.24144893884658813,-7.14,0.84,1.65
1743703641.381511,2c08d2cc-7a1c-9d34-25ea-6265acb43d72,63a9383f-0a4c-5dfd-19b9-72db726e3d20,17,-73.0,-79.0,-84.0,-59.0,-54.0,-56.0,-38.0,-2.7105709501209376,-1.467997110295347,-2.772181850359376,0.6191950734555651,1.926144211862387,1.6777957135609352,2.8048719726466897,0.11139810592860264,1.5172797052155909,0.8807543772824439,0.2699571162712529,0.7363142909282805,1.2547675967960878,0.5839900076511326,-6.5935258865356445,1.1959859132766724,0.30495309829711914,-7.14,0.84,1.65
1743703642.347482,2c08d2cc-7a1c-9d34-25ea-6265acb43d72,577d24b3-6c93-c6ec-c8cb-72372235549d,18,-71.0,-76.0,-88.0,-60.0,-54.0,-55.0,-36.0,-2.647724343136703,-1.5023259225367414,-2.878852637293628,0.5910957944780302,1.8804960647010367,0.5500321378494651,2.7639743349345443,0.13743551565592788,1.4770368111414582,0.8938477422027913,0.21113154963790137,0.7534140493167586,0.9382786416548922,0.5769898830509308,-6.685186862945557,1.1973803043365479,0.3896184265613556,-7.14,0.84,1.65
1743703643.351164,2c08d2cc-7a1c-9d34-25ea-6265acb43d72,12ef3625-c4ea-7c8d-f1d0-6c58c16b52bc,35,-79.0,-66.0,-79.0,-61.0,-61.0,nan,-41.0,-2.6960415421617925,-1.2910568206285373,-2.8623639417205107,0.49901140715025133,2.1657583388997907,nan,2.835558816864329,0.12580748022399102,1.4721047699606853,0.8901882259698861,0.2570561647396638,0.9226108090071972,nan,0.5373516787548388,-6.690157413482666,1.203400731086731,0.4694223999977112,-7.14,0.84,1.65
1743703644.380127,2c08d2cc-7a1c-9d34-25ea-6265acb43d72,12770da1-29ec-3b1f-89b7-94dcf37c5a9e,34,-82.0,-65.0,-80.0,-60.0,nan,nan,nan,-2.6858586794177652,-1.2597846515282822,-2.9328162704619034,0.4783788329209714,nan,nan,nan,0.1303992526412352,1.4554170030960856,0.9011730996761904,0.21463242469362187,nan,nan,nan,nan,nan,nan,-7.14,0.84,1.65
1743703645.381373,2c08d2cc-7a1c-9d34-25ea-6265acb43d72,cec61fef-754d-de3c-9648-4014beb6d252,27,-72.0,-66.0,-77.0,-58.0,-61.0,-53.0,-37.0,-2.7004818306472815,-1.3075553698976874,-2.9829627948397683,0.4691307397195622,1.9130138606390852,2.2257543230093075,2.816243601543155,0.19887413433897314,1.5062014877130792,0.8660633820241581,0.22031496131433523,0.896986940297158,0.9851361017358967,0.41605139238899524,-6.702878952026367,1.2008342742919922,0.5955932140350342,-7.14,0.84,1.65
1743703646.381036,2c08d2cc-7a1c-9d34-25ea-6265acb43d72,094c9d30-9b14-48aa-ed58-8bef9a5cd68e,13,nan,-75.0,-77.0,-56.0,-51.0,-53.0,-38.0,nan,-1.1768314446300576,-2.7275752336810934,0.5149245936118018,2.0102562548526426,2.631652038585073,2.8494535107322583,nan,1.4588081392701377,1.0630471546871227,0.20875238138856547,0.6957176329522327,0.840652986426274,0.573508444662438,-6.69841194152832,1.1908055543899536,0.6888723373413086,-7.14,0.84,1.65
1743703647.380516,2c08d2cc-7a1c-9d34-25ea-6265acb43d72,daaf8709-6bb3-f0cb-4c5b-7bfd5006c11d,8,-70.0,-73.0,-76.0,-56.0,-54.0,-53.0,-43.0,-2.807316668304682,-1.0637797237239761,-2.7758724589980077,0.5319475192995883,2.0277649851899793,2.66350068711257,2.8217602477282044,0.2527457386468297,1.5049258335509315,1.089974909101132,0.22729007981487542,0.49889877152493106,0.5562201262219283,0.6037784874430636,-6.7007598876953125,1.1778998374938965,0.7359228134155273,-7.14,0.84,1.65
1743703648.348029,2c08d2cc-7a1c-9d34-25ea-6265acb43d72,42d5d5ca-0ef8-d963-490b-d67604522071,16,-75.0,-82.0,-83.0,-58.0,-53.0,-55.0,-38.0,-2.803405283611683,-1.1747267484205681,-2.673810804962356,0.485859119790786,2.015990442364967,2.866880368719677,2.8528243923598433,0.2589833113282292,1.5061728587313608,0.9438988588346041,0.21432527899615164,0.6034116483889813,0.5930293899543098,0.6600937996163336,-6.734368324279785,1.1534944772720337,0.749760925769806,-7.14,0.84,1.65
1743703649.385483,2c08d2cc-7a1c-9d34-25ea-6265acb43d72,4c4c35d8-da7d-f210-541e-0963bf6c1a1c,13,-86.0,-74.0,-78.0,-56.0,-51.0,-53.0,-39.0,-2.78007572614648,-1.323880813695982,-2.8132653712315925,0.5091596488001072,2.0056206371491094,2.8877083115086086,2.8670636365260074,0.28588731367426623,1.472282669121503,0.9049533902645308,0.20005180081776297,0.5416016548273743,0.5956445426945661,0.696742193544282,-6.761438369750977,1.133564829826355,0.75493323802948,-7.14,0.84,1.65
1743703650.392713,2c08d2cc-7a1c-9d34-25ea-6265acb43d72,9ad2b3e0-a82a-bf5f-68f1-7e9361fed018,14,-79.0,-78.0,-79.0,-57.0,-52.0,-55.0,-39.0,-2.795989977872466,-1.380153540687411,-2.7039796264229916,0.5256049348474556,2.0056206371491094,2.9295722975609295,2.881816811892183,0.2885068655014954,1.3563635226697328,0.8706482801568385,0.1725852056914467,0.5416016548273743,0.6002666408489803,0.733492560746246,-6.800716400146484,1.1121712923049927,0.7398255467414856,-7.14,0.84,1.65
1743703651.381233,2c08d2cc-7a1c-9d34-25ea-6265acb43d72,8179282a-23cc-c148-8838-1000004e2216,29,-73.0,-65.0,-77.0,-58.0,-57.0,-53.0,-39.0,-2.7431238333894123,-1.248135319130003,-2.7495391221393044,0.5147743913263213,2.217304759395112,2.7191376656348534,2.858528875777037,0.26039986335679915,1.5230318668540528,0.9128383444619829,0.21147321656100174,0.6060027455670415,0.4185659835028121,0.523297705507521,-6.79368782043457,1.09493088722229,0.7134971022605896,-7.14,0.84,1.65
1743703652.381653,2c08d2cc-7a1c-9d34-25ea-6265acb43d72,dd7c6b58-3112-2dd4-13c1-4f07a64eca20,29,-74.0,-66.0,-79.0,-58.0,-55.0,-53.0,-39.0,-2.7293651442497358,-1.1049964026506964,-2.782996947546188,0.5591818035550655,2.2332334232685627,2.6419985018409355,2.8731306748891736,0.24128454193480786,1.5083667708373676,0.9492848358231805,0.24088944534233778,0.7024763146084056,0.32499936186879014,0.4225249922465953,-6.735689163208008,1.0923266410827637,0.685097634792328,-7.14,0.84,1.65
1743703653.380511,2c08d2cc-7a1c-9d34-25ea-6265acb43d72,c7cbc7e1-2fb1-3422-8f68-91bf9d4cf19a,33,-85.0,-65.0,-80.0,-60.0,-55.0,-52.0,-40.0,-2.7321747791997693,-1.458292950757262,-2.825176092890863,0.5697263235751253,2.48238535139751,1.6010155791244745,2.890163888572528,0.18927548591432547,1.474506408631719,0.9329609899215398,0.321354094649451,0.809307585107349,1.0469338117082316,0.44132260664577333,-6.617148399353027,1.0906058549880981,0.6577678322792053,-7.14,0.84,1.65
1743703654.381156,2c08d2cc-7a1c-9d34-25ea-6265acb43d72,220bec2d-fc66-59ab-729f-45f9c8ab018d,7,-70.0,-74.0,-79.0,-57.0,-51.0,-53.0,-40.0,-2.802892891417952,-1.563454524301766,-2.817314441352949,0.6714686645960765,2.255222925044412,2.368360422911396,2.84153348898711,0.19171004791433505,1.4978741824585649,0.9237441888629391,0.35238924241268943,0.45879696423529814,0.7415843406645185,0.5040352756432468,-6.629061222076416,1.0904483795166016,0.636352777481079,-7.14,0.84,1.65
1743703655.348412,2c08d2cc-7a1c-9d34-25ea-6265acb43d72,ba01c8f3-f851-17f4-9709-c54a39a0dbc3,13,-81.0,-74.0,-78.0,-56.0,-50.0,-54.0,-38.0,-2.829099461808767,-1.5793830239395845,-2.776697772619823,0.7659690716647751,2.1296203643907936,2.6298395854365855,2.860185644493725,0.2768115935744125,1.481975510224955,0.8907460916392306,0.34252036636118277,0.47319990537017964,0.6998147975878815,0.6265956528488427,-6.640241622924805,1.099421501159668,0.6011473536491394,-7.14,0.84,1.65
1743703656.348592,2c08d2cc-7a1c-9d34-25ea-6265acb43d72,e3026ac8-2048-ebb3-2d90-567b5705b36e,11,-81.0,-72.0,-76.0,-56.0,-51.0,-53.0,-38.0,-2.8688878874428783,-1.556652677719649,-2.663186922741812,0.7281607063011383,2.0680382085278937,2.6935446538463497,2.83114134640392,0.34235052326266296,1.4907242607219748,0.9211211083472655,0.22125284342647708,0.45879696422842375,0.5966116675479782,0.6568519537401133,-6.661197662353516,1.1203926801681519,0.501510262489319,-7.14,0.84,1.65
1743703657.401377,2c08d2cc-7a1c-9d34-25ea-6265acb43d72,0d5ea011-80ac-e5f5-cdc7-dc7c1127fba9,0,-70.0,-70.0,-75.0,-54.0,-50.0,-57.0,-38.0,-2.8455095941297266,-1.3218862391975672,-2.7403991532781524,0.7485338886402444,3.0805280025341326,2.5706062931816978,2.881473015594805,0.4162398278383706,1.460297245793656,0.8956233382805744,0.20379537307257373,0.5402288130971684,0.3894077265958017,0.629405054071881,-6.658786296844482,1.14146089553833,0.4412205219268799,-7.14,0.84,1.65
1743703658.381157,2c08d2cc-7a1c-9d34-25ea-6265acb43d72,0d67513f-52d9-9f95-19ed-a97609cc3a72,10,-76.0,-70.0,-76.0,-55.0,-53.0,-53.0,-41.0,-2.8729707797100787,-1.3666487839576735,-2.8358090298591128,0.7362103770120118,2.509276609512451,2.640751579957161,2.835157100370726,0.39096816014822716,1.4771225649285582,0.9573026151800005,0.19614096540173845,0.5623531902201665,0.4203105117859497,0.6402222574730071,-6.665581226348877,1.1594488620758057,0.4251987040042877,-7.14,0.84,1.65
1743703659.354126,2c08d2cc-7a1c-9d34-25ea-6265acb43d72,64d0ba61-a922-c261-6c28-0031374127fb,13,-81.0,-74.0,-78.0,-56.0,-52.0,-53.0,-39.0,-2.851399973828764,-1.499367416881772,-2.9012221251858574,0.7111412427227689,2.2360448912795974,2.7665391442686222,2.8670636365260074,0.4080895562173193,1.4255963899479778,0.9411770416215159,0.2185552942688222,0.584712473478281,0.4761901352021297,0.696742193544282,-6.584436416625977,1.183465600013733,0.421815425157547,-7.14,0.84,1.65
1743703660.393451,2c08d2cc-7a1c-9d34-25ea-6265acb43d72,59b2b19c-25b6-26c0-87b3-ae5a36c585d6,3,-71.0,-75.0,-74.0,-54.0,-52.0,-53.0,-39.0,-2.837278828464728,-1.674011262740607,-2.9094238623949744,0.6920615577251141,-3.019583586953321,2.7306466951451904,2.8389879675944223,0.42445025361054395,1.490869403001384,0.909327698934013,0.21103366182308417,0.5377637334963108,0.35472146592593906,0.6235719058624987,-6.497356414794922,1.209315538406372,0.43972229957580566,-7.14,0.84,1.65
1743703661.381969,2c08d2cc-7a1c-9d34-25ea-6265acb43d72,68efe1af-079b-ddb6-20bd-22878eef112e,27,-72.0,-66.0,-76.0,-58.0,-59.0,-53.0,-38.0,-2.8563172344654864,-1.6182253615964444,-2.9092949653982147,0.6666403535397628,2.631652038585073,2.61134575686073,2.8247838329942283,0.43880742162618835,1.4885364738864746,0.8533960562991961,0.2159869417135498,0.840652986426274,0.28874387311221855,0.48479717741924294,-6.448723316192627,1.2291924953460693,0.4635968506336212,-7.14,0.84,1.65
1743703662.381913,2c08d2cc-7a1c-9d34-25ea-6265acb43d72,f4e5bf73-9ee0-25fe-ab88-589e47546116,25,-72.0,-67.0,-75.0,-58.0,-55.0,-54.0,-37.0,-2.903501258446747,-1.3791617794974653,-2.973697391091274,0.6399126025236186,2.1444759223179557,2.5602937253173708,2.7836429472809274,0.4861127525951024,1.4915374569608304,0.8040119283623935,0.1658399679272508,0.7956513840631436,0.26515750705817454,0.37841012448813244,-6.467414379119873,1.2276623249053955,0.4896158277988434,-7.14,0.84,1.65
1743703663.381701,2c08d2cc-7a1c-9d34-25ea-6265acb43d72,60c49f0d-473c-e2a9-241c-5a247a6ffabc,32,-82.0,-65.0,-81.0,-59.0,-54.0,-53.0,-40.0,-2.897791441069617,-1.387761259815386,-2.976791451645728,0.6035585894312739,2.4923026009885416,1.714843201580727,2.8374493240229426,0.27109190585649245,1.4974672514440006,0.8141811424058338,0.15752383130455805,0.868147537502372,1.0234441596776913,0.4016964937167721,-6.49255657196045,1.224716305732727,0.5264720916748047,-7.14,0.84,1.65
1743703664.381074,2c08d2cc-7a1c-9d34-25ea-6265acb43d72,3664dcd9-bb9e-cd67-5d29-5e55a064e214,2,-71.0,-74.0,-73.0,-53.0,-51.0,-54.0,-38.0,-2.86785937462989,-1.2383074557592832,-2.9542933330728474,0.594888668502521,-2.866880368719677,2.4097742622284586,2.8443105278213854,0.29529376509199423,1.5182060858007749,0.8091351179304064,0.09965233380934903,0.5930293899543098,0.7253721465382565,0.4873546138887207,-6.3904595375061035,1.218821406364441,0.5565815567970276,-7.14,0.84,1.65
1743703665.381223,2c08d2cc-7a1c-9d34-25ea-6265acb43d72,f1c7695b-150c-00f3-8876-7d5af639353c,12,-88.0,-73.0,-77.0,-56.0,-52.0,-53.0,-38.0,-2.689301347758911,-1.489104392988934,-2.897748031543849,0.5719647104713369,2.6662293072815246,2.643621609063628,2.863612455288621,0.373142890603027,1.4483600256815388,0.930992847296944,0.09758805106940135,0.7267750543787763,0.6692616649966889,0.6098205370210883,-6.369506359100342,1.2139079570770264,0.5841209292411804,-7.14,0.84,1.65
1743703666.381305,2c08d2cc-7a1c-9d34-25ea-6265acb43d72,06c5c7f3-d166-fd1b-7d8c-7300e24efd9b,13,-85.0,-74.0,-77.0,-56.0,-52.0,-53.0,-39.0,-2.550607113980892,-1.670591897059,-2.8287250213595025,0.5979851259019562,2.305259688915216,2.7881169260089846,2.870928877787774,0.3589269367041841,1.457577892004576,0.9746448538824872,0.1377493275785017,0.6567837544565845,0.6496925063729139,0.6799332996450266,-6.36960506439209,1.2152632474899292,0.6670066714286804,-7.14,0.84,1.65
1743703667.350206,2c08d2cc-7a1c-9d34-25ea-6265acb43d72,df71a819-d7d8-1c6f-6b9c-461ac8e05c90,3,nan,nan,nan,-55.0,nan,nan,-39.0,nan,nan,nan,0.5537811791804939,nan,nan,2.863612455288621,nan,nan,nan,0.15910781294190998,nan,nan,0.6098205370210883,nan,nan,nan,-7.14,0.84,1.65
1743703668.381881,2c08d2cc-7a1c-9d34-25ea-6265acb43d72,5977d063-294e-3430-9a8b-8ff69fc748e5,13,-82.0,-74.0,-78.0,-56.0,-51.0,-53.0,-39.0,-2.593547390765112,-1.6225067925229106,-2.79061731668934,0.6440578127603269,2.1420846046060884,2.860185644493725,2.870928877787774,0.3401706926209194,1.476604713254593,0.9251033331252609,0.21308770803759186,0.5724287480065899,0.6265956528488427,0.6799332996450266,-6.392540454864502,1.226309061050415,0.6265993118286133,-7.14,0.84,1.65
1743703669.385521,2c08d2cc-7a1c-9d34-25ea-6265acb43d72,b23a079a-2517-8a01-1866-f2b304469a5d,17,-73.0,-79.0,-87.0,-59.0,-55.0,-56.0,-38.0,-2.568039633844333,-1.5249715802340122,-2.7328442978978154,0.7482467998747339,2.0485548448839985,0.9313016547153465,2.83114134640392,0.3193650794998117,1.4891234345907276,0.8361104763489007,0.20670545912997376,0.6725293285594363,1.3964680928099067,0.6568519537401133,-6.412907600402832,1.20823609828949,0.575575292110443,-7.14,0.84,1.65
1743703670.379984,2c08d2cc-7a1c-9d34-25ea-6265acb43d72,0305d911-76cc-8c98-7d3c-18548ea3f7ea,13,-84.0,-74.0,-78.0,-57.0,-51.0,-53.0,-38.0,-2.683974226630425,-1.3360583840964784,-2.690577534553277,0.7396708885324608,2.0232613996506066,2.770254929806938,2.8447287769759866,0.3351389160573238,1.45348980657325,0.8667528744303796,0.12743090993498968,0.5750748287440847,1.125070980969925,0.6935151359175413,-6.520573616027832,1.17793607711792,0.5148497819900513,-7.14,0.84,1.65
1743703671.381013,2c08d2cc-7a1c-9d34-25ea-6265acb43d72,a2ddf0cc-344f-64a0-53f1-a3a61a2afb5c,30,-76.0,-66.0,-80.0,-58.0,-54.0,-52.0,-39.0,-2.7482794469436964,-1.59400231358552,-2.734102907828987,0.6532510448432804,2.2488779194795994,0.756475559804249,2.8784974356676747,0.32757880093383407,1.4937340322279278,0.887478792455867,0.12316149652294278,0.6590921118224331,1.021454120452191,0.5257220515521831,-6.615233898162842,1.1526923179626465,0.447849839925766,-7.14,0.84,1.65
1743703672.391658,2c08d2cc-7a1c-9d34-25ea-6265acb43d72,03915def-eaed-a446-ef02-6387f41cb6d6,15,-75.0,-81.0,-82.0,-57.0,-52.0,-55.0,-39.0,-2.707682751918747,-1.4548317734465406,-2.7564697325601264,0.6296453175730361,2.117566046431918,2.476779628903825,2.8781248947389266,0.2781781447535162,1.355535146412664,0.9367458078837332,0.15283966384224495,0.6211344897971417,1.2854605560838483,0.6462637180597979,-6.67170000076294,1.1399872303009033,0.38020560145378113,-7.14,0.84,1.65
1743703673.380713,2c08d2cc-7a1c-9d34-25ea-6265acb43d72,dbe6f9df-a6f7-a5d9-4270-60f6969850f9,24,-71.0,-67.0,-76.0,-58.0,-54.0,-55.0,-38.0,-2.7540579738769506,-1.2874263994305413,-2.7935438644112285,0.5746382578896675,1.9462043585482556,2.5930837437205643,2.827578532608326,0.24771865590465522,1.4425097265569078,0.9019498106081121,0.1877180193745767,0.6663239428651317,0.7236919187369142,0.4682048197189086,-6.715728282928467,1.1413828134536743,0.31345200538635254,-7.14,0.84,1.65
1743703674.350265,2c08d2cc-7a1c-9d34-25ea-6265acb43d72,97042d19-16b6-d513-ea56-d9369e8706aa,12,-93.0,-73.0,-77.0,-55.0,-52.0,-53.0,-38.0,-2.7893379341016664,-1.3794127824302052,-2.8489394792976395,0.6017942452090964,1.9861741761303497,2.740440031345805,2.8426424610146035,0.26214318525112185,1.5154208187747158,0.9462410424343016,0.1386829319881426,0.5559994734578472,0.6577367645727294,0.6069020886082934,-6.690271377563477,1.1678892374038696,0.24540966749191284,-7.14,0.84,1.65
1743703675.393344,2c08d2cc-7a1c-9d34-25ea-6265acb43d72,7bdf8edd-59dd-35a0-3e35-ea5e9aaac2fe,23,-71.0,-68.0,-77.0,-57.0,-53.0,-55.0,-37.0,-2.765851250132149,-0.9394942567077221,-2.8697230547607266,0.5639094471221742,1.859786692108074,2.614089424684412,2.808252298229775,0.27055131744472,1.4835125536480944,0.8842947836355951,0.12721372914809373,0.6642818233153893,0.4466743192678687,0.46559874062565343,-6.70379400253296,1.1787402629852295,0.19074484705924988,-7.14,0.84,1.65
1743703676.349765,2c08d2cc-7a1c-9d34-25ea-6265acb43d72,6f93be50-8a47-1168-f8b0-a1c79f97a5d9,14,-79.0,-76.0,-80.0,-57.0,-52.0,-55.0,-39.0,-2.7651463113916046,-1.355236073422248,-2.8262062036005053,0.5795467300947925,1.9347673189133978,2.8323498806867446,2.8426424610146035,0.2167620381040605,1.457312108527786,0.8755099473058054,0.14140691301961655,0.6098298075679246,0.5539856232098793,0.6069020886082934,-6.699240684509277,1.1622858047485352,0.14467795193195343,-7.14,0.84,1.65
1743703677.38057,2c08d2cc-7a1c-9d34-25ea-6265acb43d72,9dd9c723-f282-0f03-4383-4711a34b9c5a,29,-75.0,-66.0,-79.0,-58.0,-55.0,-53.0,-39.0,-2.7212475629310653,-1.3647889654104166,-2.7881118147357937,0.571228879062148,2.170404523634836,2.669630127367278,2.8518607940733722,0.26594631244580946,1.4644002449270863,0.912363835734758,0.16044779908914011,0.6783470433909274,0.37753327923381874,0.4372325831547362,-6.676133155822754,1.1402124166488647,0.11237429827451706,-7.14,0.84,1.65
1743703678.350597,2c08d2cc-7a1c-9d34-25ea-6265acb43d72,ec08670e-0850-f349-6705-6b33944838d9,21,-73.0,-74.0,-81.0,-58.0,-54.0,-56.0,-38.0,-2.7034435320955583,-1.218044395131252,-2.8576631960804124,0.5745626241147093,1.9291490195920642,2.625867798636172,2.7973574425641052,0.21729154110779553,1.4773855520862036,0.8761221414613874,0.17330903623097346,0.7946121235897484,0.4012741022921072,0.4136278253295442,-6.652514934539795,1.1070820093154907,0.17771445214748383,-7.14,0.84,1.65
1743703679.393552,2c08d2cc-7a1c-9d34-25ea-6265acb43d72,fe66235a-6a1f-c266-647d-ee7cb89736e8,20,-72.0,-75.0,-83.0,-59.0,-52.0,-57.0,-38.0,-2.664969642775511,-1.1306891161091814,-2.899734483400939,0.670781835350945,1.8081577367022716,1.3684550692224848,2.7568229052059814,0.1550700612551863,1.4355921656254265,0.8551276436399656,0.2716204268195755,0.7561183299277587,1.0889169444927294,0.4245756351770753,-6.617437362670898,1.1191505193710327,0.2514057755470276,-7.14,0.84,1.65
1743703680.351104,2c08d2cc-7a1c-9d34-25ea-6265acb43d72,55e97146-2300-f080-8623-2a8b6e7c51cb,19,-71.0,-75.0,nan,-60.0,-53.0,-57.0,-38.0,-2.6275471694538264,-1.1182442974932956,nan,0.5763272346529956,1.7997516809405574,0.6592073020147495,2.7314902907190777,0.1539973066785887,1.4099744201516275,nan,0.2794925645542816,0.7027656857355299,0.8093075849929179,0.4536947247109436,-6.585437297821045,1.141157865524292,0.32757869362831116,-7.14,0.84,1.65
1743703681.350739,2c08d2cc-7a1c-9d34-25ea-6265acb43d72,8ee8c97d-6354-0ecc-04d1-9b772023eed3,31,-81.0,-66.0,nan,-59.0,-54.0,-52.0,-39.0,-2.7491513658845887,-1.166217948737765,nan,0.5351363883888491,2.1118745357774173,0.5873831980801106,2.7973574425641052,0.11761750253556236,1.4717369874141455,nan,0.3315499070142785,0.7694944334675332,0.5602182822315279,0.4136278253295442,-6.602298259735107,1.1611944437026978,0.40195056796073914,-7.14,0.84,1.65
1743703682.392439,2c08d2cc-7a1c-9d34-25ea-6265acb43d72,53e92f12-33cc-ba91-62fa-3d566ea964d7,3,-69.0,-76.0,nan,-54.0,-52.0,-54.0,-39.0,-2.7679439621167328,-1.1279417991286556,nan,0.6011846476355772,-2.943242718748445,1.9153419152846685,2.821848891793043,0.17211127953071026,1.4851722356394321,nan,0.2566620501878457,0.6536419220288567,1.0485991628556735,0.5013739588244848,-6.636494159698486,1.1743836402893066,0.4765678644180298,-7.14,0.84,1.65
1743703683.39368,2c08d2cc-7a1c-9d34-25ea-6265acb43d72,e33d2eb5-e090-c84d-e757-328073a56128,11,-85.0,-72.0,nan,-56.0,-51.0,-52.0,-38.0,-2.6768183127813825,-1.1454191932564641,nan,0.5800593886046327,2.601154153634795,2.515914092170994,2.825457523029843,0.16984110114898585,1.5024858453602004,nan,0.24086094951867393,0.6069415972286327,0.8767596635466128,0.5872000986774557,-6.620771408081055,1.1879806518554688,0.547037422657013,-7.14,0.84,1.65
1743703684.38178,2c08d2cc-7a1c-9d34-25ea-6265acb43d72,10936ff0-f323-1735-8803-cc2f6978d2f1,3,-68.0,-76.0,nan,-55.0,-51.0,-53.0,-39.0,-2.764845374188426,-1.2086375775288738,nan,0.6223535825083991,-2.8687440472549905,2.6583967560479893,2.8289850128835585,0.19847454366216358,1.5105674740041553,nan,0.22231013502399538,0.4561611595769068,0.5716960494217201,0.570602109408092,-6.660653114318848,1.1855427026748657,0.6186944842338562,-7.14,0.84,1.65
1743703685.394472,2c08d2cc-7a1c-9d34-25ea-6265acb43d72,c09e9eae-5628-f7f1-e251-c0120feb291c,29,-74.0,-66.0,-79.0,-58.0,nan,nan,nan,-2.792753704515802,-1.3254028102589623,-2.7380784747042575,0.5500919021224071,nan,nan,nan,0.23128703520265037,1.4825096071815707,0.9038457149881396,0.2384383218092993,nan,nan,nan,nan,nan,nan,-7.14,0.84,1.65
1743703686.350992,2c08d2cc-7a1c-9d34-25ea-6265acb43d72,3e22f80e-52cc-5259-d53f-1d7381764517,15,nan,nan,-82.0,-57.0,-51.0,-55.0,-39.0,nan,nan,-2.7162432169266975,0.588737032700547,2.7294150884382793,2.860185644493725,2.8488730176519272,nan,nan,0.8948105415158821,0.23812027379611658,0.6897975409931677,0.6265956528488427,0.6768146602621665,-6.59872007369995,1.226759433746338,0.62563955783844,-7.14,0.84,1.65
1743703687.386083,2c08d2cc-7a1c-9d34-25ea-6265acb43d72,b11553bf-2235-b57c-3e60-ce17be966ac5,26,nan,-66.0,-75.0,-58.0,-56.0,-53.0,-37.0,nan,-1.2924911991916541,-2.8003770031361537,0.5632833379498966,2.3256230926741073,2.681662083475672,2.8247838329942283,nan,1.4652704328132697,0.8542286936140095,0.2285687466780065,0.7560944596351415,0.41203186539819914,0.48479717741924294,-6.488465309143066,1.2792320251464844,0.6321157813072205,-7.14,0.84,1.65
1743703688.35133,2c08d2cc-7a1c-9d34-25ea-6265acb43d72,eaa153db-28b2-28e9-a497-1198700e4ffe,10,nan,-71.0,-77.0,-55.0,-56.0,-53.0,-40.0,nan,-1.3798165176514616,-2.854891111701749,0.5466915780425939,2.1138570411716913,2.715874047092615,2.8085952119362756,nan,1.5020138000569838,0.9870321482188273,0.22327446565471307,0.46286982989077957,0.4344732636584483,0.5675060559454772,-6.492228984832764,1.3397786617279053,0.6658045649528503,-7.14,0.84,1.65
1743703689.354577,2c08d2cc-7a1c-9d34-25ea-6265acb43d72,b66d2970-9b2b-c833-53ec-79922d4f2827,26,nan,-67.0,-76.0,-58.0,-54.0,-53.0,-37.0,nan,-1.3054872921531862,-2.8533427498439767,0.5202730200290079,2.0713794378433055,2.6057848421812997,2.8137138258846974,nan,1.4970233024902848,0.9284718990090749,0.23538196162902664,0.5350146297375514,0.3188088659532153,0.4325820581358988,-6.500239372253418,1.4042139053344727,0.6661542057991028,-7.14,0.84,1.65
1743703690.351803,2c08d2cc-7a1c-9d34-25ea-6265acb43d72,cf87317c-fc9a-2ea1-abfc-b1fb826a43b1,30,nan,-66.0,-85.0,-58.0,-53.0,-52.0,-39.0,nan,-1.5051273016873956,-2.8917876107081426,0.5078608251364756,2.2488779194795994,1.4803948653928545,2.8396110315420966,nan,1.516241605022678,0.8387402147672994,0.2651972484549543,0.6590921118224331,1.0448286932271609,0.3850385529270196,-6.533719539642334,1.4144104719161987,0.7073964476585388,-7.14,0.84,1.65
1743703691.386571,2c08d2cc-7a1c-9d34-25ea-6265acb43d72,b61fb348-7e31-5c74-b452-d256c4f583b2,10,-75.0,-69.0,-77.0,-55.0,-56.0,-53.0,-40.0,-2.76006872845726,-1.4097358009179564,-2.836717700423048,0.4919135502129721,2.1017832060099852,2.353189006621928,2.8187684148018644,0.31914570160501643,1.4546268432006593,0.8884024433009334,0.2155323900497437,0.3177101349718059,0.9044785980248062,0.5179342407083147,-6.567683696746826,1.4054168462753296,0.7035213112831116,-7.14,0.84,1.65
1743703692.381331,2c08d2cc-7a1c-9d34-25ea-6265acb43d72,a5bc3abf-57dd-b8d5-16c8-62433ecd8800,26,-73.0,-67.0,-75.0,-58.0,-53.0,-53.0,-37.0,-2.7627894138268845,-1.495095706493285,-2.8257761030844577,0.4655168301203247,2.0899179885027,2.4957422558017264,2.8137138258846974,0.31326594126082585,1.458212523292342,0.8914429743174769,0.2049060610499481,0.4333132246348707,0.5903723670500612,0.4325820581358988,-6.5868964195251465,1.3819386959075928,0.6539345383644104,-7.14,0.84,1.65
1743703693.382684,2c08d2cc-7a1c-9d34-25ea-6265acb43d72,986c36ec-d423-e3aa-f9c6-495ff06ad11a,30,-80.0,-66.0,-84.0,-58.0,-53.0,-52.0,-39.0,-2.754445996447775,-1.5549517167314155,-2.785775157195358,0.5412262388535334,2.288608304033388,1.237668731742849,2.841657809099994,0.22718127303958885,1.4918265430971585,0.8244022215115034,0.2630979950809425,0.581795808853918,0.9944073854931585,0.3683696898455692,-6.61768341064453,1.3567513227462769,0.6584776639938354,-7.14,0.84,1.65
1743703694.393179,2c08d2cc-7a1c-9d34-25ea-6265acb43d72,3d79575e-8a59-406f-0276-15e1557020a1,12,-86.0,-74.0,-79.0,-56.0,-51.0,-53.0,-39.0,-2.731556126878544,-1.7048878192609314,-2.771082497461391,0.5527529326836143,2.1140472574272993,2.291095009997532,2.835558816864329,0.25020078861963635,1.4686284126317506,0.8907205252927658,0.1550108724999593,0.4914778971478252,0.9989866317493773,0.5373516787548388,-6.554662704467773,1.3548812866210938,0.6286378502845764,-7.14,0.84,1.65
1743703695.382477,2c08d2cc-7a1c-9d34-25ea-6265acb43d72,b6e05607-fa0b-a676-8f49-737ab51b033a,4,-69.0,-78.0,-76.0,-55.0,-53.0,-52.0,-39.0,-2.758907856538094,-1.719811108745299,-2.808618421445513,0.5638532544231736,-3.0601939529191764,2.650074346313074,2.8155367438732584,0.32559887382141467,1.5068415784810798,0.8288399799939571,0.09636050025444297,0.5395890444312039,0.6539010294878257,0.5344770481802276,-6.51082468032837,1.3225120306015015,0.5859248638153076,-7.14,0.84,1.65
1743703696.381474,2c08d2cc-7a1c-9d34-25ea-6265acb43d72,9fffbb02-d4ba-2a6d-10eb-13adc6d399e3,14,-77.0,-80.0,-80.0,-57.0,-51.0,-55.0,-39.0,-2.7582615073415315,-1.8198479614041636,-2.7932314756153622,0.564371505571303,2.554209455378846,2.83114134640392,2.8389879675944223,0.3458575069441338,1.4303623830347836,0.8819099228794294,0.10459318006647536,0.5602182823199899,0.6568519537401133,0.6235719058624987,-6.510690689086914,1.279821515083313,0.600312829017639,-7.14,0.84,1.65
1743703697.393689,2c08d2cc-7a1c-9d34-25ea-6265acb43d72,c8f957fb-0d46-5a0a-3e82-bce359dd15a7,12,-86.0,-74.0,-80.0,-56.0,-52.0,-53.0,-38.0,-2.8261484130048506,-1.8080967630941889,-2.724214324385414,0.6198414226521274,2.2266918480002578,2.8217602477282044,2.8528243923598433,0.4141757448355046,1.4610558472301647,0.9100335032019112,0.07312859757746167,0.502174009311346,0.6037784874430636,0.6600937996163336,-6.47329568862915,1.2640951871871948,0.5841897130012512,-7.14,0.84,1.65
1743703698.394188,2c08d2cc-7a1c-9d34-25ea-6265acb43d72,b628d07d-f370-6e6f-6c40-57a206df6f13,36,-75.0,-66.0,-78.0,-62.0,nan,nan,nan,-2.8221547366341677,-1.7271417259618516,-2.758737946860547,0.5888779139222121,nan,nan,nan,0.33435062037466035,1.4701235112677213,0.9270511025675177,0.11932691073787857,nan,nan,nan,nan,nan,nan,-7.14,0.84,1.65
1743703699.382057,2c08d2cc-7a1c-9d34-25ea-6265acb43d72,40b04ec4-03c5-b0bb-28be-3cf5a2d28048,9,-74.0,-70.0,-77.0,-55.0,-52.0,-53.0,-39.0,-2.8892722550585623,-1.6830697388724023,-2.7100503021278275,0.6152117834131337,2.12452448924601,2.7559042545322545,2.80957018661057,0.3950148667141162,1.4959946565192417,0.9233419183802827,0.1326691647068506,0.2726430803489757,0.5248099120213745,0.653383919060772,-6.304710388183594,1.2459118366241455,0.5295398235321045,-7.14,0.84,1.65
1743703700.394268,2c08d2cc-7a1c-9d34-25ea-6265acb43d72,9843da3b-4a39-9b26-3152-cfb31509c2bb,19,-70.0,-75.0,nan,-60.0,-53.0,-56.0,-38.0,-2.840344393195518,-1.5259873098737684,nan,0.661673291790656,2.0012978463398943,1.2912102946558122,2.768067700788039,0.4648679509207269,1.474235831464967,nan,0.17282367512230642,0.5213838535507958,1.1521585405216237,0.5607530287986497,-6.29874563217163,1.1842578649520874,0.56329745054245,-7.14,0.84,1.65
1743703701.352259,2c08d2cc-7a1c-9d34-25ea-6265acb43d72,09a35701-caac-b7ca-3ad0-856e5d5e136a,12,-81.0,-73.0,-80.0,-56.0,-51.0,-54.0,-38.0,-2.7556617294853964,-1.6141874767516668,-2.617476159475583,0.6482895757324628,1.996557163154556,2.448659810689697,2.80957018661057,0.536169062391041,1.4802126307413774,0.9146560850640164,0.19744619729674306,0.5013739587987083,1.0057991891095455,0.653383919060772,-6.303147792816162,1.1544115543365479,0.4735492169857025,-7.14,0.84,1.65
1743703702.353237,2c08d2cc-7a1c-9d34-25ea-6265acb43d72,6f78f93d-66bf-872b-a410-8fbe84b427a3,19,-69.0,-74.0,nan,-60.0,-54.0,-55.0,-38.0,-2.761331066813957,-1.3464164828402325,nan,0.6674089418303597,1.9119060532454686,0.7709980040039,2.7596880668709685,0.5016620513832072,1.5002265526494318,nan,0.1914233919125016,0.6011963031402049,1.057779569404373,0.5931997762015031,-6.306835174560547,1.1366527080535889,0.449008822441101,-7.14,0.84,1.65
1743703703.394651,2c08d2cc-7a1c-9d34-25ea-6265acb43d72,e3a9c963-8629-0b61-7672-dca7efdb21e2,3,-71.0,-76.0,nan,-54.0,-51.0,-53.0,-39.0,-2.787105139843744,-1.3596530592481988,nan,0.6625928813150604,-3.1191359575734086,2.3897810002453523,2.7843762051122867,0.4383848112507065,1.5019959568776806,nan,0.2071613423743249,0.680555080468162,0.9617182862842744,0.5805858376491649,-6.2990899085998535,1.135422706604004,0.527273654937744,-7.14,0.84,1.65
1743703704.352194,2c08d2cc-7a1c-9d34-25ea-6265acb43d72,9b185fe5-de35-d295-36fb-231417a5b183,15,-74.0,-80.0,nan,-57.0,-51.0,-55.0,-39.0,-2.766734354349619,-1.4506065352190756,nan,0.6300650317608326,2.532959775050086,2.789983453838542,2.83114134640392,0.40999904271890614,1.4574772245153709,nan,0.15914796009534288,0.7389578387335434,0.8590581993547659,0.6568519537401133,-6.291470527648926,1.1274151802062988,0.5111741423606873,-7.14,0.84,1.65
1743703705.393471,2c08d2cc-7a1c-9d34-25ea-6265acb43d72,d8bb54ff-68f7-f951-9fc9-c01e14093c35,36,-77.0,-65.0,nan,-62.0,-55.0,-52.0,-42.0,-2.776046097101081,-1.3114188176910653,nan,0.6021010413666735,2.694746414079139,2.7123494337880465,2.8846650842570267,0.3316484106850978,1.3481190417251199,nan,0.18015748813216667,0.9286110432087415,0.5334004471384891,0.6125317115485619,-6.407931327819824,1.0958209037780762,0.508077383041382,-7.14,0.84,1.65
1743703706.359155,2c08d2cc-7a1c-9d34-25ea-6265acb43d72,76e4a97f-2840-d273-edd3-cb893d2248e1,27,-71.0,-66.0,nan,-58.0,-55.0,-53.0,-38.0,-2.7919590172465223,-1.3438473313366328,nan,0.5487946763554294,2.3682063820510946,2.596212417425123,2.827578532608326,0.30486779592131547,1.4627090044768316,nan,0.24317009327609757,0.8338172517782989,0.36370561892739084,0.4682048197189086,-6.472846031188965,1.1184165477752686,0.518544316291809,-7.14,0.84,1.65
1743703707.382475,2c08d2cc-7a1c-9d34-25ea-6265acb43d72,35107739-80b7-48b8-93f0-cd8259134657,29,-73.0,-66.0,-78.0,-58.0,-54.0,-53.0,-39.0,-2.8296020003064655,-1.3320854803822981,-2.6872744158532518,0.5408206394195143,2.3940552819322614,1.4322120493086907,2.825117611152978,0.3249385097396159,1.4962239546890974,0.855138562600435,0.25779655681221947,0.8085234781557428,1.006230561863116,0.34979898717403557,-6.51722764968872,1.14438259601593,0.5069777965545654,-7.14,0.84,1.65
1743703708.382625,2c08d2cc-7a1c-9d34-25ea-6265acb43d72,9dc294b7-37e5-b5ff-cdbb-0630e4bcc8d2,20,-69.0,-74.0,-83.0,-59.0,-54.0,-57.0,-38.0,-2.7511031966475077,-1.2595435022915753,-2.6892824393151713,0.5895546231552012,2.0321370739551337,0.7423557446398897,2.794704246400537,0.38384077541236167,1.4840435879694562,0.7996509354983615,0.2936794567077291,0.8337871823958268,0.7382954080134192,0.4300494340137142,-6.552666664123535,1.1789782047271729,0.5137799978256226,-7.14,0.84,1.65
1743703709.353657,2c08d2cc-7a1c-9d34-25ea-6265acb43d72,99dfd97c-d650-f65d-e39e-c53ea4f86eba,10,-81.0,-71.0,-77.0,-55.0,-52.0,-53.0,-40.0,-2.690889124400816,-1.295887262213723,-2.717172926463244,0.7493903612468139,2.0621952070892298,1.9437077906871056,2.792021976975551,0.4211230000131399,1.494808750885829,0.8816380807111595,0.3423203962528314,0.5433209627674495,1.0806854425364087,0.5478357142277289,-6.589252471923828,1.1993281841278076,0.529494047164917,-7.14,0.84,1.65
1743703710.382358,2c08d2cc-7a1c-9d34-25ea-6265acb43d72,7e8e480c-2e8b-5a2f-c77d-9a6f71750614,16,-70.0,-83.0,nan,-58.0,-51.0,-55.0,-38.0,-2.679758176308721,-1.1537827175018038,nan,0.6868968894231235,2.0056206371491094,2.709021726324359,2.7968835396221294,0.36661261987307103,1.5075877962185198,nan,0.3273002342838118,0.5416016548273743,1.0043796254952861,0.6168906585122679,-6.44205141067505,1.2846875190734863,0.48758837580680847,-7.14,0.84,1.65
1743703711.394245,2c08d2cc-7a1c-9d34-25ea-6265acb43d72,8ca5533b-5295-2a4a-e923-ab6879016ecd,12,-78.0,-74.0,-75.0,-56.0,-50.0,-53.0,-38.0,-2.6927445487322745,-1.2236881661133479,-2.7981772320757483,0.5858368502734506,2.0437918970047577,2.791102145176004,2.826931561821651,0.37656448668204723,1.4734198389069668,0.9156340643953208,0.28686203063323523,0.3419377331038021,0.7889720381911933,0.673459722559204,-6.25538444519043,1.3884942531585693,0.5032809376716614,-7.14,0.84,1.65
1743703712.35331,2c08d2cc-7a1c-9d34-25ea-6265acb43d72,7862d8f4-cb46-c4ff-8a8a-673efff0fe34,4,-72.0,-77.0,-78.0,-55.0,-53.0,-52.0,-39.0,-2.7545605123746486,-1.2018888610105043,-2.8320140253057504,0.6093259310879495,3.141592653589793,2.759618094318326,2.825457523029843,0.308664797845496,1.5156245505981067,0.8978014711571229,0.26236502656992544,0.48869219060535957,0.5086264940497297,0.5872000986774557,-6.22596836090088,1.4966264963150024,0.5223804712295532,-7.14,0.84,1.65
1743703713.35297,2c08d2cc-7a1c-9d34-25ea-6265acb43d72,3421b2ea-6f93-38e3-9e81-f1c8c02c0706,17,-71.0,-79.0,nan,-59.0,-53.0,-56.0,-38.0,-2.753705371348624,-1.3597766299227785,nan,0.6379514506968842,2.5585968549075533,1.2536923583810766,2.7968835396221294,0.30919123821397737,1.5048829566573807,nan,0.2551349103950102,0.6956133204468197,1.350189683980418,0.6168906585122679,-6.2317280769348145,1.5775052309036255,0.528262495994568,-7.14,0.84,1.65
1743703714.382319,2c08d2cc-7a1c-9d34-25ea-6265acb43d72,50ee045b-e465-d1cc-480a-18073b468505,7,-72.0,-75.0,nan,-57.0,-51.0,-53.0,-40.0,-2.831141307416531,-1.3345078917098343,nan,0.6693778168242553,2.267289349445013,2.6116759506138405,2.7843762051122867,0.32881047964848215,1.5021666655035546,nan,0.17793288309459626,0.3547214659163803,0.8709490978887768,0.5805858376491649,-6.22961950302124,1.604446291923523,0.5857495069503784,-7.14,0.84,1.65
1743703715.392618,2c08d2cc-7a1c-9d34-25ea-6265acb43d72,7687c26a-abc3-a6b1-34da-b9ae6a022a74,26,-71.0,-66.0,nan,-58.0,-55.0,-54.0,-37.0,-2.771856145758059,-1.4206639492930422,nan,0.6342198293774652,2.1138570411716913,2.565852237540386,2.791912652059795,0.3866123937378344,1.5051394190703558,nan,0.15927817202789094,0.46286982989077957,0.5310487521934065,0.44645488962021557,-6.2488603591918945,1.60766065120697,0.6456616520881653,-7.14,0.84,1.65
1743703716.394112,2c08d2cc-7a1c-9d34-25ea-6265acb43d72,45384295-cacb-923e-d9d2-a7b20045a0cf,18,-70.0,-77.0,nan,-60.0,-53.0,-55.0,-38.0,-2.6487975970560047,-1.3657702071140565,nan,0.6260383321926328,1.999461489716374,1.3583339594160972,2.763161027972889,0.26000281932778196,1.476848658810444,nan,0.13919966014102364,0.5693527908095378,1.1775125985175736,0.49241947153321713,-6.305734157562256,1.5633331537246704,0.70367830991745,-7.14,0.84,1.65
1743703717.382797,2c08d2cc-7a1c-9d34-25ea-6265acb43d72,7cb5bdcd-9f12-98d9-3f95-deab219542cf,0,-69.0,-71.0,nan,-54.0,-51.0,-60.0,-38.0,-2.74637528676429,-0.9667734152275673,nan,0.6074121835286186,2.2340046785300975,2.3329669568626987,2.8323498806867446,0.28671219453240465,1.298507812726361,nan,0.13629038967670742,0.4206018760782276,0.7784130455625597,0.5539856232098793,-6.300036430358887,1.5122568607330322,0.7489382028579712,-7.14,0.84,1.65
1743703718.395171,2c08d2cc-7a1c-9d34-25ea-6265acb43d72,c652fbc8-d2b3-23c0-e89b-3fdcea735ab3,20,-69.0,-74.0,-84.0,-60.0,-53.0,-56.0,-38.0,-2.7459822041873942,-0.9541172747791838,-2.977242591134387,0.6245632072648379,2.040731317714664,1.085428665305842,2.7989831535610254,0.2536390294554695,1.385476134442043,0.873601858963791,0.12388082465575159,0.608907864571581,0.9906874640613789,0.5149982897059284,-6.323541641235352,1.4553760290145874,0.8175086975097656,-7.14,0.84,1.65
1743703719.382776,2c08d2cc-7a1c-9d34-25ea-6265acb43d72,dc42ee60-704a-1c61-1f06-c4e809c78d81,4,-71.0,-78.0,-77.0,-55.0,-53.0,-52.0,-39.0,-2.749086118437882,-1.010945803490112,-2.8984649545092984,0.6950640055380696,-2.9909720432833806,2.353189006621928,2.7989831535610254,0.19458694432664994,1.471938855024774,0.8361873085463494,0.17078387681963067,0.6229135790299927,0.9044785980248062,0.5149982897059284,-6.389459609985352,1.4055026769638062,0.8963605761528015,-7.14,0.84,1.65
1743703720.39418,2c08d2cc-7a1c-9d34-25ea-6265acb43d72,c927e4e5-f2cf-c0d6-dc3b-3902b3231d08,27,-71.0,-66.0,-76.0,-58.0,-57.0,-53.0,-37.0,-2.7377280027048028,-0.9624696137479448,-2.90551380928252,0.5392152859144145,2.6350848806293135,2.509276609512451,2.794704246400537,0.2062550187211005,1.473619842304832,0.8042735173604666,0.2775832278555061,0.7883557618822261,0.5623531902201665,0.4300494340137142,-6.46199369430542,1.3494329452514648,0.9637967348098755,-7.14,0.84,1.65
1743703721.354863,2c08d2cc-7a1c-9d34-25ea-6265acb43d72,024e151c-62aa-f52f-7d38-02aa30518130,35,-79.0,-66.0,-78.0,-61.0,nan,nan,nan,-2.6960018610615504,-0.9827671623120927,-2.8884477403850743,0.45818994132929874,nan,nan,nan,0.18107236719039296,1.4186314247490937,0.8850633053471649,0.3222415597932063,nan,nan,nan,nan,nan,nan,-7.14,0.84,1.65
1743703722.383186,2c08d2cc-7a1c-9d34-25ea-6265acb43d72,bf603096-d84f-f47e-20e4-3e578a8702c3,22,-69.0,-70.0,-79.0,-57.0,-52.0,-55.0,-38.0,-2.7422018470200267,-0.9711611062815273,-2.908265121004681,0.49631309233378307,2.1471096480752596,2.515903959545656,2.781145452964779,0.208737917094895,1.5027241982777626,0.8499499258486337,0.29928847343759957,0.8407357953510719,0.37647967735767957,0.39474959245051155,-6.543426513671875,1.2931493520736694,1.00688362121582,-7.14,0.84,1.65
1743703723.383539,2c08d2cc-7a1c-9d34-25ea-6265acb43d72,b1d9d13a-bad7-4f68-03b1-38c7437d4560,36,-78.0,-66.0,-78.0,-61.0,-58.0,-52.0,-42.0,-2.6745322553016586,-1.127145513962722,-2.8618209231742435,0.4646736733192056,2.1614307513941133,2.5517514544661077,2.866377020417936,0.18166503704623327,1.4104599144183492,0.8782235087195144,0.32645524655944325,0.8085234781429786,0.3087975234240763,0.472963270374212,-6.47389793395996,1.238701581954956,1.0182359218597412,-7.14,0.84,1.65
1743703724.395134,2c08d2cc-7a1c-9d34-25ea-6265acb43d72,1283feba-ef14-70ee-6425-fd91986545c4,15,-73.0,-82.0,-81.0,-57.0,-51.0,-56.0,-38.0,-2.657623312908527,-1.2370641590043798,-2.755722982190468,0.508477879561047,2.0695143184886287,2.8022233841364264,2.8426424610146035,0.1208397610069901,1.2273438873416997,0.8309963415285944,0.2393437133561422,0.6348163411351309,0.4985498151855666,0.6069020886082934,-6.392723083496094,1.1895320415496826,0.95048725605011,-7.14,0.84,1.65
1743703725.382531,2c08d2cc-7a1c-9d34-25ea-6265acb43d72,26703391-1b72-4406-ea83-38e2d0219408,27,-71.0,-66.0,-77.0,-58.0,nan,nan,nan,-2.657110121766469,-1.1619050925104362,-2.7793582705488125,0.5221340369987553,nan,nan,nan,0.13567530765581842,1.4688381365675944,0.7782469766593402,0.26093858755580857,nan,nan,nan,nan,nan,nan,-7.14,0.84,1.65
1743703726.354569,2c08d2cc-7a1c-9d34-25ea-6265acb43d72,d40fc99f-e431-d890-c554-407e140ae344,14,-75.0,-77.0,-80.0,-57.0,-51.0,-56.0,-39.0,-2.539446072168479,-1.1935217414976935,-2.672396666423524,0.628028778791358,2.0527918120369097,2.9320266544204134,2.8488730176519272,0.16485413227073073,1.3482296960684133,0.8221894009617566,0.2858141100338027,0.5514842793644376,0.5831996405784611,0.6768146602621665,-6.333889961242676,1.1974698305130005,0.8503186106681824,-7.14,0.84,1.65
1743703727.382278,2c08d2cc-7a1c-9d34-25ea-6265acb43d72,a847a198-3458-d2b9-5ed5-2a0935e48cdb,26,-71.0,-67.0,-75.0,-58.0,-56.0,-53.0,-37.0,-2.7116338177119883,-1.3188924466581542,-2.781389463512216,0.5170945372679984,1.9861741761303497,2.7066264686097847,2.8247838329942283,0.19503287400642688,1.4604152238299464,0.812654485310946,0.26949434209758116,0.5559994734578472,0.38375292090415625,0.48479717741924294,-6.318482398986816,1.208658218383789,0.7769699692726135,-7.14,0.84,1.65
1743703728.356417,2c08d2cc-7a1c-9d34-25ea-6265acb43d72,cd6084da-1f8a-07e0-72d8-18858c054d0d,34,-82.0,-66.0,-79.0,-60.0,-55.0,-52.0,-40.0,-2.6089215534220305,-1.2836588254364063,-2.7956626753744955,0.5029920340315926,2.3758118860563937,2.6266746345833627,2.866377020417936,0.17045983669399534,1.4335800142638173,0.8442543563833357,0.28397263400855377,0.8565946368723143,0.3067750867272473,0.472963270374212,-6.302945137023926,1.2339372634887695,0.7024550437927246,-7.14,0.84,1.65
1743703729.382804,2c08d2cc-7a1c-9d34-25ea-6265acb43d72,17678503-83e9-8033-bee1-53222f52c140,8,-74.0,-73.0,-78.0,-56.0,-51.0,-54.0,-40.0,-2.7740460631224315,-1.2030752992761344,-2.86877470309655,0.5418558101352281,2.210922309541697,2.665356596342168,2.8155367438732584,0.16253122329942274,1.5064394411564779,0.8684001727226481,0.26179778990249536,0.4229330807854587,0.29696428374695444,0.5344770481802276,-6.399757385253906,1.2486543655395508,0.68212753534317,-7.14,0.84,1.65
1743703730.380649,2c08d2cc-7a1c-9d34-25ea-6265acb43d72,f428a469-4ffa-a4cb-a6e2-a174eb74c0a0,9,-76.0,-72.0,-77.0,-55.0,-51.0,-54.0,-39.0,-2.818032163266725,-1.4274815085255905,-2.8796055129337934,0.5565420782825791,2.1017832060099852,2.6756045828366872,2.788288159223671,0.2155886326830148,1.4738727094503348,0.8896304934585962,0.24364438562148388,0.3177101349718059,0.34639470732364114,0.5642223183712205,-6.45222043991089,1.283530592918396,0.6584675908088684,-7.14,0.84,1.65
1743703731.382197,2c08d2cc-7a1c-9d34-25ea-6265acb43d72,5ab1dd07-095e-dc09-ec2b-d5021f026dd8,6,-70.0,-77.0,-83.0,-57.0,-51.0,-53.0,-40.0,-2.8322236160835392,-1.301170707500331,-2.8757503209397948,0.5777235300125243,2.0561508431734103,2.7037553848544613,2.788288159223671,0.2587437932776902,1.5075598330270739,0.8472132615124681,0.19484876635131837,0.20479691340568115,0.28619189951171026,0.5642223183712205,-6.461394786834717,1.3409781455993652,0.6321728825569153,-7.14,0.84,1.65
1743703732.355392,2c08d2cc-7a1c-9d34-25ea-6265acb43d72,a9ec3ebb-be3e-6527-5d20-c6d8d8782a30,35,-79.0,-66.0,-79.0,-61.0,-58.0,-52.0,-41.0,-2.800755970959272,-1.3521441433966659,-2.932569661744962,0.5756960654746469,2.1840534100338913,2.652045532878087,2.858528875777037,0.24607969663555002,1.4886394050626062,0.8629979504514224,0.2330863667036488,0.46389089278929657,0.2635453258468896,0.523297705507521,-6.4651198387146,1.3918715715408325,0.6234731674194336,-7.14,0.84,1.65
1743703733.355944,2c08d2cc-7a1c-9d34-25ea-6265acb43d72,5d45c3be-eab4-18db-6c2b-3cab4f5f8916,21,-70.0,-72.0,-81.0,-58.0,-52.0,-56.0,-38.0,-2.7836680641408877,-1.2823269785752576,-3.013225093254666,0.5812061457700208,2.00866153600631,2.593402661375582,2.8247838329942283,0.25756497831068026,1.499560229744694,0.7675608430483155,0.22635141539916334,0.6529873724573713,0.2858262674814093,0.48479717741924294,-6.479129314422607,1.4373743534088135,0.626526117324829,-7.14,0.84,1.65
