1743702540.368964,2c08d2cc-7a1c-9d34-25ea-6265acb43d72,31ec8451-36ff-16c5-eb33-9a24162b669d,0,-67.0,-69.0,-70.0,-74.0,-65.0,-37.0,-58.0,1.4813316910314287,-0.8576286847986865,-1.128777632236777,-0.19294681992456783,-0.36825236498632097,2.4096618392424043,-0.6019453209733664,1.5121087784850384,1.0960774761600212,1.2598937079749208,0.28424104735692013,0.6986827254146633,1.3610137977733523,0.428561642015407,-1.1832350492477417,3.213874578475952,1.9633806943893433,-1.14,4.44,1.65
1743702541.35068,2c08d2cc-7a1c-9d34-25ea-6265acb43d72,1ecb0b76-ec46-5a4d-b9c2-edea51e5d0fa,3,-70.0,-68.0,nan,nan,nan,-38.0,-57.0,1.3493422316137935,-0.8604268681560326,nan,nan,nan,2.4611810232132396,-0.6164224688998949,1.5243452047456256,1.0707970200382804,nan,nan,nan,1.3477298756960463,0.47150711366494336,nan,nan,nan,-1.14,4.44,1.65
1743702542.344906,2c08d2cc-7a1c-9d34-25ea-6265acb43d72,8878f3ea-3ab9-91c9-04cf-7c4542615672,5,-67.0,-69.0,-78.0,-70.0,-60.0,-38.0,-56.0,1.319384598827601,-0.831768857981799,-1.1874936763702992,-0.17445143247007652,-1.3342541549814453,2.4611810232132396,-0.6299208142773576,1.508894609365422,1.0726698880748786,1.285625303585321,0.27364328075981564,1.0305797359087576,1.3477298756960463,0.4520127856934528,-1.1866668462753296,3.1985056400299072,1.9541414976119995,-1.14,4.44,1.65
1743702543.359841,2c08d2cc-7a1c-9d34-25ea-6265acb43d72,257754be-6937-30ff-12ab-937cd30c5918,35,-71.0,-78.0,-65.0,nan,-54.0,-39.0,-63.0,1.2279569470246359,-0.8469259730098759,-1.1007202980464106,nan,0.026599661356368105,2.226631398664608,-0.6144014854947664,1.4919828706531464,1.0857490716624212,1.1350871934913926,nan,0.8550361443736294,1.3721076837718722,0.33386250713244126,-1.1699873208999634,3.2153618335723877,1.8664764165878296,-1.14,4.44,1.65
1743702544.372503,2c08d2cc-7a1c-9d34-25ea-6265acb43d72,23813353-1233-0e12-95cd-3c76d51fc051,0,-68.0,-69.0,-70.0,nan,-63.0,-37.0,-59.0,1.3288177817247708,-0.8256928559547833,-1.0997991106253522,nan,-0.44460547605203954,2.4611810232132396,-0.5834536510562538,1.517978385527573,1.009732733613581,1.1422421752340541,nan,0.513619092408493,1.3477298756960463,0.4332882468658025,-1.1766306161880493,3.221068859100342,1.62775456905365,-1.14,4.44,1.65
1743702545.36796,2c08d2cc-7a1c-9d34-25ea-6265acb43d72,98887ddb-703e-7b5f-3977-7ebf26b4c4ab,34,-71.0,-81.0,-66.0,nan,nan,nan,nan,1.2229992063393444,-0.8866012142976584,-1.0405078236963732,nan,nan,nan,nan,1.5064837827886275,1.0202673999376075,1.060830738869904,nan,nan,nan,nan,nan,nan,nan,-1.14,4.44,1.65
1743702546.368421,2c08d2cc-7a1c-9d34-25ea-6265acb43d72,86bc38ad-ddb0-97da-a599-e5f77683f5d5,14,-72.0,-83.0,-63.0,nan,-62.0,-39.0,-60.0,1.172775450289867,-0.8883133605624703,-1.0171955767782555,nan,0.23296335415330693,2.291720532673144,-0.5129097267396078,1.5137174609415007,1.0004407648332128,1.086624053238567,nan,0.7194419297099424,1.3610137977651555,0.4660902493371647,-1.0950645208358765,3.25053071975708,1.415123701095581,-1.14,4.44,1.65
1743702547.368335,2c08d2cc-7a1c-9d34-25ea-6265acb43d72,b05d658b-6df2-65fc-a905-adfd919ab26d,15,-72.0,-92.0,-63.0,nan,-62.0,-39.0,-58.0,1.3761661227452897,-0.9022741836288838,-0.9820787351703072,nan,0.5619350360345128,2.2851603691899447,-0.45980545836959524,1.4853199079218768,0.9443581875436157,1.1094029355693686,nan,0.702298780674504,1.3855274749099782,0.4939359452345272,-1.0888298749923706,3.256033420562744,1.2261767387390137,-1.14,4.44,1.65
1743702548.32,2c08d2cc-7a1c-9d34-25ea-6265acb43d72,ffd3a0f3-9b7f-0d62-9901-146e5cf0c370,11,-69.0,-73.0,-66.0,-73.0,-58.0,-39.0,-62.0,1.3550957248328006,-0.9465268661982944,-0.9980896596438635,-0.061150173369854434,0.8444770815666769,2.226631398664608,-0.5046773050184515,1.5034387243982312,0.913842689088079,1.2631849756080953,0.41556148741921367,0.5702600266332587,1.3721076837718722,0.43560418920370214,-1.085978627204895,3.261033058166504,1.06766140460968,-1.14,4.44,1.65
1743702549.35917,2c08d2cc-7a1c-9d34-25ea-6265acb43d72,e02d04aa-65c2-5496-a8e0-c9c3f2a42487,7,-65.0,-70.0,-75.0,-72.0,-62.0,-39.0,-58.0,1.3880699201857258,-0.9408081272315129,-1.0349748402156245,-0.11741930509381163,-2.4654385621083263,2.291720532673144,-0.5672073081794096,1.4913736725537903,0.9540952371211633,1.3979936573556881,0.41990779960773666,1.4590961403328533,1.3610137977651555,0.3747051475773756,-1.0347223281860352,3.28211259841919,1.0904890298843384,-1.14,4.44,1.65
1743702550.368138,2c08d2cc-7a1c-9d34-25ea-6265acb43d72,8a63f5d3-703c-3de5-7670-b9051c3d0911,35,-74.0,-79.0,-65.0,-87.0,-54.0,-40.0,-63.0,1.3235947901949074,-0.9256660590635947,-0.8955228039494239,-0.08906383001941096,0.4897173813119614,2.2102909979492082,-0.5868285069014211,1.5259509577248886,0.9746473838855229,1.2243937706441643,0.4860239028832346,0.9000516194804159,1.3964680929274556,0.29427859363272396,-1.027406930923462,3.3128206729888916,1.0798516273498535,-1.14,4.44,1.65
1743702551.359885,2c08d2cc-7a1c-9d34-25ea-6265acb43d72,80f0be1a-01ea-8fb9-3441-17dc3645d9dd,17,-69.0,-87.0,-63.0,-77.0,-62.0,-39.0,-58.0,1.3525492101984669,-0.8778242342930843,-0.8328466392749541,-0.15144465012899097,0.5783617911149005,2.1541461672626037,-0.5157248548464775,1.5107953074354112,0.9400515897448486,1.1909054520427995,0.33856996635821374,0.7316857330446221,1.3822497010366608,0.40127410222414933,-1.0281111001968384,3.3520336151123047,1.0744035243988037,-1.14,4.44,1.65
1743702552.372619,2c08d2cc-7a1c-9d34-25ea-6265acb43d72,31635e76-20d2-9e17-bb36-2847597f2b84,34,-73.0,-83.0,-65.0,-82.0,-54.0,-39.0,-63.0,1.3825763514891103,-0.9046553159595235,-0.8377828083554159,0.16406297368989542,0.5927570613968074,2.073854254890391,-0.571869187498759,1.47855294875004,1.0225872795631756,1.1600226370939137,0.3343329769324386,0.46233151330809863,1.3912784249295278,0.31222969307436127,-1.0275707244873047,3.387968063354492,1.0061187744140625,-1.14,4.44,1.65
1743702553.345048,2c08d2cc-7a1c-9d34-25ea-6265acb43d72,97a4ebd9-e845-e0a0-1de9-8884ff0f9757,33,-72.0,-89.0,-67.0,-80.0,-54.0,-39.0,-64.0,1.3155685553016265,-0.9287286943171857,-0.8600569550806207,0.15487187213581396,0.560187277999916,2.073854254890391,-0.5634615742392258,1.4816776356570298,1.1855365192851997,1.1234973827434767,0.35306658414643743,0.34519808473594304,1.3912784249295278,0.2680787108041215,-1.0268276929855347,3.427116870880127,0.9425546526908875,-1.14,4.44,1.65
1743702554.368737,2c08d2cc-7a1c-9d34-25ea-6265acb43d72,607652db-9703-4a47-c323-2fef04c05405,12,-70.0,-75.0,-65.0,-75.0,-59.0,-39.0,-67.0,1.4075584004107076,-0.9070905104602921,-0.8600210024059046,-0.49214045153784686,0.7321502672860618,2.073854254890391,-0.5481899921055748,1.479829401860515,1.2116516100925712,1.1766582060011483,0.308228572058941,0.27809649619451277,1.3912784249295278,0.28582626743328227,-1.0823956727981567,3.4252352714538574,0.9544057846069336,-1.14,4.44,1.65
1743702555.368665,2c08d2cc-7a1c-9d34-25ea-6265acb43d72,ad55d8dc-f9fd-fac9-8602-2c079c2a48f7,6,-66.0,-71.0,-80.0,-71.0,-62.0,-39.0,-57.0,1.3571010851336305,-0.9072074232321464,-0.8655635732665775,-0.42004042503002265,0.10018319293165473,2.291720532673144,-0.604717735745643,1.3446444154508936,0.9738271302697784,1.3454648022246927,0.34314158197495737,1.3954017430367702,1.3610137977651555,0.2909289140754718,-1.1234228610992432,3.449876070022583,1.121152639389038,-1.14,4.44,1.65
1743702556.369384,2c08d2cc-7a1c-9d34-25ea-6265acb43d72,02d09325-cb75-2e3f-e434-95dbdd5b18a5,27,-73.0,-77.0,-64.0,-73.0,-58.0,-38.0,nan,1.345159470805715,-0.8950628760291672,-0.8619339510169085,-0.4146355395977069,0.475251004640631,2.1541461672626037,nan,1.5090137858242028,0.9935459739290521,1.17776634733073,0.4214039302186296,0.779125191271369,1.3822497010366608,nan,-1.1766859292984009,3.4469029903411865,1.29400098323822,-1.14,4.44,1.65
1743702557.404615,2c08d2cc-7a1c-9d34-25ea-6265acb43d72,66911dea-e9cf-d4d9-f1e5-10dd440fe17d,6,nan,nan,nan,nan,nan,-39.0,nan,nan,nan,nan,nan,nan,2.291720532673144,nan,nan,nan,nan,nan,nan,1.3610137977651555,nan,nan,nan,nan,-1.14,4.44,1.65
1743702558.368497,2c08d2cc-7a1c-9d34-25ea-6265acb43d72,3ea51501-7d50-04fc-5ffd-0c06a410b9eb,32,-73.0,-89.0,-68.0,nan,-55.0,-39.0,-64.0,1.3435013867110317,-0.9255904252886366,-0.836641910144426,nan,0.4640727473697248,2.1755616146055763,-0.5812989281586235,1.4988887136758304,0.9519880774876652,1.0779875549814941,nan,0.5095600716759214,1.358108817041834,0.265157507014371,-1.1902697086334229,3.4549927711486816,1.4621115922927856,-1.14,4.44,1.65
1743702559.368911,2c08d2cc-7a1c-9d34-25ea-6265acb43d72,45498348-112b-7214-f85f-dd170684f52b,3,-69.0,-68.0,-69.0,nan,-63.0,-38.0,-56.0,1.2779580628069829,-0.8675566830263928,-0.853419825011925,nan,-1.1940813434879887,2.3500006104204956,-0.6256886939181845,1.5306580949516038,1.0166585503444412,1.0617129775600203,nan,1.3829506055865362,1.3491109218756177,0.37647967729807924,-1.2756997346878052,3.44949722290039,1.590438961982727,-1.14,4.44,1.65
1743702560.360371,2c08d2cc-7a1c-9d34-25ea-6265acb43d72,1ecc4d93-bd10-5f66-0e98-7d1af8321bf6,32,-73.0,-87.0,-68.0,nan,-56.0,-39.0,-65.0,1.5204780285267212,-0.8662751699098467,-0.8605451125084321,nan,0.2677302696156937,2.226631398664608,-0.5868285069014211,1.5059333073913082,0.9967630725258677,1.0323221986118511,nan,0.8547494953731092,1.3721076837718722,0.29427859363272396,-1.287123680114746,3.4456417560577393,1.5379431247711182,-1.14,4.44,1.65
1743702561.366863,2c08d2cc-7a1c-9d34-25ea-6265acb43d72,69b308eb-5a91-edc3-6789-ac84388d344b,35,-72.0,-79.0,-65.0,nan,-53.0,-40.0,-62.0,1.6484322662606685,-0.8931864127250974,-0.8243245237867005,nan,0.526746160051887,2.2102909979492082,-0.5634615742392258,1.4439089513936352,1.0089872482454405,1.0209736702586965,nan,0.5115372797969513,1.3964680929274556,0.2680787108041215,-1.3025230169296265,3.421518564224243,1.452683448791504,-1.14,4.44,1.65
1743702562.368934,2c08d2cc-7a1c-9d34-25ea-6265acb43d72,a6e19b91-04ef-e4f7-8541-9958f0a0f694,27,-75.0,-81.0,-64.0,-73.0,-57.0,-39.0,nan,1.5854447780547682,-0.8912795893846006,-0.8034815598313044,-0.3027050095105485,0.6359978150236603,2.073854254890391,nan,1.509880777917078,1.0674645399872371,0.987498401146673,0.3991490581218143,0.3439410747052656,1.3912784249295278,nan,-1.3045488595962524,3.4485716819763184,1.393027663230896,-1.14,4.44,1.65
1743702563.310809,2c08d2cc-7a1c-9d34-25ea-6265acb43d72,c299ec70-2ae9-ce37-8edb-28e299aa1247,4,-69.0,-68.0,-73.0,-70.0,-64.0,-38.0,-55.0,1.6182458679368383,-0.8805310712250408,-0.8696645750291906,-0.2353073265394772,-0.26387629199209484,2.351304769771386,-0.62893240923879,1.4926530551414645,1.0374798095369528,1.0991492327403458,0.3742145799151886,1.3000549368217331,1.3736567602739684,0.3157851998780997,-1.3131078481674194,3.466427803039551,1.470567226409912,-1.14,4.44,1.65
1743702564.346708,2c08d2cc-7a1c-9d34-25ea-6265acb43d72,a6d804cf-5496-f9bf-2e1a-c48d9e81d404,27,-74.0,-81.0,-64.0,-73.0,-57.0,-38.0,nan,1.6943393044992363,-0.8650437242217939,-0.8608649581553507,-0.2636596058205698,0.45315545909834637,2.1541461672626037,nan,1.493454267155415,1.1123216269660412,1.0337338737266748,0.39939826342081847,0.7323011104200389,1.3822497010366608,nan,-1.326311469078064,3.462059736251831,1.5855380296707153,-1.14,4.44,1.65
1743702565.311601,2c08d2cc-7a1c-9d34-25ea-6265acb43d72,0fd1ab92-4dc3-edfb-615f-c04537dcaf64,33,-73.0,nan,-67.0,-80.0,-54.0,-39.0,-62.0,1.9022208655008594,nan,-0.8570622304348265,-0.27775012483207,0.4748684657634378,2.073854254890391,-0.6018301379236058,1.498825197283832,nan,1.0813448690097027,0.3467922764867516,0.4743639597955781,1.3912784249295278,0.27655629911441737,-1.4207934141159058,3.426964521408081,1.667985200881958,-1.14,4.44,1.65
1743702566.369089,2c08d2cc-7a1c-9d34-25ea-6265acb43d72,13003a2a-7e38-5099-e46f-2f8469287d52,20,-72.0,-86.0,-64.0,-75.0,-62.0,-38.0,-63.0,1.4469028770911023,-0.8781539336360361,-0.8410499743807252,-0.23167317691595507,0.5650385070425609,2.1541461672626037,-0.5672073081794096,1.4871428416880361,1.0830771221407447,1.085311181400185,0.45075106661443487,0.5016669121624692,1.3822497010366608,0.3747051475773756,-1.5294930934906006,3.371199369430542,1.720569133758545,-1.14,4.44,1.65
1743702567.312333,2c08d2cc-7a1c-9d34-25ea-6265acb43d72,2fd17ac5-d60c-fd7e-c141-4902d4aec3b4,26,-79.0,-79.0,-64.0,-74.0,-57.0,-38.0,-65.0,1.4515735290108833,-0.88057155127361,-0.8303091793883266,-0.2597167958267074,0.671868393828081,2.1258970258908794,-0.6581660074544876,1.525552815141922,1.1248236369663362,0.9974225377907988,0.44760367625915204,0.33530463649335407,1.4062929167738942,0.2803584367042427,-1.6132383346557617,3.3263168334960938,1.7766516208648682,-1.14,4.44,1.65
1743702568.369768,2c08d2cc-7a1c-9d34-25ea-6265acb43d72,df23e533-a207-1414-0f86-57671cabb3e4,4,-69.0,-69.0,-72.0,-71.0,-61.0,-39.0,-55.0,1.2340830164801453,-0.8749666624434292,-0.9663045657176588,-0.16958876663570088,-0.3828253065018369,2.351304769771386,-0.671868393828081,1.53747618681637,1.104950596279947,1.136983364187529,0.41792054880231955,1.3829506055315464,1.3736567602739684,0.33530463649335407,-1.4985731840133667,3.3107917308807373,1.8325742483139038,-1.14,4.44,1.65
1743702569.361503,2c08d2cc-7a1c-9d34-25ea-6265acb43d72,a245dedc-4a4d-26cf-5c66-07f3c9c6a834,0,-69.0,-69.0,-69.0,-73.0,-63.0,-37.0,-57.0,1.0287919122708422,-0.8393197186205007,-0.9457725258195294,-0.13665904607298007,-0.5567264493433391,2.4611810232132396,-0.6065622640632694,1.5011980738150927,0.9991887462257392,1.1009297556661455,0.31055624143069743,0.738547576755019,1.3477298756960463,0.4429245711130637,-1.2968107461929321,3.2969894409179688,1.8819934129714966,-1.14,4.44,1.65
1743702570.369349,2c08d2cc-7a1c-9d34-25ea-6265acb43d72,27747df1-8494-2424-6a5e-bdbaf3d129ed,24,-86.0,-77.0,-64.0,-75.0,nan,nan,nan,1.5219949650836304,-0.8411772734808309,-0.7655349764070922,-0.19343204787518029,nan,nan,nan,1.4961065092850248,0.983188141501407,1.1056414202667135,0.25231473931391396,nan,nan,nan,nan,nan,nan,-1.14,4.44,1.65
1743702571.360549,2c08d2cc-7a1c-9d34-25ea-6265acb43d72,b206a4d7-9ede-d503-de82-f7bbab3e6894,20,-71.0,-85.0,-64.0,-76.0,-64.0,-38.0,nan,1.8230365641773156,-0.8617661718682335,-0.8526296651164986,-0.26851694533276527,0.09103068921078447,2.291720532673144,nan,1.499004827499358,0.9626264073571232,1.0691475246381126,0.2682241474156679,0.6960894446476094,1.3610137977651555,nan,-1.2875478267669678,3.2827937602996826,2.00907301902771,-1.14,4.44,1.65
1743702572.369498,2c08d2cc-7a1c-9d34-25ea-6265acb43d72,3ffef8d6-cdd5-384d-90c9-ce1b81e1e72a,33,-72.0,-88.0,-67.0,-82.0,-54.0,-39.0,-62.0,1.9392510551939754,-0.9323516586641296,-0.8301943971453442,-0.27633678524156496,0.34968000145403294,2.226631398664608,-0.5569381415213446,1.5249497423130736,0.9613983571994604,1.0757822578618268,0.30614541416476737,0.44645488953908735,1.3721076837718722,0.3303972586261032,-1.2857354879379272,3.2751057147979736,2.1405398845672607,-1.14,4.44,1.65
1743702573.346353,2c08d2cc-7a1c-9d34-25ea-6265acb43d72,7a93f445-b13d-f50c-0a6b-f789b0e9c6c7,7,-66.0,-71.0,-77.0,-71.0,-59.0,-39.0,-58.0,1.8561971808065463,-0.8902287060184553,-1.020789379511263,-0.21013432896772122,-1.7335335538820367,2.291720532673144,-0.6374281909403248,1.5178605406493373,0.9324588508980054,1.2006466295200369,0.41205839861083715,1.3585099439349335,1.3610137977651555,0.2699568183870234,-1.2895610332489014,3.2336997985839844,2.203031301498413,-1.14,4.44,1.65
1743702574.310395,2c08d2cc-7a1c-9d34-25ea-6265acb43d72,913d08ee-275a-fd8c-445f-f2a144f44aeb,30,-75.0,-83.0,-68.0,-77.0,-56.0,-38.0,-67.0,1.6878411914394431,-0.8878678137121001,-1.1005518531074632,-0.2650484443290461,0.31241296257522616,2.226631398664608,-0.6320122564109217,1.5043704313055952,0.9887877705884348,1.0594401693067192,0.3537375675830829,0.901022870581185,1.3721076837718722,0.24184761633796584,-1.287892460823059,3.198153257369995,2.255392551422119,-1.14,4.44,1.65
1743702575.359514,2c08d2cc-7a1c-9d34-25ea-6265acb43d72,440006c5-3a19-3c8a-aed7-e0618271a9e0,33,-73.0,-95.0,-67.0,-81.0,-54.0,-39.0,-63.0,1.5108352548517625,-0.8981428218298437,-1.073984291230887,-0.3385303851265124,0.3936551816451187,2.073854254890391,-0.5764112367594056,1.4909837857702026,1.019019908703987,1.016586911311118,0.33065674936369316,0.5571004119112986,1.3912784249295278,0.2359365944739108,-1.2839184999465942,3.178354024887085,2.2604808807373047,-1.14,4.44,1.65
1743702576.358563,2c08d2cc-7a1c-9d34-25ea-6265acb43d72,2c80e494-d00a-100a-66aa-b3dcd2885847,29,-74.0,-80.0,-67.0,-75.0,-57.0,-39.0,-70.0,1.4950123495511658,-0.9057631909729966,-1.0249411144926421,-0.337911732805287,0.4937024357988,2.0298613145191684,-0.6448898507869442,1.5050320936784252,1.0083551469607104,0.9850367081930582,0.348576660996132,0.38963065372063743,1.3758613262628947,0.21095007253969314,-1.2982580661773682,3.1836729049682617,2.285764217376709,-1.14,4.44,1.65
1743702577.369624,2c08d2cc-7a1c-9d34-25ea-6265acb43d72,31dee497-7d0c-8c15-4e90-6fe2b9c98ea8,26,-74.0,-79.0,-64.0,-73.0,-56.0,-39.0,-65.0,1.689782103241893,-0.8143858729146337,-0.9179219860878078,-0.3604157103325656,0.6403868526601474,2.073854254890391,-0.697691707657027,1.5133354304831288,0.9975611553255374,0.9492228507488089,0.40670005191857045,0.2839675506499688,1.3912784249295278,0.20252174617906316,-1.3607817888259888,3.184680461883545,2.3325278759002686,-1.14,4.44,1.65
1743702578.346831,2c08d2cc-7a1c-9d34-25ea-6265acb43d72,cc2495bd-5d7a-fbfb-606c-b6b235e21934,5,-66.0,-69.0,-76.0,-70.0,-60.0,-38.0,-55.0,1.7180931035260891,-0.9058321668452295,-1.0308964753222771,-0.2662348825946764,-0.32444457641628427,2.226631398664608,-0.67289330739282,1.4862279126955398,1.0261898707277801,1.0693208964250767,0.3967418601020053,1.3501896839183585,1.3721076837718722,0.26303285845254676,-1.4025633335113525,3.1920411586761475,2.371236562728882,-1.14,4.44,1.65
1743702579.369345,2c08d2cc-7a1c-9d34-25ea-6265acb43d72,6c2b0eb6-d493-4833-35c0-11f7f8ba7102,26,-74.0,-80.0,-64.0,-74.0,-57.0,-38.0,-68.0,1.4895331619244365,-0.884500246513695,-0.9729737868774897,-0.2544714337436874,0.48262801645698233,2.1541461672626037,-0.7377685561250699,1.5133595320909943,1.0528215482075995,1.0442186723592894,0.46600232438704614,0.7422643083718755,1.3822497010366608,0.22248671690437516,-1.631657361984253,3.194460153579712,2.407485246658325,-1.14,4.44,1.65
1743702580.369668,2c08d2cc-7a1c-9d34-25ea-6265acb43d72,a2a8b311-52c3-5a46-9a70-dbe8628b3f14,25,-75.0,-78.0,-64.0,-74.0,-57.0,-38.0,-63.0,1.1327902170511996,-0.886623584850815,-0.9159452547686965,-0.2733766816899419,0.6299208142773576,2.1258970258908794,-0.7527199085097922,1.4946344469924835,0.9685765084436054,1.0695113790220447,0.48186411183955813,0.4520127856934528,1.4062929167738942,0.20629867986450529,-1.9070698022842407,3.2061100006103516,2.4485321044921875,-1.14,4.44,1.65
1743702581.370415,2c08d2cc-7a1c-9d34-25ea-6265acb43d72,3e916e88-271d-aee6-ffd9-b2681d4cb735,3,-70.0,-68.0,-67.0,nan,nan,-38.0,-56.0,1.2863611349945097,-0.8519540211479455,-1.0293827345586761,nan,nan,2.291720532673144,-0.6968219723827884,1.4990937770797665,0.9466290650051262,1.1459215985961075,nan,nan,1.3610137977651555,0.28629272847715315,nan,nan,nan,-1.14,4.44,1.65
1743702582.360387,2c08d2cc-7a1c-9d34-25ea-6265acb43d72,6acd160b-a416-ea02-1c4e-59075349b099,1,-69.0,-69.0,-69.0,-75.0,-64.0,-37.0,-58.0,1.3670778192092852,-0.8173675480710865,-1.0551841049896362,-0.18475094166984896,-0.07582009428286533,2.4096618392424043,-0.657804863080567,1.4788263222359366,0.9772665362385886,1.1271797355827295,0.4369472036047681,0.4003919552325633,1.3610137977733523,0.3535054447110954,-1.911572813987732,3.22883939743042,2.39612865447998,-1.14,4.44,1.65
1743702583.312429,2c08d2cc-7a1c-9d34-25ea-6265acb43d72,15194c4e-f2b2-b40c-8833-14af29609e5d,8,-67.0,-71.0,-75.0,-73.0,-62.0,-39.0,-58.0,1.3260486268233065,-0.8675814504245305,-1.0758209402766603,-0.1947609652591298,-0.7357821907867516,2.3500006104204956,-0.6403868526601474,1.5071258709274455,0.927339988966764,1.3506775405843594,0.4275948809361959,0.8896595185718785,1.3491109218756177,0.2839675506499688,-1.8986507654190063,3.26063346862793,2.375359058380127,-1.14,4.44,1.65
1743702584.360066,2c08d2cc-7a1c-9d34-25ea-6265acb43d72,04f923b1-49c8-ae5c-edba-2b1f63750631,16,-73.0,-93.0,-63.0,-80.0,-66.0,-38.0,-60.0,1.1959806381321636,-0.9072500338095878,-1.0615851458276961,-0.13290345630375033,0.11567449033813142,2.351304769771386,-0.5380274338125851,1.5107039610100215,1.012783451221294,1.301671248627212,0.4638722282786599,0.9217987875016779,1.3736567602739684,0.41244426232082987,-1.8878687620162964,3.308664083480835,2.343838691711426,-1.14,4.44,1.65
1743702585.309945,2c08d2cc-7a1c-9d34-25ea-6265acb43d72,b8690613-2b47-c966-254f-13f38641c373,28,-74.0,-80.0,-65.0,-73.0,-58.0,-40.0,-68.0,1.06663489872865,-0.8952711352264114,-1.0436251869103654,-0.1455505420044276,0.4136917611797084,2.1541461672626037,-0.6435163399550751,1.5139636701842782,1.0530149602817669,1.2066995952036235,0.5044482838051617,0.5532667799163778,1.3822497010366608,0.297946538683691,-1.87241530418396,3.3781521320343018,2.287853240966797,-1.14,4.44,1.65
1743702586.370879,2c08d2cc-7a1c-9d34-25ea-6265acb43d72,bdcf8cc6-356d-458c-26eb-ba1b5e6cf3a7,7,-65.0,-70.0,nan,nan,-65.0,-39.0,nan,1.1773046883557647,-0.8839849248427645,nan,nan,-1.1492925528007412,2.291720532673144,nan,1.4880071706198212,0.9416779156435326,nan,nan,1.3601300021332166,1.3610137977651555,nan,nan,nan,nan,-1.14,4.44,1.65
1743702587.370097,2c08d2cc-7a1c-9d34-25ea-6265acb43d72,7c32ce1d-4bd6-1345-5597-374e5c58713b,8,-67.0,-70.0,-75.0,-72.0,-60.0,-39.0,-60.0,1.6747783862926044,-0.8611744174740178,-1.0558050209977883,-0.15380554243534622,-1.9563119533021747,2.3500006104204956,-0.6523581397216711,1.4975699163040235,0.9290188457179498,1.4198737893976154,0.5119879258777714,1.0201820005452324,1.3491109218756177,0.2526802551222123,-1.859138011932373,3.4525296688079834,2.240527629852295,-1.14,4.44,1.65
1743702588.309697,2c08d2cc-7a1c-9d34-25ea-6265acb43d72,0ae98364-da8c-6701-5b59-531ee996ecd6,33,-73.0,-93.0,-67.0,-80.0,-55.0,-39.0,-62.0,1.4835330599884882,-0.8746087335929226,-0.9964500845187562,-0.17987123160449678,-0.0697283115378076,2.1541461672626037,-0.5965474001954757,1.446909934467991,0.9191552294095963,1.2449608311106286,0.4907685573918062,1.0461433947283936,1.3822497010366608,0.24772964012233523,-1.6993247270584106,3.564457416534424,2.196706771850586,-1.14,4.44,1.65
1743702589.321574,2c08d2cc-7a1c-9d34-25ea-6265acb43d72,94afd893-7bb4-bbf5-288a-53408fedc5d7,19,-70.0,nan,-64.0,-75.0,-65.0,-38.0,-61.0,1.3092507382476317,nan,-1.0095361923251331,-0.22699320393235883,0.4025273036704615,2.1541461672626037,-0.5565224450030971,1.4863063427896424,nan,1.1835521979569819,0.4650926218481887,0.8490685755781437,1.3822497010366608,0.4083211273678903,-1.5024526119232178,3.684220552444458,2.148169755935669,-1.14,4.44,1.65
1743702590.311849,2c08d2cc-7a1c-9d34-25ea-6265acb43d72,bf721973-2657-c895-4169-9236ccb8c496,25,-76.0,-79.0,-64.0,-74.0,-57.0,-38.0,-65.0,1.3906776875251314,-0.8780825609188219,-1.022756257134341,-0.2224181594957117,0.5840259475720937,2.1258970258908794,-0.6435163399550751,1.535821298514995,0.9353473154163053,1.1916106570994525,0.5437336050198429,0.49650109619674226,1.4062929167738942,0.297946538683691,-1.4670922756195068,3.730739116668701,2.07854413986206,-1.14,4.44,1.65
1743702591.370452,2c08d2cc-7a1c-9d34-25ea-6265acb43d72,91faf7ce-a4d6-8396-ef60-db3bdfb2ebd7,32,-74.0,-87.0,-67.0,-80.0,-55.0,-39.0,-64.0,1.5658018344865618,-0.9086177001873981,-0.8147970649869419,-0.26324468532273543,0.527100291416515,2.073854254890391,-0.5991076181960225,1.5206744366571143,0.9160628999098506,1.097398870113891,0.4679163715519997,0.36733247292274596,1.3912784249295278,0.26215596747251263,-1.4435840845108032,3.740283489227295,2.017833709716797,-1.14,4.44,1.65
1743702592.370309,2c08d2cc-7a1c-9d34-25ea-6265acb43d72,0fc3f739-cb92-125d-c985-aef9382d1f66,0,-67.0,-69.0,-69.0,-73.0,-63.0,-37.0,-59.0,1.6847641751159654,-0.9019588653558183,-0.9424648797456511,-0.25565494253211857,-0.12913682763398032,2.351304769771386,-0.5817858304622534,1.4950211379827627,0.9652916323970473,1.0754134766298782,0.36894688056852537,0.3290471223061619,1.3736567602739684,0.3561211089170061,-1.3887813091278076,3.7425994873046875,1.9653536081314087,-1.14,4.44,1.65
1743702593.360142,2c08d2cc-7a1c-9d34-25ea-6265acb43d72,50f147fd-ee13-053f-3310-28fb553e4200,3,-69.0,-68.0,-68.0,-72.0,-61.0,-38.0,-56.0,1.5634417411285337,-0.8807236177718535,-0.9007005217407559,-0.15534857797093815,-1.1824788410304168,2.4096618392424043,-0.6075180183023444,1.4801388611791826,0.9639029936256528,1.1093557976180743,0.3584657437824096,1.1349671724782116,1.3610137977733523,0.3809039847553076,-1.394798755645752,3.7273380756378174,1.9724608659744263,-1.14,4.44,1.65
1743702594.310489,2c08d2cc-7a1c-9d34-25ea-6265acb43d72,8f663805-b2e3-1db4-241f-f696dea150df,5,-66.0,-69.0,-74.0,-69.0,-59.0,-38.0,-56.0,1.5300659410832247,-0.8458705622698776,-0.9589642279631281,-0.13944098414767686,-1.9634813180281439,2.4611810232132396,-0.6217419183379462,1.5014753088845698,0.9834956700282839,1.2602496394546097,0.37463792265997026,0.9599302408320152,1.3477298756960463,0.36231244304301663,-1.3981256484985352,3.7187676429748535,1.9557461738586426,-1.14,4.44,1.65
1743702595.312957,2c08d2cc-7a1c-9d34-25ea-6265acb43d72,ddfa14ff-6937-b847-3b78-76016131fbdc,3,-69.0,-68.0,-68.0,-72.0,-60.0,-38.0,-56.0,1.3261016237289993,-0.8506022005786213,-0.9352009747144053,-0.1531442795366796,-2.2214026975950327,2.4611810232132396,-0.6298252930243442,1.5229828646899954,0.9685621273737189,1.2245178739509621,0.3320570394648568,0.7131295555863179,1.3477298756960463,0.39060559992610894,-1.4007283449172974,3.693798065185547,1.9786337614059448,-1.14,4.44,1.65
1743702596.313491,2c08d2cc-7a1c-9d34-25ea-6265acb43d72,04047046-bd74-52cc-d637-d60930cd9c69,5,-66.0,-69.0,-75.0,-70.0,-58.0,-38.0,-55.0,1.830276633916805,-0.8675702651479522,-1.0397071443146408,-0.1846380236396296,-2.243973611767496,2.402132743752711,-0.6613263657295162,1.4963897364669545,0.9516572463012504,1.2312074682931322,0.3096796619578979,0.6056322190099516,1.3365223542086146,0.29414926652526613,-1.4189732074737549,3.6666746139526367,1.9812166690826416,-1.14,4.44,1.65
1743702597.370915,2c08d2cc-7a1c-9d34-25ea-6265acb43d72,9ac2d5aa-3e79-e18e-803c-caec22fd59ee,32,-74.0,-93.0,-68.0,-83.0,nan,nan,-63.0,1.6527236840412223,-0.8755158062602035,-1.0274704517379447,-0.22398223400391523,nan,nan,-0.6168872681467341,1.5196187596010073,0.9660018308807441,1.1858928502390522,0.3305127056382335,nan,nan,0.2590751733522988,nan,nan,nan,-1.14,4.44,1.65
1743702598.311767,2c08d2cc-7a1c-9d34-25ea-6265acb43d72,0d175ae7-b806-7b36-dc42-9c4167eaa130,28,-74.0,-81.0,-65.0,-75.0,-59.0,-39.0,-67.0,1.5484444157658617,-0.9040840679057016,-0.9979892584707677,-0.2326992928839626,-0.12601962129590333,2.226631398664608,-0.6472166491622838,1.5029387159035685,1.0226468677925658,1.1731899713135379,0.4820114179373531,1.2894270181536913,1.3721076837718722,0.2248860728023472,-1.438612699508667,3.640589714050293,1.9866262674331665,-1.14,4.44,1.65
1743702599.37018,2c08d2cc-7a1c-9d34-25ea-6265acb43d72,d6ea218e-d874-b4c9-d158-b722f4853131,26,-75.0,-81.0,-64.0,-74.0,-57.0,-37.0,-65.0,1.5308542367658882,-0.900499186762346,-0.9434977867744383,-0.2668444801681955,0.4901912285503695,2.1541461672626037,-0.7000757460506677,1.5052355591857074,1.0892751635247133,1.1369516725705568,0.5453358293106618,0.7056378054854088,1.3822497010366608,0.21588345323202066,-1.614195704460144,3.562591552734375,1.9892770051956177,-1.14,4.44,1.65
1743702600.370824,2c08d2cc-7a1c-9d34-25ea-6265acb43d72,a824e2cc-02d2-f5f3-54c5-83021a683bd3,21,-71.0,-81.0,nan,-76.0,-62.0,-38.0,-63.0,1.383537752642629,-0.8833992957190562,nan,-0.278320041305347,0.6195716072244221,2.2102909979492082,-0.671868393828081,1.5032191467663538,1.0827889015317709,nan,0.48557069944473036,0.5828624442428892,1.3964680929274556,0.33530463649335407,-1.8101106882095337,3.4626777172088623,1.9938092231750488,-1.14,4.44,1.65
1743702601.312711,2c08d2cc-7a1c-9d34-25ea-6265acb43d72,eedfcde3-6eb7-f146-6d8f-f14f45111c07,30,-74.0,-85.0,nan,-78.0,-56.0,-38.0,-68.0,1.4138477216410388,-0.8952200025334818,nan,-0.29816911354192555,0.5933109883591533,2.1541461672626037,-0.6374281909403248,1.5080225572664754,1.1166039234198613,nan,0.4554440557978589,0.3997041302439881,1.3822497010366608,0.2699568183870234,-1.8665672540664673,3.42608380317688,2.0294570922851562,-1.14,4.44,1.65
1743702602.370552,2c08d2cc-7a1c-9d34-25ea-6265acb43d72,e8a7fbcc-6844-3a99-f51c-c2f7347bb325,22,-73.0,-79.0,nan,-77.0,-62.0,-39.0,-66.0,1.4152725128242312,-0.9233200804593439,nan,-0.3073234634729639,0.6885255540079606,2.2102909979492082,-0.6468196369149959,1.4718685475719957,1.108862646763219,nan,0.44171549366801405,0.38959140766171685,1.3964680929274556,0.3118918448112075,-1.9152495861053467,3.399958848953247,2.0643348693847656,-1.14,4.44,1.65
1743702603.361586,2c08d2cc-7a1c-9d34-25ea-6265acb43d72,f96a52dd-f688-07a6-004c-47a8ca295629,11,-71.0,-73.0,nan,-71.0,-59.0,-39.0,-65.0,1.355547929585896,-0.9358989892361151,nan,-0.2526535599835993,0.924012215724146,2.2851603691899447,-0.6168872681467341,1.5088654477514856,1.1124624416086792,nan,0.4924552371786942,0.37302562749760293,1.3855274749099782,0.2590751733522988,-2.0172054767608643,3.35675859451294,2.0956003665924072,-1.14,4.44,1.65
1743702604.361013,2c08d2cc-7a1c-9d34-25ea-6265acb43d72,a4309367-d413-00ff-0c4c-b34134c4d423,24,-84.0,-78.0,nan,-75.0,-59.0,-43.0,-62.0,1.2660875548801724,-0.9705761429480914,nan,-0.28628502349355595,0.8479026381836223,2.1541461672626037,-0.6673718234383383,1.492412438536976,0.9963217867332418,nan,0.4606662816689089,0.2864441089936107,1.3822497010366608,0.2356740187847093,-2.04921293258667,3.316532611846924,2.1468122005462646,-1.14,4.44,1.65
1743702605.369822,2c08d2cc-7a1c-9d34-25ea-6265acb43d72,94919fb2-9e2b-0b3a-64e0-e7ad32a6358e,11,-71.0,-73.0,-66.0,-72.0,-59.0,-39.0,-63.0,1.1380339812375653,-0.9861661548113608,0.04985144612908425,-0.23968822653265753,0.9509083282746279,2.226631398664608,-0.62893240923879,1.508863450380668,1.0048304532579906,0.9417303799170073,0.3528816608982451,0.25310587472323975,1.3721076837718722,0.3157851998780997,-2.0460426807403564,3.28189492225647,2.181820869445801,-1.14,4.44,1.65
1743702606.370173,2c08d2cc-7a1c-9d34-25ea-6265acb43d72,83d29fbf-910d-00ac-2cad-facdb3d5ab13,36,-73.0,-76.0,-64.0,-91.0,-53.0,-39.0,-64.0,1.3651944316863813,-0.9032728690376634,-0.1143295055971017,-0.29440526797331656,0.7464975727751336,2.226631398664608,-0.5634615742392258,1.5025088817036298,0.9795278263201749,0.7846921593924683,0.3650650236741123,0.2610818381340087,1.3721076837718722,0.2680787108041215,-2.047757863998413,3.247225046157837,2.221985340118408,-1.14,4.44,1.65
1743702607.370516,2c08d2cc-7a1c-9d34-25ea-6265acb43d72,13162ad5-7e3e-8d2a-6bc6-468829abcc9a,5,-66.0,-69.0,-76.0,-70.0,-59.0,-38.0,-55.0,1.4262740312873488,-0.9585687485412512,-0.20881393369925993,-0.207942813706695,-0.07202683985681911,2.351304769771386,-0.5868285069014211,1.533152411628572,0.9512157607715425,0.9616602125136424,0.29896100449206064,1.3258401165051859,1.3736567602739684,0.29427859363272396,-2.0401358604431152,3.2715389728546143,2.2036542892456055,-1.14,4.44,1.65
1743702608.34747,2c08d2cc-7a1c-9d34-25ea-6265acb43d72,9a1acaa2-ed4d-cafa-837d-479c0a46c23c,30,-73.0,-84.0,-68.0,-78.0,-56.0,-38.0,-68.0,1.162017877382601,-0.9289609219642407,-0.2321014132192398,-0.23528468967021152,0.414604559554386,2.226631398664608,-0.5991076181960225,1.5073823333404204,0.880402706860499,1.0506793680057673,0.26723699682335955,0.7586028551818101,1.3721076837718722,0.26215596747251263,-2.0268492698669434,3.2539637088775635,2.22169303894043,-1.14,4.44,1.65
1743702609.311392,2c08d2cc-7a1c-9d34-25ea-6265acb43d72,22534d9c-c84a-4489-1053-cb8dac4229ec,24,-81.0,-77.0,-64.0,-77.0,-60.0,-38.0,-63.0,0.9858803976263953,-0.9145746589136874,-0.1873898679940085,-0.2504021235980463,0.6065622640632694,2.1541461672626037,-0.6472166491622838,1.4998178905801594,0.8702902847273045,0.9873543241316997,0.2742430412820583,0.4429245711130637,1.3822497010366608,0.2248860728023472,-2.070615291595459,3.212151527404785,2.2266347408294678,-1.14,4.44,1.65
1743702610.347549,2c08d2cc-7a1c-9d34-25ea-6265acb43d72,415de214-4153-a8f2-a695-737bb7a324e5,22,-73.0,-78.0,-64.0,-76.0,-61.0,-37.0,-63.0,1.0518407725571508,-0.9150083546972066,-0.20197626760048146,-0.2871809108842586,0.6931794152302768,2.1541461672626037,-0.6581660074544876,1.495612226586706,0.9210609209066297,0.9976380541020134,0.2529362545333112,0.40304288930662857,1.3822497010366608,0.2803584367042427,-2.1148159503936768,3.16319489479065,2.219848155975342,-1.14,4.44,1.65
1743702611.36138,2c08d2cc-7a1c-9d34-25ea-6265acb43d72,26046a34-0287-0da4-3c81-d995a3bdecd0,29,-75.0,-82.0,-67.0,-76.0,-58.0,-39.0,nan,1.300080941982271,-0.8911986292874622,-0.2150779548992353,-0.32073088166485886,0.6468196369149959,2.073854254890391,nan,1.5071269361918818,1.0118730496026505,0.9669745504688956,0.2693304911115141,0.3118918448112075,1.3912784249295278,nan,-2.155585289001465,3.0994858741760254,2.202888250350952,-1.14,4.44,1.65
1743702612.346863,2c08d2cc-7a1c-9d34-25ea-6265acb43d72,a51939fd-5d66-a735-8f3e-4d4d94a03e71,27,-74.0,-82.0,-65.0,-74.0,-57.0,-38.0,nan,1.2555401053829136,-0.856238514709665,-0.19906782937400594,-0.3248848803331644,0.6905753528263952,2.073854254890391,nan,1.4974233092860145,0.9588949857747858,0.957328714158683,0.33525463040668774,0.2594522846423193,1.3912784249295278,nan,-2.2270591259002686,3.0759449005126953,2.1800451278686523,-1.14,4.44,1.65
1743702613.370088,2c08d2cc-7a1c-9d34-25ea-6265acb43d72,d2564622-d267-86df-1116-6e4d9df246bd,33,-73.0,-93.0,-67.0,-81.0,-54.0,-39.0,-64.0,1.2827277843193146,-0.8825761126261126,-0.325206856508955,-0.31307882090473416,0.5634615742392258,2.1258970258908794,-0.5787761942400539,1.516221631314502,0.9392178871655992,0.907062480689819,0.31146158304326993,0.2680787108041215,1.4062929167738942,0.25055871605811597,-2.20452332496643,3.07726526260376,2.1599643230438232,-1.14,4.44,1.65
1743702614.310688,2c08d2cc-7a1c-9d34-25ea-6265acb43d72,7c78d4f9-2a52-271c-b6dd-f53ac3336450,34,-74.0,-84.0,-65.0,-83.0,-54.0,-39.0,-64.0,1.1325316241093526,-0.9099989486867676,-0.3692760472792592,-0.3980341923104799,0.525311680565649,2.1258970258908794,-0.5408731702897245,1.495420878462384,0.9069645429407314,0.923501574887633,0.3356716148543669,0.2585862428992977,1.4062929167738942,0.24103615191485675,-2.4069886207580566,3.074800729751587,2.094515323638916,-1.14,4.44,1.65
1743702615.360696,2c08d2cc-7a1c-9d34-25ea-6265acb43d72,993d6f69-f742-9d99-e309-0e0337c4491c,25,-78.0,-77.0,-64.0,-75.0,-57.0,-37.0,-64.0,1.4948680062200834,-0.9334258446898132,-0.2985608645382762,-0.3729701180273081,0.6472166491622838,2.073854254890391,-0.6472166491622838,1.5199725605518246,0.935666162377815,0.9214589303315421,0.2731141772302441,0.2248860728023472,1.3912784249295278,0.2248860728023472,-2.4561097621917725,3.019224166870117,2.1038401126861572,-1.14,4.44,1.65
1743702616.31277,2c08d2cc-7a1c-9d34-25ea-6265acb43d72,bbe57a7b-deb3-4061-4c7c-554d2adf0a28,6,-66.0,-70.0,-84.0,-69.0,-58.0,nan,-57.0,1.4861264462580073,-0.9176837663283002,-0.40555655712551775,-0.240477054847539,-1.1078801400126022,nan,-0.6374281909403248,1.5268098271764394,0.9821873255637552,1.0752819830510556,0.25997538876855414,1.492755516697277,nan,0.2699568183870234,-2.4965755939483643,2.90427017211914,2.0974321365356445,-1.14,4.44,1.65
1743702617.347504,2c08d2cc-7a1c-9d34-25ea-6265acb43d72,e6080eb0-b22d-e341-8d0f-07f19a657664,20,-71.0,-84.0,-64.0,-76.0,-63.0,-40.0,-65.0,1.3002401990154577,-0.9228692072867936,-0.3459036129205058,-0.27975814829398976,0.5022227422177977,2.1541461672626037,-0.6116027871701044,1.5429473849598287,0.9038451157768942,1.0235097319857516,0.20370810461260322,1.0442339902516506,1.3822497010366608,0.3952140841768,-2.5346460342407227,2.6852951049804688,2.170663595199585,-1.14,4.44,1.65
1743702618.312121,2c08d2cc-7a1c-9d34-25ea-6265acb43d72,292b2685-96fb-c179-f166-096335ecc04e,31,-75.0,-87.0,-69.0,-81.0,-55.0,-39.0,-65.0,1.2377501893011842,-0.9692347087070184,-0.38379027522019105,-0.31591242430457844,0.47942845874563556,2.073854254890391,-0.6077733677360804,1.4918502452308604,0.9830931332295184,0.9693279193451714,0.23395998340973567,0.6230265086385377,1.3912784249295278,0.30527204328774504,-2.535844326019287,2.5354015827178955,2.219978094100952,-1.14,4.44,1.65
1743702619.359515,2c08d2cc-7a1c-9d34-25ea-6265acb43d72,68871a3f-2a91-37db-cdc5-0c786885ef2b,27,-74.0,-81.0,-65.0,-74.0,-56.0,-38.0,-67.0,1.2833123481785869,-0.958478866854461,-0.33904490784911573,-0.3332791640890942,0.5933109883591533,2.073854254890391,-0.6700488058774685,1.4940620005161707,1.0921702193667113,0.9044015832866664,0.23240962418114605,0.3997041302439881,1.3912784249295278,0.24936840003563077,-2.3603086471557617,2.419283866882324,2.2643046379089355,-1.14,4.44,1.65
1743702620.365891,2c08d2cc-7a1c-9d34-25ea-6265acb43d72,56480184-ef5c-fdf6-7228-9f1a4ba644c2,10,-68.0,-70.0,-70.0,-72.0,-60.0,-40.0,-63.0,1.4977159906898143,-0.9465748030979159,-0.36250256336275166,-0.25861051870988855,0.8197352236800253,2.2851603691899447,-0.6497053248489298,1.48120519087965,1.010148120164606,0.9424695402775587,0.36950521229106054,0.25619791657002394,1.3855274749099782,0.23879673513828945,-2.32061243057251,2.3521206378936768,2.321777820587158,-1.14,4.44,1.65
1743702621.312837,2c08d2cc-7a1c-9d34-25ea-6265acb43d72,dca8c7da-6f58-ccdc-8535-f81800e16b75,20,-71.0,-84.0,-64.0,-75.0,-63.0,-37.0,-64.0,1.3091777676337635,-0.9878342257601318,-0.34819046934855685,-0.22257848179333448,0.7290933567157764,2.2851603691899447,-0.6036218321647568,1.4865083435583248,1.0726108990567336,0.8738941408934271,0.4046000162409884,0.3919975356165604,1.3855274749099782,0.36655412963843725,-2.2716081142425537,2.3284285068511963,2.3742141723632812,-1.14,4.44,1.65
1743702622.31267,2c08d2cc-7a1c-9d34-25ea-6265acb43d72,321d0ea1-c453-66f3-2e3f-5e0f96ec94ff,18,-73.0,-88.0,-64.0,-75.0,-64.0,-38.0,-62.0,1.1190488384586084,-1.1117069028074236,-0.22630184731337424,-0.21372373748493,0.7134264230439054,2.1541461672626037,-0.5606058397408276,1.4733066545606388,1.0121159298940656,0.9036261373562624,0.40938411882320686,0.5023488123424976,1.3822497010366608,0.4231219515440247,-2.1899166107177734,2.298825979232788,2.3797948360443115,-1.14,4.44,1.65
1743702623.37065,2c08d2cc-7a1c-9d34-25ea-6265acb43d72,a625fd7e-28b4-3ef8-723e-e631ab6609f7,21,-74.0,-80.0,-64.0,-75.0,-62.0,-37.0,-63.0,1.0476958286365516,-1.078328572759079,0.03349111492050948,-0.23947703785821425,0.6888608915223651,2.2102909979492082,-0.5791047200814283,1.4867742601931693,1.0783752446571826,0.9004653646165018,0.42069150133751976,0.4955509710579196,1.3964680929274556,0.41870132055401266,-2.158926486968994,2.2839183807373047,2.3791465759277344,-1.14,4.44,1.65
1743702624.360876,2c08d2cc-7a1c-9d34-25ea-6265acb43d72,d65fab07-b6e3-fe4e-793c-b194a7ee0fdc,18,-72.0,-90.0,-63.0,-75.0,-65.0,-38.0,-62.0,1.029057429431523,-1.0375020469320553,0.10852461336905597,-0.22617667874214054,0.696092999535917,2.1541461672626037,-0.5027356573473276,1.4847218950990995,1.0261704296518226,0.8248098848953674,0.4427579880767256,0.5559994733960484,1.3822497010366608,0.5009624612597897,-2.1651880741119385,2.2653326988220215,2.34259295463562,-1.14,4.44,1.65
1743702625.370782,2c08d2cc-7a1c-9d34-25ea-6265acb43d72,83093be3-efad-da8d-ac46-e93be5278478,26,-76.0,-79.0,-64.0,-74.0,-55.0,-38.0,-63.0,1.1077453175278762,-1.0070613167241225,0.11039282087374656,-0.25729092238975426,0.7376786899323401,2.1541461672626037,-0.6144014854947664,1.481939158076076,1.0914756003753914,0.748644742720619,0.4626905504134781,0.3605798816257584,1.3822497010366608,0.33386250713244126,-2.3913557529449463,2.2836599349975586,2.2571098804473877,-1.14,4.44,1.65
1743702626.369949,2c08d2cc-7a1c-9d34-25ea-6265acb43d72,3dbc3b2f-ee6c-f818-dd2e-bc722b263c0d,27,-75.0,-82.0,-64.0,-74.0,-56.0,-39.0,-65.0,1.0921636946220405,-0.9773569505575966,0.11286583226199413,-0.274623041080099,0.7145071102271044,2.073854254890391,-0.6905753528263952,1.5005433356610969,1.2016618265275747,0.7815669398532603,0.5092560219420545,0.28223634234261347,1.3912784249295278,0.2594522846423193,-2.3748786449432373,2.3531534671783447,2.2380428314208984,-1.14,4.44,1.65
1743702627.375406,2c08d2cc-7a1c-9d34-25ea-6265acb43d72,8af14a01-46db-b08f-a2df-afff69632f80,36,-74.0,-77.0,-65.0,-91.0,-53.0,-39.0,nan,1.1954501364430197,-0.942243171584902,-0.017192835365333545,-0.25144714800979345,0.6877093209885959,2.073854254890391,nan,1.5141217287949749,1.2427590626794054,0.8074141166549699,0.5460255880329924,0.24598182684716197,1.3912784249295278,nan,-2.333564519882202,2.457002639770508,2.2238030433654785,-1.14,4.44,1.65
1743702628.360953,2c08d2cc-7a1c-9d34-25ea-6265acb43d72,acea4ee0-bd06-b7b3-c615-c1efef58c7db,31,-76.0,-87.0,-68.0,-81.0,-55.0,-39.0,nan,1.336384355013904,-0.8698248973268132,-0.20023456024756964,-0.29372216715371124,0.6497053248489298,2.073854254890391,nan,1.5100865071112868,1.2437729281063985,0.8912950357189231,0.46634051255597253,0.23879673513828945,1.3912784249295278,nan,-2.331754446029663,2.5489461421966553,2.214496612548828,-1.14,4.44,1.65
1743702629.312425,2c08d2cc-7a1c-9d34-25ea-6265acb43d72,1f616962-2fbe-d212-e03c-3a83e41eab6d,3,-69.0,-68.0,-68.0,-73.0,-62.0,-38.0,-56.0,1.3246043945641564,-0.9555801491659641,-0.4973842157242129,-0.1837272225468225,-0.2680509681753139,2.351304769771386,-0.671868393828081,1.5181095462112597,1.0017908543478284,0.949832448322328,0.4448224039747278,1.371883049153284,1.3736567602739684,0.33530463649335407,-2.3041696548461914,2.710026979446411,2.1820642948150635,-1.14,4.44,1.65
1743702630.370255,2c08d2cc-7a1c-9d34-25ea-6265acb43d72,a9813da9-9842-9834-cc5a-b443c1b4d6af,29,-76.0,-80.0,-66.0,-76.0,-58.0,-39.0,nan,1.5509887998713232,-0.9421960336336075,-0.5976112180849089,-0.2018052926584984,0.4214280935549767,2.226631398664608,nan,1.5293809760508563,1.04550710969467,1.0173672175105113,0.46554662423502,0.774553509076051,1.3721076837718722,nan,-2.0932464599609375,2.8396942615509033,2.1736576557159424,-1.14,4.44,1.65
1743702631.361196,2c08d2cc-7a1c-9d34-25ea-6265acb43d72,3673dabe-0582-162a-ea09-d9ca03f5defe,1,-68.0,-69.0,-68.0,nan,nan,-36.0,-56.0,1.656243850370089,-1.1293371623818025,-0.7336809066086545,nan,nan,2.3500006104204956,-0.5927570613968074,1.5020514837864085,1.1393099017158224,1.0161656658056946,nan,nan,1.3491109218756177,0.46233151330809863,-1.850956916809082,2.9753918647766113,2.1640000343322754,-1.14,4.44,1.65
1743702632.370664,2c08d2cc-7a1c-9d34-25ea-6265acb43d72,c88721e9-e668-1578-a375-b05f85070058,14,-73.0,-81.0,-63.0,-75.0,-67.0,-39.0,nan,1.7966169408992936,-1.1690483563443013,-0.7453969511922401,-0.12470331699128735,0.7798768001393857,2.226631398664608,nan,1.5000844730052763,1.1217865680592098,1.1857980417042455,0.4772010832183975,0.6514243550513187,1.3721076837718722,nan,-1.7903344631195068,3.0165939331054688,2.202454090118408,-1.14,4.44,1.65
1743702633.348389,2c08d2cc-7a1c-9d34-25ea-6265acb43d72,6eca8630-e760-e863-b84c-4b867bf4b81c,10,-71.0,-70.0,-71.0,-72.0,-62.0,-39.0,-62.0,1.5426903899146365,-1.2246769978260943,-0.7564261665306943,-0.14612205637435866,0.9669830623141754,2.291720532673144,-0.6144014854947664,1.5148852570795006,1.1039283418955201,1.4301135106309155,0.4719228643854286,0.44461336028823584,1.3610137977651555,0.33386250713244126,-1.710007667541504,3.059220552444458,2.24473786354065,-1.14,4.44,1.65
1743702634.347076,2c08d2cc-7a1c-9d34-25ea-6265acb43d72,deb1b7c4-7c59-a008-c692-d2d6109c471e,14,-72.0,-86.0,-63.0,-76.0,-65.0,-39.0,-62.0,1.4231863623195105,-1.1542269327716286,-0.6845351981684412,-0.11447864261814614,0.9647880295969468,2.226631398664608,-0.5008410735274443,1.4789416371111368,1.0665204493808038,1.4550654658321953,0.47432686661192947,0.4738842969996543,1.3721076837718722,0.4203105117143642,-1.75192666053772,3.045663356781006,2.2360689640045166,-1.14,4.44,1.65
1743702635.37124,2c08d2cc-7a1c-9d34-25ea-6265acb43d72,9e4cb4ef-d822-8397-9c9f-5b9e4d0b16be,19,-72.0,-89.0,-63.0,-75.0,nan,-39.0,-60.0,1.222107047374168,-1.3025137396380584,-0.7405366822028455,-0.13619991710105042,nan,2.226631398664608,-0.48804093165754836,1.4933534665081554,1.029056630483196,1.457442070788982,0.4191589852882337,nan,1.3721076837718722,0.5207749631480312,-1.7191076278686523,3.062654495239258,2.22032618522644,-1.14,4.44,1.65
1743702636.369611,2c08d2cc-7a1c-9d34-25ea-6265acb43d72,3452e1e4-0be7-3bcb-6298-0a168cee1189,16,-72.0,-84.0,-63.0,-81.0,nan,-38.0,-60.0,1.101452534188128,-1.469571571131802,-0.8791387706071474,-0.03747680180792206,nan,2.2102909979492082,-0.4685381335040428,1.5116216863216632,1.007845950560287,1.380077507438289,0.47910341247455474,nan,1.3964680929274556,0.5251500895076431,-1.8912415504455566,3.0943758487701416,2.1447794437408447,-1.14,4.44,1.65
1743702637.361442,2c08d2cc-7a1c-9d34-25ea-6265acb43d72,d0ac4093-af07-a648-46e9-80e949b016a0,33,-74.0,-91.0,-67.0,-81.0,nan,nan,nan,1.1072204084770216,-1.5594398089584713,-0.7129519259479137,-0.07950707644766161,nan,nan,nan,1.4924000548379073,1.2849904059814459,1.2377619072099804,0.4601702679158816,nan,nan,nan,nan,nan,nan,-1.14,4.44,1.65
1743702638.36017,2c08d2cc-7a1c-9d34-25ea-6265acb43d72,c1354bd9-f00e-f350-d661-3a36339fb50d,17,-72.0,-84.0,-63.0,-78.0,nan,-39.0,-58.0,1.2571222893865297,-1.5177781158135992,-0.6636682657632345,-0.0488716691640441,nan,2.1541461672626037,-0.45347138929283193,1.463163339758799,1.3024940322459917,1.2240491575991082,0.41593948984643686,nan,1.3822497010366608,0.5450661214721544,-1.9118976593017578,3.1620876789093018,2.0712642669677734,-1.14,4.44,1.65
1743702639.347311,2c08d2cc-7a1c-9d34-25ea-6265acb43d72,6f06136d-b455-faf3-3ca3-72b66a79738d,12,-73.0,-80.0,-65.0,-73.0,-58.0,-39.0,-64.0,1.2270011385094066,-1.5728718613904498,-0.6359024145541773,-0.064765680865746,0.9744093006412472,2.226631398664608,-0.4670439581926154,1.4954451132283033,1.233286331840048,1.3882026787660666,0.4201958204796287,0.3874418064942025,1.3721076837718722,0.44325659795526884,-1.92384135723114,3.2324249744415283,1.94687819480896,-1.14,4.44,1.65
1743702640.368994,2c08d2cc-7a1c-9d34-25ea-6265acb43d72,10837b72-b22a-472f-e306-b9b4af666766,34,-74.0,-85.0,-66.0,-81.0,-54.0,-39.0,nan,1.2924107717267337,-1.6137612378191994,-0.6154123194432166,-0.08261392017534805,0.7469253908507205,2.1541461672626037,nan,1.520153522347895,1.2136311377308269,1.1618582208752508,0.39933481360784734,0.3863045140477549,1.3822497010366608,nan,-1.9220019578933716,3.28710412979126,1.9134687185287476,-1.14,4.44,1.65
1743702641.349309,2c08d2cc-7a1c-9d34-25ea-6265acb43d72,29af8163-a51f-3d61-94be-2dea5d034166,36,-74.0,-77.0,-64.0,-86.0,-54.0,-39.0,nan,1.3221377747625251,-1.5461319929913462,-0.6735187660032195,-0.09139622650210236,0.09408099923789112,2.1258970258908794,nan,1.534099698028313,1.2007246601399766,1.1199730885149204,0.38288073912890175,0.38243547023611507,1.4062929167738942,nan,-1.9150768518447876,3.3437438011169434,1.860953688621521,-1.14,4.44,1.65
1743702642.361677,2c08d2cc-7a1c-9d34-25ea-6265acb43d72,9875d3cb-64a3-4017-87f6-30019ff1ac06,23,-81.0,-78.0,-64.0,-75.0,-60.0,-38.0,-60.0,1.5417582835331085,-1.6413429314388774,-0.6884308702110091,-0.33547893514949967,0.4558614806724139,2.1541461672626037,-0.5963784304217201,1.5040387345918258,1.2068956038598533,1.137511469031692,0.40951288266191216,0.28386130601743353,1.3822497010366608,0.3377433628287667,-2.0112109184265137,3.3077731132507324,1.8433319330215454,-1.14,4.44,1.65
1743702643.312041,2c08d2cc-7a1c-9d34-25ea-6265acb43d72,4328acdd-7fa0-eadb-7885-2c173579f70b,30,-77.0,-80.0,-67.0,-77.0,-55.0,-38.0,-77.0,1.3081945285593064,-1.5675777634594814,-0.7142337053805689,-0.40183638739878597,0.5787761942400539,2.073854254890391,-0.6374281909403248,1.508954397331894,1.4109872203141847,1.0336095706827955,0.45934295692324856,0.25055871605811597,1.3912784249295278,0.2699568183870234,-1.941474437713623,3.3236806392669678,1.8322663307189941,-1.14,4.44,1.65
1743702644.348098,2c08d2cc-7a1c-9d34-25ea-6265acb43d72,afcb84de-42ac-d8d2-f5b8-982528a30942,16,-72.0,nan,-63.0,nan,nan,-38.0,-58.0,1.3370650589885282,nan,-0.6918005679382865,nan,nan,2.1541461672626037,-0.5194665978606254,1.5051934812404844,nan,1.0697137792648905,nan,nan,1.3822497010366608,0.4164413315526938,nan,nan,nan,-1.14,4.44,1.65
1743702645.347989,2c08d2cc-7a1c-9d34-25ea-6265acb43d72,95c58f23-3a5a-b056-c3e7-41ddadff9f11,5,-68.0,nan,-75.0,-69.0,-58.0,-39.0,-55.0,1.1268894510239107,nan,-0.7423755949355453,-0.2619370732275065,-1.0316994050982489,2.2851603691899447,-0.5817858304622534,1.5204394126909153,nan,1.0507639899494046,0.510091222549417,1.4690612389739206,1.3855274749099782,0.3561211089170061,-1.881578803062439,3.330097198486328,1.8105921745300293,-1.14,4.44,1.65
1743702646.370908,2c08d2cc-7a1c-9d34-25ea-6265acb43d72,0b499c5e-23dc-3fb7-5c5a-63ba106997fa,33,-73.0,nan,-66.0,-79.0,-54.0,-39.0,-67.0,1.1813569542704294,nan,-0.7498566807536868,-0.2975368790991407,0.2573424653601133,2.2102909979492082,-0.5868285069014211,1.5158764856372278,nan,0.9891247270453571,0.44811643463753315,0.9088590644114458,1.3964680929274556,0.29427859363272396,-1.6862753629684448,3.437462091445923,1.8800946474075317,-1.14,4.44,1.65
1743702647.371358,2c08d2cc-7a1c-9d34-25ea-6265acb43d72,91562715-3fdc-1a07-6c17-0e7ccf9b3a70,10,-72.0,nan,-70.0,-74.0,-58.0,-40.0,-63.0,1.3725367668117296,nan,-0.7446158460445198,-0.1653194530921948,-0.45315545909834637,2.291720532673144,-0.604717735745643,1.4956042371034357,nan,1.029601712979308,0.4304130047122042,0.7323011104200389,1.3610137977651555,0.2909289140754718,-1.5521670579910278,3.5060434341430664,1.9291144609451294,-1.14,4.44,1.65
1743702648.371316,2c08d2cc-7a1c-9d34-25ea-6265acb43d72,0c1a0147-8fe1-6f30-5e6f-f1877cee6048,3,-70.0,nan,-68.0,-73.0,-60.0,-43.0,-56.0,1.524217639329411,nan,-0.7996775005302352,-0.14996473151123396,-1.798405563666638,2.3500006104204956,-0.6179808254144848,1.5154178892975163,nan,1.1235818049500323,0.44219033529037516,1.0137595409722546,1.3491109218756177,0.3481060317577347,-1.3687502145767212,3.584559440612793,1.9756062030792236,-1.14,4.44,1.65
1743702649.31321,2c08d2cc-7a1c-9d34-25ea-6265acb43d72,22f8b1e3-80e9-d959-9fe5-1eb23ca25dfd,34,-75.0,-84.0,-65.0,-81.0,-55.0,-39.0,nan,1.3969904445730552,3.1033954667070045,-0.8553996189662901,-0.1796059807599249,-0.09857711561963149,2.2102909979492082,nan,1.5165578554021246,0.7955646477007712,1.0379396042991553,0.45553427037978533,1.0101015969402447,1.3964680929274556,nan,-1.3504570722579956,3.674412727355957,2.0233852863311768,-1.14,4.44,1.65
1743702650.371246,2c08d2cc-7a1c-9d34-25ea-6265acb43d72,4e72684d-d00c-7585-4347-20743c0d5d6b,22,-72.0,nan,-64.0,-76.0,-61.0,-37.0,-64.0,1.3253048059308474,nan,-0.8614409998991348,-0.20922219629436908,0.3959555818479362,2.2102909979492082,-0.62893240923879,1.4757293322042835,nan,1.069062037167121,0.4075832892940952,0.7104807461583729,1.3964680929274556,0.3157851998780997,-1.3363512754440308,3.7102346420288086,2.08765435218811,-1.14,4.44,1.65
1743702651.348256,2c08d2cc-7a1c-9d34-25ea-6265acb43d72,199e7235-d3c2-90ab-788b-a1f5ab388db0,4,-68.0,nan,-69.0,-71.0,-58.0,-38.0,-54.0,1.369386247242166,nan,-0.9142690611786007,-0.19089299009189872,-2.205255198346269,2.351304769771386,-0.6359978150236603,1.5132404887902677,nan,1.1285153108694042,0.3962408529219342,1.3096900347160367,1.3736567602739684,0.3439410747052656,-1.3332279920578,3.7570037841796875,2.077141761779785,-1.14,4.44,1.65
1743702652.312291,2c08d2cc-7a1c-9d34-25ea-6265acb43d72,802b651f-33de-1f29-3957-5116be3b0162,25,-75.0,nan,-65.0,-74.0,-57.0,-38.0,nan,1.7840542774051718,nan,-0.8668152589789148,-0.2178148855515097,0.4846120113954632,2.2851603691899447,nan,1.5149915172069948,nan,1.0179650971752339,0.3906999465369425,0.9376703193674375,1.3855274749099782,nan,-1.3353620767593384,3.9135615825653076,2.128546714782715,-1.14,4.44,1.65
1743702653.349343,2c08d2cc-7a1c-9d34-25ea-6265acb43d72,1e69adaf-4a41-484c-88f8-6a57c153f51c,19,-70.0,nan,-64.0,-75.0,-64.0,-38.0,-63.0,1.7420024311606024,nan,-0.7734693322427654,-0.2036135790386622,0.5836276210403016,2.2102909979492082,-0.5740345525470175,1.485785295322368,nan,1.048739588046781,0.4176478078171818,0.7826313262821245,1.3964680929274556,0.4672832514704609,-1.3835009336471558,3.925473213195801,2.1437742710113525,-1.14,4.44,1.65
1743702654.313277,2c08d2cc-7a1c-9d34-25ea-6265acb43d72,17a26e06-bd5c-5ad9-144e-3216b0afd629,23,-74.0,nan,-64.0,-75.0,-58.0,-37.0,nan,1.7956406260436704,nan,-0.6453803385576603,-0.2605146788892952,0.6773326225629468,2.2102909979492082,nan,1.4890672418917275,nan,1.0315637303333967,0.3755842769533299,0.46847511861071306,1.3964680929274556,nan,nan,nan,nan,-1.14,4.44,1.65
1743702655.371354,2c08d2cc-7a1c-9d34-25ea-6265acb43d72,c6b412d4-28e6-2b26-37d5-25a6a54bd73d,30,-74.0,-81.0,-68.0,-77.0,-57.0,-38.0,-61.0,2.252884079921555,-1.270933043325517,-0.776281097721671,-0.27086159235647106,0.5933109883591533,2.1541461672626037,-0.5963784304217201,1.5020083405767493,0.9326673098323315,1.0177753469475659,0.33101367952879096,0.3997041302439881,1.3822497010366608,0.3377433628287667,-1.411232829093933,3.8935742378234863,2.1499650478363037,-1.14,4.44,1.65
1743702656.348872,2c08d2cc-7a1c-9d34-25ea-6265acb43d72,df60ea2c-db96-28bc-2bc3-ab36d4260bd9,30,-74.0,-80.0,-67.0,-76.0,-56.0,-38.0,-62.0,1.2678313927619564,-0.965300820302808,-0.7961884931861224,-0.3088289484371857,0.5898411990069171,2.073854254890391,-0.6196456269362102,1.5044331487492666,0.9767890980341646,0.9816149456664699,0.3516871998598309,0.3087975233735641,1.3912784249295278,0.27329772551232867,-1.4347281455993652,3.8489201068878174,2.1723334789276123,-1.14,4.44,1.65
1743702657.37089,2c08d2cc-7a1c-9d34-25ea-6265acb43d72,cc679b93-4329-c3fd-edcb-9a90c1583b77,11,-72.0,-74.0,-66.0,-72.0,-61.0,-39.0,-64.0,1.404673131685716,-1.3200429322490685,-0.7470614268735397,-0.20512785243448126,-0.14049984167750593,2.1541461672626037,-0.6018301379236058,1.5085807558309559,1.0243330482367496,0.9971391108717871,0.40105561514620197,0.728116663274412,1.3822497010366608,0.27655629911441737,-1.4652265310287476,3.7718074321746826,2.188286304473877,-1.14,4.44,1.65
1743702658.34732,2c08d2cc-7a1c-9d34-25ea-6265acb43d72,6457231b-30a5-8089-4892-c6dd9935ac01,1,nan,-70.0,-69.0,nan,-63.0,-37.0,-57.0,nan,-0.8868624704005951,-0.7678870802818503,nan,-0.4898182865230477,2.351304769771386,-0.5880026034860291,nan,1.0092483046112954,0.9155363929623421,nan,0.4549158616222582,1.3736567602739684,0.4478323968929037,-1.4951307773590088,3.6998610496521,2.2166407108306885,-1.14,4.44,1.65
1743702659.361478,2c08d2cc-7a1c-9d34-25ea-6265acb43d72,47c545d3-9a93-42a1-b8f8-c9503c33306c,24,-75.0,-76.0,-64.0,nan,-58.0,-43.0,nan,1.8750821887285163,-0.9456640020051087,-0.5324013219493378,nan,0.18793062631443339,2.1541461672626037,nan,1.4864039476435935,0.9475281481891369,0.9189947073748915,nan,0.3778419230611796,1.3822497010366608,nan,-1.5228389501571655,3.648650884628296,2.200404405593872,-1.14,4.44,1.65
1743702660.37297,2c08d2cc-7a1c-9d34-25ea-6265acb43d72,a8539db2-2a0f-05c1-d502-04fc22283431,28,-72.0,-80.0,-64.0,nan,-57.0,-39.0,nan,1.3794652467036799,-0.8728350683069299,-0.49836559058590707,nan,0.4378372686469397,2.1541461672626037,nan,1.5340375132168595,0.9840820981003193,0.9125859433696705,nan,0.2861918994605759,1.3822497010366608,nan,-1.545841932296753,3.515612840652466,2.1323423385620117,-1.14,4.44,1.65
1743702661.361766,2c08d2cc-7a1c-9d34-25ea-6265acb43d72,d5f0b2a6-b83f-3b0c-d6d0-01b82333d98c,17,-69.0,-86.0,-64.0,nan,-63.0,-39.0,nan,1.2189717078228175,-0.8782631232407293,-0.4587531998998505,nan,0.56002206867696,2.1541461672626037,nan,1.5252825042912788,0.9684559338252522,0.9700911147345608,nan,0.48690287331083826,1.3822497010366608,nan,-1.5501794815063477,3.5822341442108154,2.03092098236084,-1.14,4.44,1.65
1743702662.357928,2c08d2cc-7a1c-9d34-25ea-6265acb43d72,79c421f6-3503-c5e9-c011-9076a78da8d0,12,-71.0,-76.0,-65.0,nan,-62.0,-39.0,nan,1.2832423070419177,-0.9157535071702108,-0.39167003625351754,nan,-2.4947685965841186,2.226631398664608,nan,1.5077124321575357,0.9022089361821769,0.9644135216066209,nan,1.3964680929472717,1.3721076837718722,nan,nan,nan,nan,-1.14,4.44,1.65
1743702663.370109,2c08d2cc-7a1c-9d34-25ea-6265acb43d72,c789aaaf-829a-6e1c-8bbe-8fcd3c17f94e,3,-70.0,-69.0,-68.0,-73.0,-61.0,-38.0,-56.0,1.2510894305691733,-0.9052987356788867,-0.5038176139695173,-0.17194513156820299,-2.4140748085494894,2.351304769771386,-0.611386105500202,1.5089899505324467,0.9837732379928972,1.155615504963996,0.36250629178827776,0.9126928065916647,1.3736567602739684,0.4572405372864487,-1.5587536096572876,3.4739997386932373,2.069675922393799,-1.14,4.44,1.65
1743702664.36203,2c08d2cc-7a1c-9d34-25ea-6265acb43d72,09395dc6-2884-b9c3-9dd3-7e3695c452c0,29,-73.0,-80.0,-66.0,-74.0,-57.0,-39.0,nan,1.255421594714405,-0.925152202131264,-0.5797802893223925,-0.18154742519459266,0.1452108106338347,2.226631398664608,nan,1.5352880005067069,1.0966127049600998,1.1489492132813643,0.4042427198912407,1.200723442200165,1.3721076837718722,nan,-1.600911259651184,3.2916996479034424,2.0445163249969482,-1.14,4.44,1.65
1743702665.362471,2c08d2cc-7a1c-9d34-25ea-6265acb43d72,862c2afa-e773-567d-5071-53e91195a487,2,-71.0,-69.0,-68.0,-73.0,-62.0,-37.0,-56.0,1.4233402930305172,-0.8759554941561757,-0.6907872351435113,-0.18165528321874086,-0.4767918916790374,2.3500006104204956,-0.6083126757866042,1.5313107025767279,1.007699276963251,1.1201926661467976,0.3194403803796337,0.6747309396474671,1.3491109218756177,0.5055346234840555,-1.5401644706726074,3.2385103702545166,2.0136682987213135,-1.14,4.44,1.65
1743702666.348675,2c08d2cc-7a1c-9d34-25ea-6265acb43d72,41a165bd-0388-5188-7b0b-dbbf21ed6179,16,-70.0,nan,-63.0,-77.0,nan,-39.0,nan,1.36764560515369,nan,-0.6705517382327623,-0.15702636945768808,nan,2.351304769771386,nan,1.53803731485805,nan,1.151661909167719,0.2780813055583782,nan,1.3736567602739684,nan,-1.457708477973938,3.237100124359131,1.9853136539459229,-1.14,4.44,1.65
1743702667.37141,2c08d2cc-7a1c-9d34-25ea-6265acb43d72,72105379-ff2e-a5f1-1bf6-1cb087a4aa2d,23,-74.0,nan,-64.0,-74.0,-60.0,-37.0,nan,1.1776538287746743,nan,-0.4260796754339954,-0.1841503988440361,0.2557486025169582,2.226631398664608,nan,1.5232222828719937,nan,0.9744831334252921,0.2815675998071305,0.4751131154588586,1.3721076837718722,nan,-1.396257758140564,3.276435613632202,1.9501904249191284,-1.14,4.44,1.65
1743702668.371183,2c08d2cc-7a1c-9d34-25ea-6265acb43d72,3149bc50-1340-8dff-a058-4e3223f0f200,11,-71.0,nan,-67.0,-72.0,-61.0,-39.0,nan,1.316285744583185,nan,-0.3790594358597743,-0.17063432367966594,-0.42771838777983584,2.226631398664608,nan,1.5230670205804417,nan,1.0228488019822213,0.3679693672904118,0.8969869401998289,1.3721076837718722,nan,-1.343489170074463,3.302579164505005,1.9173367023468018,-1.14,4.44,1.65
1743702669.371511,2c08d2cc-7a1c-9d34-25ea-6265acb43d72,764ec0f0-3956-4205-c16e-8b2ba4bf2e87,6,-67.0,nan,-79.0,-70.0,-58.0,-39.0,-56.0,1.5231427875134547,nan,-0.4099803340122483,-0.12857874900957064,-1.9435417881560952,2.351304769771386,-0.6065622640632694,1.492210304610239,nan,1.222341671866204,0.4370555942611343,1.0424722025076023,1.3736567602739684,0.4429245711130637,-1.2362116575241089,3.392455577850342,1.906189203262329,-1.14,4.44,1.65
1743702670.349013,2c08d2cc-7a1c-9d34-25ea-6265acb43d72,caae92e7-4d8a-9be2-26a6-4af01f109f7b,25,-73.0,nan,-64.0,-74.0,-56.0,-38.0,nan,1.2036108609713496,nan,-0.4025935240966956,-0.14651327473849127,0.25924360964271964,2.2102909979492082,nan,1.5011369542680755,nan,1.1893975702335966,0.4319712868450368,0.9969054213053968,1.3964680929274556,nan,-1.1964117288589478,3.4175827503204346,1.9593546390533447,-1.14,4.44,1.65
1743702671.354832,2c08d2cc-7a1c-9d34-25ea-6265acb43d72,59bdfcbb-c6e5-9ba9-65ce-59d4c0e02044,7,-67.0,-71.0,-77.0,-71.0,-59.0,-39.0,-59.0,1.042904801835499,-2.915908659649317,-0.47514841851870526,-0.12527855978674446,-2.12875402004377,2.2851603691899447,-0.6217419183379462,1.4939372314191006,0.6132027612658051,1.3449196531495533,0.43555180706210744,1.2189405217621807,1.3855274749099782,0.36231244304301663,-1.1605204343795776,3.5196354389190674,1.9922994375228882,-1.14,4.44,1.65
1743702672.37166,2c08d2cc-7a1c-9d34-25ea-6265acb43d72,bf8d1431-4691-5c4b-cc5e-5e96d7f971d0,36,-74.0,-75.0,-64.0,-87.0,-53.0,-39.0,-61.0,1.068614692683015,-2.908216385156732,-0.5996525310604548,-0.1717083765472949,0.4108706585129565,2.2102909979492082,-0.5509429181567039,1.4910666100801042,0.6988465598133363,1.175068032514262,0.41986648732132686,0.9725289324214924,1.3964680929274556,0.3007096981301904,-1.1493209600448608,3.4592652320861816,2.097078561782837,-1.14,4.44,1.65
1743702673.362146,2c08d2cc-7a1c-9d34-25ea-6265acb43d72,51f939f6-ea5c-dbae-30df-4bf632c62d2f,29,-73.0,-81.0,-66.0,-74.0,-57.0,-39.0,-64.0,1.059704820940046,-2.90186021858304,-0.6489420501995322,-0.24603240888144431,0.48852894575854816,2.1541461672626037,-0.6168872681467341,1.504744738596806,0.6274237751707192,1.0793512931966966,0.46416337836483285,0.5871296571397545,1.3822497010366608,0.2590751733522988,-1.1368433237075806,3.536808967590332,2.1102542877197266,-1.14,4.44,1.65
1743702674.311878,2c08d2cc-7a1c-9d34-25ea-6265acb43d72,7d87d485-0ea1-1b3a-d788-3c35c6e644e8,12,-72.0,-76.0,-65.0,-73.0,-61.0,-39.0,nan,0.989667679012597,-3.024491063614028,-0.7372665867003373,-0.13595943365461624,-0.2850150907472515,2.1541461672626037,nan,1.522307353879497,0.8698111154681721,1.275763484910703,0.5638670362818148,0.9051251337022508,1.3822497010366608,nan,-1.0824153423309326,3.60706615447998,2.100343942642212,-1.14,4.44,1.65
1743702675.318753,2c08d2cc-7a1c-9d34-25ea-6265acb43d72,d9412ea1-5e87-0b45-8aa3-ea8a493e4500,32,-74.0,nan,-67.0,-79.0,-54.0,-39.0,-62.0,1.060591120950824,nan,-0.6362243907299678,-0.18483563019251348,0.23030491592270375,2.073854254890391,-0.6118598480801977,1.517579577154334,nan,1.0993862540773627,0.5279426576523271,0.5810703790671506,1.3912784249295278,0.23055073834602474,-1.024537444114685,3.7216227054595947,2.0958476066589355,-1.14,4.44,1.65
1743702676.371708,2c08d2cc-7a1c-9d34-25ea-6265acb43d72,97cb3d9b-0060-e41d-f060-c29a89afca54,26,-75.0,nan,-64.0,-73.0,-55.0,-38.0,nan,1.4369106966811251,nan,-0.6101227488861012,-0.1881621847101315,0.527100291416515,2.073854254890391,nan,1.5214245159781354,nan,1.0111226373864932,0.5707748100962895,0.36733247292274596,1.3912784249295278,nan,-1.0311192274093628,3.7832651138305664,2.100158929824829,-1.14,4.44,1.65
1743702677.370607,2c08d2cc-7a1c-9d34-25ea-6265acb43d72,4e22fab1-f43b-747b-8e8c-5591a1e71e29,14,-74.0,nan,-63.0,-77.0,nan,-40.0,nan,1.253475889221993,nan,-0.5909376027092794,-0.1365663680670453,nan,2.073854254890391,nan,1.507101636161526,nan,1.1288366212549223,0.5489748392031734,nan,1.3912784249295278,nan,nan,nan,nan,-1.14,4.44,1.65
1743702678.349234,2c08d2cc-7a1c-9d34-25ea-6265acb43d72,09a4fb4d-6dc1-12be-61cc-d6d85287daa3,33,-72.0,nan,-66.0,-80.0,-54.0,-39.0,-64.0,1.4996941867475249,nan,-0.5708776081143666,-0.2156800956217022,0.5689034036607464,2.073854254890391,-0.5764112367594056,1.5204394126909153,nan,1.1279198280496627,0.48353487923893296,0.29753926357473964,1.3912784249295278,0.2359365944739108,-1.010695457458496,3.83031153678894,2.1132166385650635,-1.14,4.44,1.65
1743702679.349295,2c08d2cc-7a1c-9d34-25ea-6265acb43d72,d4f51213-487c-60cc-b6e2-e9f1df9536ec,5,-68.0,nan,-75.0,-71.0,-60.0,-38.0,-56.0,1.5525696522943944,nan,-0.6798365830572145,-0.152958390892592,-0.5442863468890289,2.226631398664608,-0.6168872681467341,1.523199912318837,nan,1.2405723411083414,0.399088737523124,1.3675321853468891,1.3721076837718722,0.2590751733522988,-0.9951283931732178,3.86492919921875,2.1297788619995117,-1.14,4.44,1.65
1743702680.348653,2c08d2cc-7a1c-9d34-25ea-6265acb43d72,5e50f492-dac7-227f-b321-715a07e58fe7,33,-72.0,-92.0,-66.0,-79.0,-54.0,-39.0,-61.0,1.2091281318016667,-1.7832751696282692,-0.7728581367725921,-0.22999218963589704,0.38088889147295213,2.1541461672626037,-0.5586532194545794,1.4658579261497415,0.9933532942241851,1.0762091625845667,0.3849510139813021,0.8006700807295591,1.3822497010366608,0.23852261588134166,-1.0553916692733765,3.8226158618927,2.140511989593506,-1.14,4.44,1.65
1743702681.371968,2c08d2cc-7a1c-9d34-25ea-6265acb43d72,9480216d-b07e-e96f-5458-bca22d5eec05,12,-74.0,-75.0,-65.0,-73.0,-61.0,-39.0,nan,1.4477556212721456,-2.518965031805225,-0.7128832163917896,-0.08957542326481517,-0.42930968376826756,2.2851603691899447,nan,1.4691742274971624,0.891829798465811,1.1124003899552801,0.4421294487699532,0.9505898478511677,1.3855274749099782,nan,-1.0611305236816406,3.8922557830810547,2.093811273574829,-1.14,4.44,1.65
1743702682.370674,2c08d2cc-7a1c-9d34-25ea-6265acb43d72,99693220-59c4-10d5-9bf7-f6351c12ed8a,12,-74.0,-75.0,-65.0,-73.0,-61.0,-39.0,nan,1.3405095915424368,-2.9415751409710653,-0.694137491794831,-0.07605402177826487,-0.8680761247598962,2.226631398664608,nan,1.4303433414329896,0.9973672771981796,1.17848446871867,0.49203339246202565,0.8823646546039738,1.3721076837718722,nan,-1.0592236518859863,3.95312762260437,2.074428081512451,-1.14,4.44,1.65
1743702683.360876,2c08d2cc-7a1c-9d34-25ea-6265acb43d72,18e6d662-39ef-5c96-fdbe-31f0b13397c5,13,-75.0,-77.0,-64.0,-75.0,-62.0,-39.0,nan,1.299171738786118,-3.026331307927273,-0.684490989694346,-0.12906637380516417,0.396006290028604,2.2851603691899447,nan,1.5142973642688655,1.0953377831672515,1.259115931778563,0.5210203363203978,0.6416514640592779,1.3855274749099782,nan,-1.0639077425003052,4.04089879989624,2.06273365020752,-1.14,4.44,1.65
1743702684.348692,2c08d2cc-7a1c-9d34-25ea-6265acb43d72,260fc779-d80c-b428-00fb-a0c3c94c8a51,33,-72.0,-92.0,-67.0,-79.0,-54.0,-39.0,-61.0,1.179965985233081,-2.994261522080538,-0.7878197757766573,-0.1663988322820039,0.5194665978606254,2.073854254890391,-0.5230714583517929,1.5286523351766106,1.1130478709953058,1.1884319080223338,0.49140788250099326,0.4164413315526938,1.3912784249295278,0.2434763183918444,-1.0709762573242188,4.096587657928467,2.03559422492981,-1.14,4.44,1.65
1743702685.371971,2c08d2cc-7a1c-9d34-25ea-6265acb43d72,63be8cc4-25f1-bbe0-6b3a-83088b671070,28,-74.0,-81.0,-65.0,-73.0,-58.0,-39.0,nan,1.2171825962025027,2.8568203055954022,-0.7745210145572377,-0.22576788351481336,0.6077733677360804,2.073854254890391,nan,1.522067003591117,1.2039417587367922,1.1558971342492719,0.4804730429336689,0.30527204328774504,1.3912784249295278,nan,-1.0739588737487793,4.175058364868164,2.04636812210083,-1.14,4.44,1.65
1743702686.310484,2c08d2cc-7a1c-9d34-25ea-6265acb43d72,23a370a1-d6f1-b38d-088e-af622e614788,11,-73.0,-73.0,-66.0,-73.0,-60.0,-39.0,nan,1.157846834483319,3.063111959426248,-0.7703025673905521,-0.2142007096361632,-0.12131500724722374,2.1541461672626037,nan,1.4839735468327873,0.8872556861355453,1.2761071658493772,0.4685094242372468,0.9564607843766464,1.3822497010366608,nan,-1.0465584993362427,4.286432266235352,2.081953287124634,-1.14,4.44,1.65
1743702687.349047,2c08d2cc-7a1c-9d34-25ea-6265acb43d72,011159e9-f923-2116-9500-24b9d426fe3e,34,-73.0,-81.0,-65.0,-81.0,-53.0,-39.0,-59.0,1.297328032363456,-3.028031736283288,-0.7503743992695981,-0.24209492520976217,0.357216448393868,2.2102909979492082,-0.5032009980232252,1.5227481070399052,1.0667287085780481,1.1672212946784524,0.4384254577468438,0.580585837546387,1.3964680929274556,0.230560936684927,-0.92982679605484,4.440078258514404,2.0936129093170166,-1.14,4.44,1.65
1743702688.372123,2c08d2cc-7a1c-9d34-25ea-6265acb43d72,9c6ac025-4352-9463-6fb0-231fc2946dc5,26,-75.0,-81.0,-64.0,-73.0,-57.0,-38.0,nan,1.2647884649004317,-3.0462123380969324,-0.7220719211008901,-0.252777130658179,0.5854434082254604,2.073854254890391,nan,1.5060197269686812,1.0155044694860553,1.0907122718279474,0.4625999696469018,0.3706856043566092,1.3912784249295278,nan,-0.8285855054855347,4.56758975982666,2.125525712966919,-1.14,4.44,1.65
1743702689.313027,2c08d2cc-7a1c-9d34-25ea-6265acb43d72,901f5399-40cb-8029-eb06-4ea0c45133d5,19,-70.0,-93.0,-64.0,-73.0,-65.0,-38.0,-64.0,1.1420367123559547,-3.0570798995572184,-0.7393001765087217,-0.27246135322328163,0.6403392569135513,2.1258970258908794,-0.49718442714571154,1.5176738530569225,0.9955305615733792,1.130184047608448,0.36408501368247675,0.4801137821079253,1.4062929167738942,0.4049854384478634,-0.696308970451355,4.680104732513428,2.1222591400146484,-1.14,4.44,1.65
1743702690.372467,2c08d2cc-7a1c-9d34-25ea-6265acb43d72,1ef77aa2-dca2-0207-0738-583901184c4b,29,-75.0,-82.0,-66.0,-75.0,-57.0,-39.0,-66.0,1.465816114520627,2.972404160065931,-0.7764954821894224,-0.2814433966317919,0.6359978150236603,2.073854254890391,-0.5898411990069171,1.528143271934242,1.1400168378271838,1.1226327874955826,0.4151390767808136,0.3439410747052656,1.3912784249295278,0.3087975233735641,-0.5408613085746765,4.801686763763428,2.1133594512939453,-1.14,4.44,1.65
1743702691.311842,2c08d2cc-7a1c-9d34-25ea-6265acb43d72,6c963b73-0ca9-f6c2-60fc-f6bddb464363,17,-72.0,-86.0,-64.0,-76.0,-65.0,-38.0,-64.0,1.2139548449613267,-3.11264995149503,-0.7034851872210091,-0.23911378268552747,0.6888608915223651,2.1541461672626037,-0.5305651624195122,1.5360593851164477,1.0628666589442424,1.0883227505398738,0.39921656925544785,0.4955509710579196,1.3822497010366608,0.38240170594175577,-0.45528531074523926,4.817326068878174,2.135906934738159,-1.14,4.44,1.65
1743702692.311861,2c08d2cc-7a1c-9d34-25ea-6265acb43d72,74a04cdc-4ca6-ad5f-858d-1cbb2c5e62e4,25,-78.0,-79.0,-64.0,-73.0,nan,nan,nan,1.2840590985482452,-3.0286218927808495,-0.5992314852921131,-0.28754789448247153,nan,nan,nan,1.5073393232888157,1.1029902434015397,1.060945654270941,0.4307959006979303,nan,nan,nan,nan,nan,nan,-1.14,4.44,1.65
1743702693.350472,2c08d2cc-7a1c-9d34-25ea-6265acb43d72,8e0d91b6-cace-1954-1570-2a1b29a13f94,32,-74.0,-99.0,-67.0,-80.0,-53.0,-39.0,-64.0,1.4764522472821855,-2.9626862852482323,-0.6217077659440549,-0.31048729884797804,0.657804863080567,2.073854254890391,-0.4968548386581515,1.4625767785287092,1.0840284032821212,1.0547580657942508,0.4117195779411518,0.3535054447110954,1.3912784249295278,0.30966772091512096,-0.4626590609550476,4.778203010559082,2.202364921569824,-1.14,4.44,1.65
1743702694.312337,2c08d2cc-7a1c-9d34-25ea-6265acb43d72,5d5cc507-864f-edf4-04ca-7954ba03cb72,13,-73.0,-78.0,-65.0,-76.0,-62.0,-39.0,-65.0,1.3484239736699342,-2.8449508629330276,-0.5874480627329486,-0.24281397870408353,0.8858577118639833,2.1541461672626037,-0.4688962807789763,1.5080699615338788,1.056251233638431,1.1626254775853027,0.37755827853232393,0.22631231144125444,1.3822497010366608,0.36197577320679747,-0.46746742725372314,4.686254501342773,2.233412504196167,-1.14,4.44,1.65
1743702695.372127,2c08d2cc-7a1c-9d34-25ea-6265acb43d72,0c85b9bd-5bf6-cd48-6b87-12c94448780c,14,-75.0,-81.0,-64.0,-77.0,-65.0,-39.0,-64.0,1.2003751202469033,-2.9262683562897256,-0.5910830113047977,-0.1625929087681717,0.975939236297892,2.1541461672626037,-0.43274289378398273,1.5263741340221024,1.082256801945973,1.2497479963281002,0.46124901460493184,0.31291221354494486,1.3822497010366608,0.46621409210662873,-0.4682981073856354,4.6109490394592285,2.2467782497406,-1.14,4.44,1.65
1743702696.377519,2c08d2cc-7a1c-9d34-25ea-6265acb43d72,04c5509e-32a4-523f-e9e6-ab12b02e6e8f,32,-73.0,-91.0,-67.0,-78.0,-54.0,-39.0,-65.0,1.3839542710371173,-2.973320021164809,-0.6393030049500995,-0.21008133206202864,0.7918795099365976,2.073854254890391,-0.5024906661994528,1.4981893675735758,1.0761226764281664,1.1083216921667967,0.4408350526116338,0.28980217731990005,1.3912784249295278,0.3403074419517871,-0.47414660453796387,4.498200416564941,2.2434911727905273,-1.14,4.44,1.65
1743702697.371641,2c08d2cc-7a1c-9d34-25ea-6265acb43d72,92304793-1894-764e-bf27-913b55633c27,15,-73.0,nan,-63.0,-78.0,nan,-41.0,-66.0,1.3542520353994636,nan,-0.6740151792304102,-0.18056924612620656,nan,2.1541461672626037,-0.4670439581926154,1.4487606982675414,nan,1.1557918062281596,0.37060692874451273,nan,1.3822497010366608,0.44325659795526884,-0.429895281791687,4.391473770141602,2.218465566635132,-1.14,4.44,1.65
1743702698.353541,2c08d2cc-7a1c-9d34-25ea-6265acb43d72,6a25acd6-7d8f-45a3-e009-f2983f4d8ef4,0,-69.0,-70.0,-70.0,-73.0,nan,-37.0,-60.0,1.2813674416345018,-2.941752773815773,-0.6622227019235394,-0.17452333781950866,nan,2.291720532673144,-0.5420204524315521,1.5185644141254449,1.0340448643629687,1.1446459444339596,0.26054750234973045,nan,1.3610137977651555,0.3487689627694857,-0.43420469760894775,4.228632926940918,2.189802885055542,-1.14,4.44,1.65
1743702699.351163,2c08d2cc-7a1c-9d34-25ea-6265acb43d72,2f18cb09-d037-d8db-0854-6d2b9142e207,16,-73.0,-91.0,-63.0,-78.0,nan,-38.0,-60.0,1.403297875298799,-2.8430483006502754,-0.5618750583654627,-0.13899969835505072,nan,2.351304769771386,-0.5046773050184515,1.4945464295184565,1.058071703980582,1.202948532808247,0.3421221904887023,nan,1.3736567602739684,0.43560418920370214,-0.41743704676628113,4.092830657958984,2.1313323974609375,-1.14,4.44,1.65
1743702700.350621,2c08d2cc-7a1c-9d34-25ea-6265acb43d72,f72bf14f-a36a-5901-9eef-74b534364e89,26,-75.0,-81.0,-64.0,-73.0,-57.0,-38.0,-64.0,1.3779797354476335,-2.96053125529414,-0.4720317210949856,-0.16228824313946663,0.7609629289060231,2.1541461672626037,-0.6077733677360804,1.512152853801079,1.0512144636477916,1.1277603047003668,0.38432840020795517,0.24436917460669266,1.3822497010366608,0.30527204328774504,-0.445477157831192,3.9720046520233154,2.1186907291412354,-1.14,4.44,1.65
1743702701.312205,2c08d2cc-7a1c-9d34-25ea-6265acb43d72,877f585f-7b1f-e4a6-4bac-b1705a8ecaf5,28,-74.0,-79.0,-65.0,-74.0,-58.0,-39.0,-71.0,1.3936050341953465,-1.869016972503915,-0.5458785149617927,-0.20364340644287107,0.7026243291755837,2.073854254890391,-0.6700488058774685,1.5035144913312437,1.1119619004817987,1.0173811991062343,0.43575154414386336,0.22921742780146856,1.3912784249295278,0.24936840003563077,-0.4929957091808319,3.8522701263427734,2.114086627960205,-1.14,4.44,1.65
1743702702.350273,2c08d2cc-7a1c-9d34-25ea-6265acb43d72,85d35ecc-b847-5a8f-b1a9-0cc9290ac843,6,-66.0,-71.0,-86.0,-73.0,-59.0,-39.0,-56.0,1.022542005824644,-1.0613469260681887,-0.4241403615281996,-0.14116138621186802,-0.08375781001611057,2.2851603691899447,-0.6850115480332039,1.5156312085008317,1.0322694014432403,1.1850908392767752,0.45165011650893205,1.3606414821311406,1.3855274749099782,0.23248054949352365,-0.538820445537567,3.7886054515838623,2.115269184112549,-1.14,4.44,1.65
1743702703.371554,2c08d2cc-7a1c-9d34-25ea-6265acb43d72,b076d698-70b0-a63e-18e8-6f6db829172c,32,-73.0,-93.0,-68.0,-80.0,-54.0,-39.0,nan,1.0671659330500118,-1.5894123554467685,-0.6736489945805244,-0.14667945599051221,0.414604559554386,2.1541461672626037,nan,1.5214535444340174,0.9747658279750041,1.0390408879889301,0.4566728383248214,0.7586028551818101,1.3822497010366608,nan,-0.5424866676330566,3.7087621688842773,2.105147123336792,-1.14,4.44,1.65
1743702704.311731,2c08d2cc-7a1c-9d34-25ea-6265acb43d72,0d57386b-7bc3-4b4b-0a51-2cb810996cc8,17,-71.0,-86.0,-63.0,-75.0,-63.0,-39.0,-62.0,1.0995307971455268,-1.4385204444020234,-0.6147129733409619,-0.09320877394001029,0.5331004488826168,2.1541461672626037,-0.5783068277161155,1.4833628839948318,0.9587422534862698,1.0225596492668658,0.47312092069131434,0.6937649952810329,1.3822497010366608,0.3415223913542196,-0.5315412878990173,3.672847270965576,2.064328670501709,-1.14,4.44,1.65
1743702705.372568,2c08d2cc-7a1c-9d34-25ea-6265acb43d72,9252e128-1f5a-0780-73c2-2c8cba010e15,32,-74.0,-86.0,-69.0,-80.0,-55.0,-39.0,-65.0,1.2570892661890127,-1.3371047400887703,-0.7274845297003671,-0.19367625974714053,0.5693564362548038,2.073854254890391,-0.5122731445632105,1.5067748662957732,1.0616896749004818,1.0349516041351134,0.37421854136731003,0.4526051481348955,1.3912784249295278,0.29157344888196357,-0.530230164527893,3.6417770385742188,2.065204381942749,-1.14,4.44,1.65
1743702706.350654,2c08d2cc-7a1c-9d34-25ea-6265acb43d72,e2a3f45f-d714-e4ef-59ed-df16f0dd2045,19,-69.0,nan,-64.0,-75.0,nan,-37.0,-67.0,1.1945020510949516,nan,-0.7022457520496862,-0.1797013219269497,nan,2.1258970258908794,-0.4937024357988,1.4991333250219545,nan,1.014316965955989,0.45335806829502706,nan,1.4062929167738942,0.38963065372063743,-0.5256797075271606,3.615407943725586,2.048691511154175,-1.14,4.44,1.65
1743702707.312276,2c08d2cc-7a1c-9d34-25ea-6265acb43d72,007e8183-21a0-b3ac-a9ea-71bf7e067b2b,19,-67.0,nan,-64.0,-74.0,-63.0,-38.0,-63.0,1.1302112118515666,nan,-0.6367817903461214,-0.2010998212857364,0.6006991404595589,2.2102909979492082,-0.5129097267396078,1.5180400377068082,nan,1.0471017439763821,0.42373819091408405,0.5399447065376698,1.3964680929274556,0.4660902493371647,-0.5843381881713867,3.597752571105957,2.053727388381958,-1.14,4.44,1.65
1743702708.362421,2c08d2cc-7a1c-9d34-25ea-6265acb43d72,20aa8b5f-f8cd-f9e0-38ce-7df9c674e105,12,-70.0,-74.0,-64.0,-73.0,-58.0,-39.0,-64.0,1.0774894106995951,-1.5463335942858647,-0.6903326335454347,-0.18534962028289878,0.7645512382514545,2.1541461672626037,-0.56002206867696,1.5076324041667786,1.062591754140719,1.109706802249747,0.4280635307090225,0.3246256926778205,1.3822497010366608,0.48690287331083826,-0.6555230617523193,3.6593525409698486,2.072925567626953,-1.14,4.44,1.65
1743702709.362788,2c08d2cc-7a1c-9d34-25ea-6265acb43d72,4b072072-64db-0407-74b8-0ea299343861,9,-67.0,-69.0,-72.0,-73.0,-58.0,-39.0,-60.0,1.2303604499084322,-2.0307149259877657,-0.9878462099850374,-0.15347211466686833,-1.107331507296683,2.291720532673144,-0.6359978150236603,1.5144318539039148,0.9871769576031004,1.2725024441559007,0.42956242434954645,1.5317711635345903,1.3610137977651555,0.3439410747052656,-0.7194318771362305,3.7105915546417236,2.0769569873809814,-1.14,4.44,1.65
1743702710.35094,2c08d2cc-7a1c-9d34-25ea-6265acb43d72,12f32bea-9b47-a511-feaf-904a7140a35e,35,-73.0,-79.0,-65.0,-83.0,-53.0,-40.0,-63.0,1.336149464205759,-1.999518523820523,-0.92158835996052,-0.16369252798226544,0.5339131565804024,2.2851603691899447,-0.5481899921055748,1.4972624543561734,1.0855687090775956,1.1430449851446582,0.41237564767569285,0.8337960201260338,1.3855274749099782,0.28582626743328227,-0.855718433856964,3.698586940765381,2.076212167739868,-1.14,4.44,1.65
1743702711.351023,2c08d2cc-7a1c-9d34-25ea-6265acb43d72,eb79f3eb-352f-a102-2e79-fece595e9fed,34,-73.0,-84.0,-65.0,-81.0,-55.0,-39.0,-61.0,1.390428948279318,-1.6245987055591677,-0.8793883088012878,-0.19088393534419243,0.6458831627065542,2.1258970258908794,-0.525311680565649,1.5052340944471079,1.2216524457760916,1.1004405329738978,0.3435953846247069,0.4940806792332463,1.4062929167738942,0.2585862428992977,-0.979456067085266,3.6692376136779785,2.0755488872528076,-1.14,4.44,1.65
1743702712.372177,2c08d2cc-7a1c-9d34-25ea-6265acb43d72,2d0fe24c-2c95-8c1f-4ae1-2eb2acedc6b8,16,-69.0,-88.0,nan,-78.0,-65.0,-38.0,nan,1.3679880876698742,-1.7561615265701722,nan,-0.13581881874906007,0.699154841276842,2.2102909979492082,nan,1.509535898555913,1.221833673888271,nan,0.3303349396354707,0.6034116483211126,1.3964680929274556,nan,-1.174361228942871,3.541425943374634,2.076963424682617,-1.14,4.44,1.65
1743702713.310746,2c08d2cc-7a1c-9d34-25ea-6265acb43d72,cdcc628d-1602-0be9-7c1c-f192ce525be8,16,-69.0,-92.0,nan,-79.0,nan,-40.0,nan,1.3634170379748622,-2.003145216592993,nan,-0.17482427502268763,nan,2.2102909979492082,nan,1.5043694991992134,1.1751782873833911,nan,0.2926504445520361,nan,1.3964680929274556,nan,-1.3425601720809937,3.4446938037872314,2.053703784942627,-1.14,4.44,1.65
1743702714.362839,2c08d2cc-7a1c-9d34-25ea-6265acb43d72,3119ebe5-1312-343f-177a-637d3eacf423,28,-75.0,-79.0,nan,-74.0,-59.0,-39.0,nan,1.5270682869602317,-1.241731215656689,nan,-0.19858020457841244,0.6704789777915499,2.1541461672626037,nan,1.5273581720448868,1.1022954912521654,nan,0.367537935193819,0.3947404264625609,1.3822497010366608,nan,-1.3719722032547,3.3270466327667236,2.1004650592803955,-1.14,4.44,1.65
1743702715.312466,2c08d2cc-7a1c-9d34-25ea-6265acb43d72,d6070a1e-b6f2-a44b-d9f8-d31e4cf39c29,8,-67.0,-70.0,nan,-71.0,-58.0,-39.0,-58.0,1.6120257888948493,-1.3181785863279591,nan,-0.1945399228886532,-2.158283259711866,2.226631398664608,-0.6196456269362102,1.5273142298869005,1.1120220879224345,nan,0.3674792124917827,1.50787643602088,1.3721076837718722,0.27329772551232867,-1.381853699684143,3.241905450820923,2.107316255569458,-1.14,4.44,1.65
1743702716.372348,2c08d2cc-7a1c-9d34-25ea-6265acb43d72,f34dd804-c18d-76c1-f679-e284e0a05d68,24,-81.0,-76.0,nan,-75.0,-60.0,-39.0,-64.0,1.7244910817288956,-1.9397426747312039,nan,-0.25336675452352253,0.5677821029580491,2.1541461672626037,-0.6673718234383383,1.5018691904097927,0.9822265406108065,nan,0.3728783388382413,0.8414204710770532,1.3822497010366608,0.2356740187847093,-1.397334098815918,3.1422390937805176,2.166395664215088,-1.14,4.44,1.65
1743702717.373025,2c08d2cc-7a1c-9d34-25ea-6265acb43d72,24eeaed2-c57e-208d-4bb1-d993c4a893b6,35,-73.0,-79.0,-65.0,-86.0,-58.0,-39.0,-61.0,1.526405159848802,-2.129915812380454,-2.0814022052249714,-0.29501273501796366,0.6458831627065542,2.2102909979492082,-0.5764112367594056,1.5028858521559303,1.0721288003204017,1.377269869859073,0.31336074979563266,0.4940806792332463,1.3964680929274556,0.2359365944739108,-1.4075485467910767,3.043990135192871,2.2163150310516357,-1.14,4.44,1.65
1743702718.312194,2c08d2cc-7a1c-9d34-25ea-6265acb43d72,ca723236-977d-c564-4a46-e9b940e25a50,19,-70.0,-94.0,-64.0,-75.0,-64.0,-38.0,nan,1.4658922809278032,-2.531104252686024,-1.9940469262029006,-0.27171833127914957,0.6130231215888021,2.2102909979492082,nan,1.5046860158947697,1.1274953201719038,1.3634882775340216,0.3283936949378847,0.5686199374466869,1.3964680929274556,nan,-1.3828611373901367,2.9565844535827637,2.271921157836914,-1.14,4.44,1.65
1743702719.362928,2c08d2cc-7a1c-9d34-25ea-6265acb43d72,d5a7465b-7a19-698e-807e-74f0ee3eb10b,0,-67.0,-70.0,-69.0,-74.0,-64.0,-37.0,-57.0,1.7248474126827482,-1.1442523292248459,-1.0587366287257476,-0.22266689874152512,-0.09787706869515307,2.351304769771386,-0.6374281909403248,1.50697167390033,1.1490526770897136,1.2952463724973955,0.28925241744866315,0.46930095540722305,1.3736567602739684,0.2699568183870234,-1.5183027982711792,2.813188314437866,2.323603630065918,-1.14,4.44,1.65
1743702720.363129,2c08d2cc-7a1c-9d34-25ea-6265acb43d72,ce9d1aa3-ab1f-b391-417e-1ff9063190e9,10,-67.0,-71.0,-71.0,-73.0,-58.0,-40.0,-62.0,1.7835354936248242,-1.5246023329488727,-2.608448043380214,-0.18721915936813438,-1.8013948359229475,2.226631398664608,-0.6673718234383383,1.5045729647064958,1.0339710282217465,1.3576564873789665,0.3106073408341134,1.1397784602778673,1.3721076837718722,0.2356740187847093,-1.5644367933273315,2.7497596740722656,2.3631832599639893,-1.14,4.44,1.65
1743702721.34748,2c08d2cc-7a1c-9d34-25ea-6265acb43d72,9e2e2c8f-d79a-23d7-3202-43fc559029fe,7,-64.0,-71.0,-76.0,-72.0,-59.0,-39.0,-56.0,1.8840165615535138,-2.2770754363155077,-2.764652028693286,-0.14065884771417003,-2.2686761896436893,2.291720532673144,-0.6824797687016664,1.5095241806471165,0.9017336950856522,1.4003466933368278,0.2936817869736829,0.7801250614383728,1.3610137977651555,0.2189503993488242,-1.7102093696594238,2.6564724445343018,2.3887689113616943,-1.14,4.44,1.65
