1743703132.362423,2c08d2cc-7a1c-9d34-25ea-6265acb43d72,36bd94f3-65e7-d4d2-a60d-6d68209f1be1,20,-79.0,nan,-75.0,-57.0,nan,nan,-50.0,3.1238059333013717,nan,-2.881182903247447,-0.20039727939017352,nan,nan,-2.5581390024121387,0.3133623144027731,nan,0.8398749211287548,1.3631444634372927,nan,nan,0.4332882469358822,-6.644694805145264,2.02363395690918,0.8609890341758728,-7.14,2.04,1.65
1743703133.316362,2c08d2cc-7a1c-9d34-25ea-6265acb43d72,9e6d58ed-a8a3-55a3-1c80-4c3d07e6c59e,5,nan,nan,nan,-57.0,-50.0,nan,-46.0,nan,nan,nan,-0.13492373030668445,2.3329693963528872,nan,-2.6625310793096855,nan,nan,nan,1.3548601682343833,0.5880971270222586,nan,0.48986944804807175,nan,nan,nan,-7.14,2.04,1.65
1743703134.38119,2c08d2cc-7a1c-9d34-25ea-6265acb43d72,20331c20-1cbe-65b4-c829-4b44bf76fd51,11,-81.0,nan,-76.0,-58.0,-54.0,-57.0,-44.0,3.1330987676090944,nan,-2.927660124275401,-0.18851345565791292,2.2449962075569854,2.691834183537579,-2.599558413287023,0.3489980729491234,nan,0.8656910055247377,1.2444995716098266,0.5738777189505715,0.23677591067730525,0.4274139566818242,-6.651877403259277,2.0126919746398926,0.8772019743919373,-7.14,2.04,1.65
1743703135.364302,2c08d2cc-7a1c-9d34-25ea-6265acb43d72,ca0700e3-4c45-227e-0309-7696df7498fd,31,-70.0,nan,-78.0,-57.0,-52.0,-58.0,-48.0,-3.1210554205275383,nan,-2.958451326482788,-0.1525336166987244,2.2681423340338935,2.74542872979979,-2.5350303894003376,0.21528618080696588,nan,0.8627647241189588,1.2046771906718172,0.4365519674136524,0.2423378733199026,0.4429245711834897,-6.6485185623168945,2.0005087852478027,0.9124396443367004,-7.14,2.04,1.65
1743703136.316005,2c08d2cc-7a1c-9d34-25ea-6265acb43d72,b52a490c-3402-d547-d00e-edc080ef9fb2,5,-70.0,nan,-85.0,-56.0,-50.0,-57.0,-47.0,-3.1129727266191476,nan,-2.953571350101327,-0.16651095136389626,2.2710353416802773,2.70968276640744,-2.63414837676937,0.15989887165420433,nan,0.8769383337564693,1.208323857152463,0.5724287480122062,0.23870337208164263,0.5162365108187835,-6.634265422821045,1.9825009107589722,0.9507551193237305,-7.14,2.04,1.65
1743703137.382536,2c08d2cc-7a1c-9d34-25ea-6265acb43d72,b90ac501-4ded-bab4-0fe5-1ffdf6aeb56d,10,-76.0,nan,-76.0,-59.0,nan,nan,nan,-3.1059726076938743,nan,-2.9920055583211322,-0.2116360855064169,nan,nan,nan,0.1771274433124154,nan,0.8964976540664474,1.2437761238997067,nan,nan,nan,nan,nan,nan,-7.14,2.04,1.65
1743703138.31358,2c08d2cc-7a1c-9d34-25ea-6265acb43d72,3ab0caa3-8bc5-3c1e-5502-69d2da5f6c95,29,-71.0,-75.0,-75.0,-57.0,-56.0,-57.0,-47.0,-3.0895286532270707,-1.2438883761396535,-2.9961070927159636,-0.1981988399103131,2.296368284640819,2.727547780999951,-2.5386867784785236,0.1324312861648577,1.2306175781116795,0.8802768724989927,1.3509774125231022,0.4636723455178054,0.2405575791013463,0.49118513418201853,-6.61031198501587,1.961682915687561,0.9443864226341248,-7.14,2.04,1.65
1743703139.381903,2c08d2cc-7a1c-9d34-25ea-6265acb43d72,6d91e26e-da85-c11f-814c-e8d3471a50f6,16,-80.0,-77.0,-75.0,-56.0,-50.0,-58.0,-47.0,-3.026403213276705,-1.3086593833275797,-2.935585957995586,-0.16889208369453615,2.315992948481352,2.797628083431173,-2.576710587501078,0.1804089571180974,1.2533447285383068,0.8507500060191207,1.2939696530708116,0.3326759587440283,0.2636645892290851,0.4378839886243441,-6.58872890472412,1.937767505645752,0.9576486945152283,-7.14,2.04,1.65
1743703140.365027,2c08d2cc-7a1c-9d34-25ea-6265acb43d72,1339d03a-9949-cdce-f322-a74d8829384e,1,-77.0,-77.0,-86.0,-54.0,-51.0,-59.0,-47.0,-3.0545339175551027,-1.3364538635183554,-2.9380744157181558,-0.15090988738210306,2.2698075906177917,1.8374348995361465,-2.659440547953248,0.18373919012697107,1.1699821937805375,0.9063522156270949,1.2484377210717812,0.24215464689698832,1.0808015355116396,0.42405001774165196,-6.559189319610596,1.9011056423187256,0.9439750909805298,-7.14,2.04,1.65
1743703141.380717,2c08d2cc-7a1c-9d34-25ea-6265acb43d72,f51fad8a-2f03-ff02-ce88-25c4ecb7fdc1,13,-86.0,-75.0,-77.0,-57.0,nan,nan,nan,-3.101772802654819,-1.375926837721346,-2.9650911197125733,-0.10509419556892491,nan,nan,nan,0.22001232634596135,1.2047248612553298,0.8688045071551495,1.207586827320783,nan,nan,nan,nan,nan,nan,-7.14,2.04,1.65
1743703142.365239,2c08d2cc-7a1c-9d34-25ea-6265acb43d72,9a1312bf-6313-66fc-d3b5-7f0558495174,5,-71.0,-76.0,-85.0,-57.0,-51.0,-59.0,-46.0,-3.1062969807146463,-1.298367197820805,-2.9977984663242725,-0.2745346241319083,2.2853995257023123,2.449771811346164,-2.7314902907190777,0.22536221750176702,1.1028425711190948,0.9330154515658319,1.1297622028917793,0.4443586694780055,0.7075437887278349,0.4536947247109436,-6.519231796264648,1.8497109413146973,0.943074643611908,-7.14,2.04,1.65
1743703143.364404,2c08d2cc-7a1c-9d34-25ea-6265acb43d72,4bac4f50-71a1-5bf4-a284-fa6dc5d30aea,21,-77.0,-80.0,-75.0,-57.0,-50.0,-55.0,-52.0,-3.0774890345710406,-1.275459351914216,-2.967908211513659,-0.10332345976013123,2.4304146235195567,2.7321365243433555,-2.6097838839772947,0.26681288841976447,1.1402860834133908,0.982513829113399,1.1533888359765807,0.3975777676640607,0.5372708709900371,0.46173631026124845,-6.469597339630127,1.81248414516449,1.0252676010131836,-7.14,2.04,1.65
1743703144.381791,2c08d2cc-7a1c-9d34-25ea-6265acb43d72,09383cfb-6d5b-b613-14b6-cf20089dc5e5,25,-74.0,-93.0,-74.0,-56.0,-54.0,-53.0,-52.0,-3.0271643447162497,-1.2613876081884006,-2.9759325821941776,-0.005193696757872531,2.4236807916505785,2.7998765543293445,-2.5438698577092302,0.22724538864283253,1.2702713809526869,0.917903810013368,1.2960662266389764,0.2954015193269419,0.39719098461848884,0.47678324368987585,-6.416756629943848,1.788136601448059,1.0956028699874878,-7.14,2.04,1.65
1743703145.371497,2c08d2cc-7a1c-9d34-25ea-6265acb43d72,a482b2b7-3fe7-ff7c-097f-592804d12b5d,8,-74.0,-71.0,-83.0,-59.0,-52.0,-61.0,-45.0,-3.0332762994179814,-1.4776623876815174,-2.914618091785065,-0.06996683447467075,2.349263248408645,2.6834186309169406,-2.6098117478305514,0.23211086744110962,1.1610002835300817,0.8653027166378041,1.332541546718974,0.48668470654468315,0.2995234982508454,0.5266027432239677,-6.37396764755249,1.7646657228469849,1.1224584579467773,-7.14,2.04,1.65
1743703146.380568,2c08d2cc-7a1c-9d34-25ea-6265acb43d72,a2fa7d95-06ec-89f8-606a-f202c5d80f90,28,-70.0,-78.0,-74.0,-56.0,-56.0,-57.0,-51.0,-3.0740594157192365,-1.5026929061349543,-2.9301033082594397,-0.0880473014313277,2.368532595764217,2.7238482705355382,-2.5332799776725516,0.1796007376615288,1.1780808666554685,0.8005002175699878,1.3218010180426847,0.3497159656470096,0.2724891448196867,0.505534623563536,-6.352425575256348,1.7419021129608154,1.1304926872253418,-7.14,2.04,1.65
1743703147.382272,2c08d2cc-7a1c-9d34-25ea-6265acb43d72,f88ba6ee-15d6-c6a3-417f-3cd474171008,33,-72.0,-68.0,-78.0,-58.0,-51.0,-57.0,-49.0,-3.0746157500709543,-1.3094054679069653,-2.980143306193701,-0.15104757281046016,2.345919117010725,2.725762060685012,-2.5012533965415167,0.1942889532454269,1.1085919364384123,0.7609417558960053,1.2795583563060111,0.3020398666518934,0.25652988233580737,0.48011378218200096,-6.341466903686523,1.7236974239349365,1.142999529838562,-7.14,2.04,1.65
1743703148.363458,2c08d2cc-7a1c-9d34-25ea-6265acb43d72,0339d839-dc13-a98f-3cff-285311624ead,18,-78.0,-81.0,-75.0,-56.0,-49.0,-57.0,-49.0,-3.0474903891040617,-1.3051891512691518,-3.003023588383008,-0.10609101676494158,2.40247442280921,2.806668475919549,-2.5116718391814663,0.2287212792294408,1.0783865630918155,0.85161932837795,1.2499702371210675,0.41791474165396536,0.34779767513388177,0.45201278576404247,-6.332767009735107,1.7135369777679443,1.0432392358779907,-7.14,2.04,1.65
1743703149.381713,2c08d2cc-7a1c-9d34-25ea-6265acb43d72,ed1fe25a-2187-d12b-4665-840130b7e86d,18,-78.0,nan,-74.0,-56.0,nan,-57.0,-49.0,-2.995626392139204,nan,-2.9699007886412567,-0.0919728008781045,nan,2.8583306489023528,-2.516558103449,0.25601698263755807,nan,0.9436402658927575,1.2155293057977814,nan,0.3870057307375776,0.4378839886229148,-6.32655906677246,1.714737892150879,1.0546845197677612,-7.14,2.04,1.65
1743703150.379588,2c08d2cc-7a1c-9d34-25ea-6265acb43d72,918fad86-02f0-4b04-2ab7-99d547083879,36,-75.0,nan,-81.0,-59.0,nan,-54.0,-47.0,-3.0685988702201383,nan,-3.0123989806845235,-0.10062248178257287,nan,2.828856479225696,-2.5302065479616473,0.22804124104508905,nan,0.8249316579362111,1.1458132079397414,nan,0.31660528918560726,0.45724053735874914,-6.321490287780762,1.722412109375,1.088681697845459,-7.14,2.04,1.65
1743703151.391075,2c08d2cc-7a1c-9d34-25ea-6265acb43d72,b2e59118-375d-ec22-52e7-5a0bd9dda883,25,-74.0,nan,-73.0,-56.0,-53.0,-53.0,-52.0,-3.076121235035176,nan,-3.008885205942273,-0.08170684750806706,2.402424890354446,2.795983473840794,-2.4827014473888114,0.25868538682603337,nan,0.7776207343290082,1.19412801011985,0.3039771854415045,0.280090765205486,0.47436395987231705,-6.332091808319092,1.7458103895187378,1.17134165763855,-7.14,2.04,1.65
1743703152.381616,2c08d2cc-7a1c-9d34-25ea-6265acb43d72,aaad5475-2447-bacc-731c-17819c97363a,13,-86.0,nan,-78.0,-57.0,-51.0,-58.0,-45.0,-2.9486887105587756,nan,-3.0576282444256657,-0.1197778005551858,2.297456719074068,2.77963629914806,-2.5416826744198655,0.3054193698725845,nan,0.7970358444659583,1.1659965068931248,0.27487294000254425,0.2620016284723782,0.35216658918517496,-6.3595991134643555,1.7879701852798462,1.271916151046753,-7.14,2.04,1.65
1743703153.316391,2c08d2cc-7a1c-9d34-25ea-6265acb43d72,311c6041-7b98-b04e-7afd-9b6072111f30,10,-80.0,nan,-78.0,-57.0,-56.0,-58.0,-45.0,-3.0663937728375528,nan,-3.0414024028521403,-0.1878497959142652,2.255222925044412,2.7078397418430242,-2.5889658059520007,0.36142551443889637,nan,0.9086184325566977,1.1520298248723133,0.45879696423529814,0.2545472305183318,0.39348352326144115,-6.395143508911133,1.8145759105682373,1.2735928297042847,-7.14,2.04,1.65
1743703154.365282,2c08d2cc-7a1c-9d34-25ea-6265acb43d72,23f8cecc-d496-c5e5-9a99-14bd6ed16313,14,nan,-76.0,-78.0,-57.0,nan,-59.0,nan,nan,-1.2166220007930408,-3.067616962726226,-0.3572063349029111,nan,2.74542872979979,nan,nan,1.1997787053207802,0.8654549828731296,1.1202023866847763,nan,0.2423378733199026,nan,nan,nan,nan,-7.14,2.04,1.65
1743703155.371919,2c08d2cc-7a1c-9d34-25ea-6265acb43d72,8ecf8f7c-7e9b-f44b-f5b9-a4c7e7126360,15,-84.0,-76.0,-79.0,-56.0,-50.0,-58.0,-46.0,-2.9492719428375027,-1.25980795418782,-3.069996763476321,-0.31448417101196896,2.2169658399131813,2.828856479225696,-2.602761745419793,0.45875020384362414,1.2788066790883363,0.8464000652736126,1.1241684993381766,0.28564830083324716,0.31660528918560726,0.3338028238584894,-6.436853885650635,1.8375564813613892,1.2539299726486206,-7.14,2.04,1.65
1743703156.316057,2c08d2cc-7a1c-9d34-25ea-6265acb43d72,8bc3065c-d2cf-ec4b-8731-a58fee783122,18,-79.0,nan,-75.0,-56.0,-47.0,-57.0,nan,-2.917044231538127,nan,-3.0189279864129617,0.11604937502907488,2.2698075906177917,2.890163888572528,nan,0.48413645403966826,nan,0.9263518896233174,1.1332216491477922,0.24215464689698832,0.44132260664577333,nan,-6.453962802886963,1.8791972398757935,1.3049030303955078,-7.14,2.04,1.65
1743703157.371898,2c08d2cc-7a1c-9d34-25ea-6265acb43d72,0ff9b846-a1bb-7193-09b4-ddc828ab57cb,18,-79.0,-78.0,-74.0,-55.0,-47.0,-56.0,-49.0,-2.9160367576977504,-1.2887087114954148,-2.8959416093764485,0.2487371152845288,2.313698014120044,2.9229015090885317,-2.5561492452457664,0.4624100529716655,1.464405704407321,0.8771489232196674,1.0838949789115082,0.21634497296108657,0.49598967562118934,0.37068560441699466,-6.441084384918213,1.9419485330581665,1.3514963388442993,-7.14,2.04,1.65
1743703158.382126,2c08d2cc-7a1c-9d34-25ea-6265acb43d72,5f8faf65-a7ad-0868-8304-8a0a8885ec27,36,-75.0,-67.0,-82.0,-59.0,nan,nan,nan,-2.9145515127578125,-1.337460538410405,-2.9197907495703253,0.06670606003597773,nan,nan,nan,0.4309915431695102,1.0884882660016222,0.8381476614247567,1.0129921764717291,nan,nan,nan,nan,nan,nan,-7.14,2.04,1.65
1743703159.315586,2c08d2cc-7a1c-9d34-25ea-6265acb43d72,1f42e806-48cc-9b25-8691-903f7a03e213,16,-79.0,-79.0,-77.0,-56.0,nan,nan,-47.0,-2.8697110705358213,-1.3575422377682023,-2.96412039749524,0.12936677837612512,nan,nan,-2.596212417425123,0.43425018707933116,1.1112420480391503,0.8492220173436877,1.0319214594468216,nan,nan,0.36370561892739084,nan,nan,nan,-7.14,2.04,1.65
1743703160.38325,2c08d2cc-7a1c-9d34-25ea-6265acb43d72,b8c6cf57-f567-f95d-4059-3c3e79421e63,35,-77.0,-68.0,-80.0,-59.0,-51.0,-56.0,-48.0,-2.8562288175172954,-1.2721105600014957,-2.9930585722161496,0.1620275196687479,2.2986203791504014,2.860264811872748,-2.539647332491917,0.42522696454246556,1.12062822614308,0.7317785440629835,1.0933454723557632,0.3268060417878828,0.37024322148796013,0.4285616420839113,-6.43844175338745,2.0217196941375732,1.27904999256134,-7.14,2.04,1.65
1743703161.316242,2c08d2cc-7a1c-9d34-25ea-6265acb43d72,b0697da3-0057-cb6d-94fa-1ee39ed5f286,33,-74.0,-68.0,-79.0,-57.0,-51.0,-58.0,-49.0,-2.894587924594361,-1.255690573984503,-3.0475111617605637,0.16550800489737244,2.2813173371642743,2.8105933543659054,-2.4932321826467305,0.4636429301088041,1.0030330858382959,0.7070399746440468,1.086952620738055,0.32084473511019385,0.31480779198642955,0.4466507468319483,-6.436396598815918,2.108426094055176,1.3492660522460938,-7.14,2.04,1.65
1743703162.371221,2c08d2cc-7a1c-9d34-25ea-6265acb43d72,052e5513-692b-0b2b-d5af-341353c9ee96,1,-72.0,-78.0,-85.0,-53.0,nan,nan,-47.0,-3.0135808915763005,-1.2841786744811896,-3.0514893917969244,0.27276095884591556,nan,nan,-2.6286829267403244,0.39482927767565124,1.1202833467819147,0.810660110549613,1.0243327153416133,nan,nan,0.46609024941547855,nan,nan,nan,-7.14,2.04,1.65
1743703163.315428,2c08d2cc-7a1c-9d34-25ea-6265acb43d72,8b5c1ae8-0d45-a0cf-fca2-17ed3d57a2aa,1,-71.0,-77.0,-90.0,-54.0,-49.0,-60.0,-47.0,-3.068706728244287,-1.3097109324839973,-3.089862879943876,0.35312157842294756,2.2871162398806506,2.652045532878087,-2.678191606712197,0.29996035569111285,1.2096140255425516,0.8001087328897462,0.9770907676066434,0.24690743252152775,0.2635453258468896,0.42765810501173546,-6.449523448944092,2.1764354705810547,1.3598023653030396,-7.14,2.04,1.65
1743703164.382458,2c08d2cc-7a1c-9d34-25ea-6265acb43d72,1e8a514d-8d57-e957-ad12-bee8f918b07e,3,-69.0,-80.0,-97.0,-55.0,-51.0,-59.0,-48.0,-3.066114407239203,-1.3145541572424158,3.0848257770581005,0.4159697833038365,2.2640832264315787,2.582939434026116,-2.724367853631522,0.24150726542572254,1.1775450386441446,0.7350323942828425,0.9748192909338875,0.3147941848051927,0.23852261592141116,0.4856578175972918,-6.458950996398926,2.2358696460723877,1.3568793535232544,-7.14,2.04,1.65
1743703165.371486,2c08d2cc-7a1c-9d34-25ea-6265acb43d72,a36baf0a-ed74-1b63-9dd7-0c75e2fe84aa,7,-71.0,-75.0,-81.0,-58.0,-51.0,-63.0,-46.0,-3.090229064593762,-1.343771697561675,-3.090733733620332,0.37752865086519677,2.2414153559784937,2.585112678520535,-2.759618094318326,0.1901313925991633,1.0343103815236498,0.8784864292981325,0.9815261292441158,0.4806805476136677,0.22371259448487515,0.5086264940497297,-6.463783264160156,2.27942419052124,1.4106351137161255,-7.14,2.04,1.65
1743703166.382421,2c08d2cc-7a1c-9d34-25ea-6265acb43d72,3e208a45-460a-c657-1d91-c5a568706387,12,-89.0,-73.0,-79.0,-58.0,-53.0,nan,nan,3.134203446829259,-1.3442802281718256,-3.1177499049825315,0.278657996447678,2.2022566132088093,nan,nan,0.17841474880433242,1.0149341535386147,0.883528991664143,1.025674083003659,0.5032163483755813,nan,nan,nan,nan,nan,-7.14,2.04,1.65
1743703167.365018,2c08d2cc-7a1c-9d34-25ea-6265acb43d72,479aef7e-b72d-e7d7-786a-059dceaa4a59,29,-73.0,-75.0,-77.0,-56.0,-54.0,-58.0,-50.0,-3.1384453298135377,-1.35567576131822,-3.0672723496811694,0.08708856343889919,2.2794366896638367,2.6561881885648875,-2.5909678803342873,0.20407448899957087,1.1366109211090816,0.889443339812991,1.141887841651019,0.37275961400011975,0.23270397633513532,0.4572405373602211,-6.480154514312744,2.3079347610473633,1.4481178522109985,-7.14,2.04,1.65
1743703168.422604,2c08d2cc-7a1c-9d34-25ea-6265acb43d72,a5ec87df-37b2-1c1f-0cd1-938eb5198537,5,nan,nan,nan,nan,nan,-58.0,nan,nan,nan,nan,nan,nan,2.6383916554675,nan,nan,nan,nan,nan,nan,0.23056093672496633,nan,nan,nan,nan,-7.14,2.04,1.65
1743703169.31594,2c08d2cc-7a1c-9d34-25ea-6265acb43d72,8c0c7129-dc44-afd7-709f-ad1c91c69dee,22,nan,-80.0,-74.0,-57.0,-51.0,-54.0,-52.0,nan,-1.3369324335662423,-3.012707641054863,0.16800232157434064,2.3322439896047324,2.7633250930831386,-2.5212364344063434,nan,1.1230576948475048,0.8733677671039729,1.2511883670036699,0.2849072609456239,0.24404362048192765,0.42370635403596746,-6.522369384765625,2.3378896713256836,1.44616436958313,-7.14,2.04,1.65
1743703170.371742,2c08d2cc-7a1c-9d34-25ea-6265acb43d72,1f254503-cc4b-bf93-cf78-17ce43e7cb6b,15,nan,-75.0,-80.0,-57.0,-49.0,-60.0,nan,nan,-1.3349302690587206,-2.9635446220675647,0.1539823763317275,2.2009779673568866,2.799161876913523,nan,nan,1.069148190428385,0.8384638452251766,1.2137274110042333,0.2224637652595629,0.2472290601834482,nan,-6.5360517501831055,2.368575096130371,1.3518844842910767,-7.14,2.04,1.65
1743703171.365555,2c08d2cc-7a1c-9d34-25ea-6265acb43d72,0915a044-3941-e6f6-241f-58cf50626c2f,19,nan,-80.0,-76.0,-57.0,-50.0,-55.0,-48.0,nan,-1.3766930291669617,-2.9249554178723165,0.08894052566094028,2.2789567841173315,2.8751579924588113,-2.479878426352207,nan,1.1655596153162973,0.8385288263557743,1.2199437616206967,0.20827524696590222,0.405692154210457,0.4274139566790171,-6.567858695983887,2.392094612121582,1.17606246471405,-7.14,2.04,1.65
1743703172.36528,2c08d2cc-7a1c-9d34-25ea-6265acb43d72,a2820de0-9aee-662c-5922-268bdedd56e0,30,nan,-74.0,-76.0,-57.0,-53.0,-61.0,-50.0,nan,-1.263517071796028,-2.9532986424057026,0.06123113346699283,2.2763894621370118,2.8105933543659054,-2.4484132382205868,nan,1.0689699583724315,0.8733411354930721,1.3225349852391104,0.28108030861849875,0.31480779198642955,0.403042889366969,-6.590758800506592,2.39956283569336,1.0197926759719849,-7.14,2.04,1.65
1743703173.365292,2c08d2cc-7a1c-9d34-25ea-6265acb43d72,032a0a5f-d6cb-ed41-20a6-8d08a3f3fe64,8,-73.0,-78.0,-80.0,-58.0,-54.0,-63.0,-44.0,-2.9505356127747455,-1.2753686712790986,-2.9106116322411495,0.041835331247945744,2.2340046785300975,2.6879027921089436,-2.576710587501078,0.3292498346493179,0.9783593643919025,0.8622129171410943,1.2965365408874843,0.4206018760782276,0.26818188732024484,0.4378839886243441,-6.57781171798706,2.38256025314331,0.9624817967414856,-7.14,2.04,1.65
1743703174.371906,2c08d2cc-7a1c-9d34-25ea-6265acb43d72,54a6e81d-6de3-25c3-28a8-494d26a0f39a,3,-69.0,-83.0,nan,-54.0,-50.0,-57.0,-47.0,-2.995220260072967,-1.3111895195212093,nan,0.015975770747167335,2.3569606226810844,2.6541879843930714,-2.6817871951193943,0.2512683167425946,1.056844652508328,nan,1.291621543937689,0.5514842793772273,0.24813311629832843,0.49393594531949814,-6.603516101837158,2.3491978645324707,0.8722774386405945,-7.14,2.04,1.65
1743703175.315489,2c08d2cc-7a1c-9d34-25ea-6265acb43d72,5f3be950-1c84-b490-eb39-2395b415ead7,16,-81.0,-78.0,nan,-57.0,-51.0,-56.0,-46.0,-3.036706717218112,-1.3476320827197992,nan,-0.00964730104881204,2.2596209205963893,2.806668475919549,-2.622126055620606,0.28333450732185717,1.083098360850438,nan,1.2636986993823713,0.3259182547910782,0.34779767513388177,0.4164413316229233,-6.613850116729736,2.358085870742798,0.8070173263549805,-7.14,2.04,1.65
1743703176.372567,2c08d2cc-7a1c-9d34-25ea-6265acb43d72,44db58d5-9e83-77fc-c24e-16ce5c891420,23,-77.0,-81.0,nan,-56.0,-52.0,-54.0,-52.0,-3.140551623919681,-1.3004344766169789,nan,-0.10071835558181572,2.321857429758642,2.866972611449167,-2.50921719077795,0.4179254756503362,0.9706632948947643,nan,1.3055264406212104,0.25619791660460933,0.303107513081985,0.32988135858171747,-6.639702796936035,2.3789350986480713,0.8611719012260437,-7.14,2.04,1.65
1743703177.37797,2c08d2cc-7a1c-9d34-25ea-6265acb43d72,08abecff-5a78-91cc-4a1c-986b697e8fcd,13,-90.0,-74.0,nan,-58.0,-50.0,-57.0,-45.0,-3.119287081563726,-1.3134006090162478,nan,-0.1592463805423781,2.245648637795417,2.77963629914806,-2.5236118280520365,0.5069180994001012,0.9769019494853566,nan,1.2408418530106573,0.25923654809013835,0.2620016284723782,0.34810603181334027,-6.67713737487793,2.411649703979492,0.8465970158576965,-7.14,2.04,1.65
1743703178.314792,2c08d2cc-7a1c-9d34-25ea-6265acb43d72,0ba2ac7c-1875-4585-6d88-0fc7f5919b61,14,-88.0,-81.0,nan,-57.0,-51.0,-58.0,-46.0,-3.0574498126326306,-1.3206188408347983,nan,-0.16426936867437653,2.2212674654561124,2.77963629914806,-2.5452142230490176,0.44771529599834,1.134977870728645,nan,1.2245128139448909,0.21693783988663567,0.2620016284723782,0.33774336288359835,-6.70121669769287,2.4606199264526367,0.879974365234375,-7.14,2.04,1.65
1743703179.31505,2c08d2cc-7a1c-9d34-25ea-6265acb43d72,ef1536b9-9502-3033-a1a4-0ffb6954995c,14,nan,-76.0,-75.0,-57.0,nan,nan,nan,nan,-1.3054641226517025,-3.0917015263604664,-0.11918018720657203,nan,nan,nan,nan,1.1493934285511895,0.8230689764907826,1.1820508408924497,nan,nan,nan,nan,nan,nan,-7.14,2.04,1.65
1743703180.315878,2c08d2cc-7a1c-9d34-25ea-6265acb43d72,47aa102a-27a5-7898-a064-1d62f6297a35,5,nan,nan,nan,-55.0,nan,nan,-52.0,nan,nan,nan,-0.09506046984594237,nan,nan,-2.659440547953248,nan,nan,nan,1.2624777731806243,nan,nan,0.42405001774165196,nan,nan,nan,-7.14,2.04,1.65
1743703181.316539,2c08d2cc-7a1c-9d34-25ea-6265acb43d72,b7582ea2-eaac-f64c-af42-1235ab7c513b,17,-75.0,-81.0,-75.0,-57.0,-51.0,nan,nan,-3.041227699484631,-1.3145279251056783,-3.1047614020301064,-0.05599775560887813,2.2270694452519706,nan,nan,0.4388615836648579,1.2382193051272017,0.7096090595686191,1.1755852183979552,0.1957178150385102,nan,nan,nan,nan,nan,-7.14,2.04,1.65
1743703182.365158,2c08d2cc-7a1c-9d34-25ea-6265acb43d72,e051f6b3-f3d2-bb56-0cb5-9892acafb840,36,-75.0,-67.0,-80.0,-58.0,-50.0,-57.0,-47.0,-3.03537859878249,-1.316586149154146,-3.081807083962495,-0.03859213367244725,2.2451233754019952,2.7812363295360294,-2.614089424684412,0.41035963473050285,1.1115833321328439,0.7009132393982651,1.1265203368968257,0.3589113092324088,0.24567421095566888,0.4466743192678687,-6.6798553466796875,2.5139880180358887,0.86558598279953,-7.14,2.04,1.65
1743703183.366476,2c08d2cc-7a1c-9d34-25ea-6265acb43d72,5999ae11-c4fd-ed02-76de-766acac4f02b,28,-73.0,-76.0,-75.0,-56.0,-57.0,-57.0,-51.0,-3.0797218288289634,-1.3008861487378562,-3.0462056801942072,-0.07483615821177164,2.26223451925484,2.70968276640744,-2.516558103449,0.44325383538218466,1.180955615894154,0.7465158117452096,1.2125991628084214,0.365884631348916,0.23870337208164263,0.4378839886229148,-6.684232234954834,2.559434175491333,0.904934048652649,-7.14,2.04,1.65
1743703184.315417,2c08d2cc-7a1c-9d34-25ea-6265acb43d72,15d7a559-07d4-99e4-a662-d2549182e265,1,-75.0,-84.0,-79.0,-54.0,-54.0,-60.0,-48.0,-2.943249204032289,-1.266077967500248,-2.9789914890222424,-0.053767091879827755,2.272153136334974,2.2026751500750383,-2.6476635600981275,0.3890967568502285,1.11301118595129,0.7976256014893564,1.1920530081565148,0.34349190371640403,0.9025114294692649,0.47030017732390095,-6.67899751663208,2.598177909851074,0.939592480659485,-7.14,2.04,1.65
1743703185.315724,2c08d2cc-7a1c-9d34-25ea-6265acb43d72,b43cfaba-286e-af70-ca0a-a0a7b8e34339,36,-81.0,-68.0,-79.0,-59.0,nan,nan,nan,-2.968821409451448,-1.2472596717635849,-3.0076404444487697,0.05982338651477695,nan,nan,nan,0.4224784491394493,1.1600366186896367,0.7925855691263813,1.123824818399502,nan,nan,nan,nan,nan,nan,-7.14,2.04,1.65
1743703186.315662,2c08d2cc-7a1c-9d34-25ea-6265acb43d72,903832ee-1532-7cfd-ee0e-14793075c5fc,7,nan,nan,nan,-57.0,-50.0,nan,-46.0,nan,nan,nan,0.033218407224885366,2.1838922909675964,nan,-2.7321365243433555,nan,nan,nan,1.1809434985111946,0.584712473475971,nan,0.5372708709900371,nan,nan,nan,-7.14,2.04,1.65
1743703187.383031,2c08d2cc-7a1c-9d34-25ea-6265acb43d72,89513889-58dc-f403-09fd-3edd0c43ba54,36,-78.0,-67.0,-79.0,-59.0,-50.0,-57.0,-48.0,-2.970564981017122,-1.2334015135571939,-3.0181005422622738,0.02987454216018187,2.194384443978889,2.608607656080061,-2.658142476846395,0.3711702206045781,1.0928985273458207,0.6886439896772427,1.106367065084733,0.5438679928897621,0.6426760463739305,0.5053404172748517,-6.701740264892578,2.6353185176849365,1.1039613485336304,-7.14,2.04,1.65
1743703188.316695,2c08d2cc-7a1c-9d34-25ea-6265acb43d72,684d8df9-f999-64a0-6c86-3d84b64f2d03,9,-73.0,-73.0,-78.0,-59.0,-51.0,-58.0,-44.0,-3.0097818922813024,-1.2749806487082742,-3.0566418095579007,0.05076304617021837,2.209918109460425,2.599558413287023,-2.6683839518945898,0.3668841624357182,0.9599866820846367,0.7162361362041995,1.1582605565586626,0.6695795334200553,0.4274139566818242,0.5407041056659799,-6.746394157409668,2.67933177947998,1.2848055362701416,-7.14,2.04,1.65
1743703189.31574,2c08d2cc-7a1c-9d34-25ea-6265acb43d72,a80baa5c-739f-6546-361f-894c12f77659,27,-77.0,-80.0,-74.0,-56.0,nan,nan,nan,-2.8726389498382545,-1.2631972261491093,-3.0491567289981236,0.12792627454250124,nan,nan,nan,0.35147411368311093,0.9942613655768746,0.7441068493811784,1.1946463944260337,nan,nan,nan,nan,nan,nan,-7.14,2.04,1.65
1743703190.318135,2c08d2cc-7a1c-9d34-25ea-6265acb43d72,b1b8ea91-ee02-0854-cc37-633d3c0893ba,24,-78.0,-85.0,-73.0,-56.0,-56.0,-54.0,-54.0,-3.0157364541626106,-1.2537573853492148,-3.0693232500366396,0.07390005708860878,2.3324995855985104,2.6057848421812997,-2.5251701845601127,0.4078195449722989,0.8940141897709212,0.7602952069623613,1.3090065263756714,0.4356813963978915,0.3188088659532153,0.47150711373906923,-6.7707719802856445,2.7361669540405273,1.459795594215393,-7.14,2.04,1.65
1743703191.372141,2c08d2cc-7a1c-9d34-25ea-6265acb43d72,b05d688f-e6fb-8139-30f1-4762a5fc7f1c,26,-80.0,-85.0,-73.0,-56.0,-57.0,-53.0,-52.0,-3.0042435824783733,-1.2562726078407398,-3.013913520396451,0.068933261655611,2.3594621510830667,2.5959966816556435,-2.4616720776652454,0.47377352831643826,0.8869004870251561,0.7741429122614736,1.3294771804106744,0.3194733207224177,0.2709185204790966,0.4219892663489362,-6.806554317474365,2.7727108001708984,1.6135451793670654,-7.14,2.04,1.65
1743703192.372918,2c08d2cc-7a1c-9d34-25ea-6265acb43d72,985ef3ac-dc66-2a93-bf2d-84df00114b4a,15,nan,-81.0,-75.0,-57.0,-51.0,-55.0,-45.0,nan,-1.2685294072836661,-2.982777705144008,0.02856240269109983,2.3077125740504814,2.7306466951451904,-2.5299898662952613,nan,0.9680996028713995,0.8087829814552705,1.2626440875907,0.23988112345181378,0.35472146592593906,0.39521408423984306,-6.805322170257568,2.8105838298797607,1.4936589002609253,-7.14,2.04,1.65
1743703193.371379,2c08d2cc-7a1c-9d34-25ea-6265acb43d72,095f2bef-0ea2-4a99-7104-8a9a40bbf59a,33,-74.0,-69.0,-80.0,-57.0,-51.0,-63.0,-50.0,-2.998610996772856,-1.2620812284943117,-3.0596991184893114,-0.09857637511706498,2.2763894621370118,2.6834186309169406,-2.4748881446370397,0.4615434936424674,1.027774118681241,0.7496006178148756,1.228907296059631,0.28108030861849875,0.2995234982508454,0.44115693144888446,-6.78434658050537,2.8358383178710938,1.412197470664978,-7.14,2.04,1.65
1743703194.316146,2c08d2cc-7a1c-9d34-25ea-6265acb43d72,9d7533c4-075d-f51a-b15d-c68defbd9591,14,-87.0,-79.0,-75.0,-57.0,-50.0,-56.0,-45.0,-3.0458237828938897,-1.305833369936842,-3.115572770791392,-0.16163124129854411,2.2380793558201253,2.7238482705355382,-2.5299898662952613,0.3719321842819634,1.0763913893821555,0.7995637169726615,1.2393014806361553,0.28094375522315485,0.2724891448196867,0.39521408423984306,-6.759215831756592,2.842534303665161,1.3231185674667358,-7.14,2.04,1.65
1743703195.365592,2c08d2cc-7a1c-9d34-25ea-6265acb43d72,28e0a9db-ee98-668d-3fc3-03edd57af396,18,-76.0,-83.0,-75.0,-56.0,-50.0,-56.0,-47.0,-3.0839410749439757,-1.314035107145959,-3.0192150751784723,-0.1071000885019726,2.2903494338309867,2.8302379443863854,-2.475532529206987,0.4743263672692251,1.0920161554976502,0.8294903239321545,1.1102910997929103,0.23542591915983813,0.45159776121531553,0.3810412562080409,-6.74464511871338,2.8474559783935547,1.2462613582611084,-7.14,2.04,1.65
1743703196.32151,2c08d2cc-7a1c-9d34-25ea-6265acb43d72,bef11b47-e349-83a3-2716-43edb84d0c67,9,nan,-72.0,-72.0,-58.0,-51.0,-57.0,-45.0,nan,-1.2905512194955857,-2.985194790149364,-0.11992400809903116,2.251011303590342,2.696591581895118,-2.5675581009211297,nan,0.9958097940136742,0.8657236958271184,1.1397115064082064,0.4286319892260177,0.33353516514157017,0.46728325154611305,-6.7198944091796875,2.8489108085632324,1.1914384365081787,-7.14,2.04,1.65
1743703197.366101,2c08d2cc-7a1c-9d34-25ea-6265acb43d72,bcb588ff-05e4-4b7d-6dcf-224e16f4cbe9,13,-85.0,-78.0,-73.0,-58.0,-52.0,nan,nan,3.102633270003024,-1.2866144016141765,-2.998512992444741,-0.18142012609448688,2.2277488610673433,nan,nan,0.34002485126172405,1.015268979466665,0.8415715544802171,1.0912051563666938,0.43130411483625636,nan,nan,nan,nan,nan,-7.14,2.04,1.65
1743703198.383552,2c08d2cc-7a1c-9d34-25ea-6265acb43d72,ebfbac54-827b-9874-6984-74b03617c5eb,32,-73.0,-73.0,-78.0,-57.0,-51.0,-64.0,-51.0,-3.123644812055422,-1.2900239135997502,-3.018972194887057,-0.3492938169881767,2.2175804376942554,2.6677319111319604,-2.488076537572921,0.2743437254160201,1.0733111106863424,0.8193035330255196,1.1497676026843455,0.37302562754152624,0.28144349072058883,0.4605352889402913,-6.71965742111206,2.829343318939209,1.2616095542907715,-7.14,2.04,1.65
1743703199.31608,2c08d2cc-7a1c-9d34-25ea-6265acb43d72,3d03ff58-1773-b84b-cfe6-dc32adcac78d,36,-75.0,-69.0,-79.0,-59.0,-50.0,-58.0,-49.0,-3.1083798390031965,-1.2936896216821898,-3.0597036458631646,-0.2242562732800844,2.2277488610673433,2.7238482705355382,-2.5065721793205626,0.28509552259267207,1.1117571033939717,0.80577993443107,1.1112993725816145,0.43130411483625636,0.2724891448196867,0.46609024941250066,-6.7280683517456055,2.7962615489959717,1.232691764831543,-7.14,2.04,1.65
1743703200.372205,2c08d2cc-7a1c-9d34-25ea-6265acb43d72,3c88ca59-28c4-9a39-af24-30812085a4ef,28,-75.0,-77.0,-74.0,-56.0,nan,nan,nan,-3.006379970304835,-1.2991349871630749,-3.0335114565422354,-0.25958576830107555,nan,nan,nan,0.311231852109737,1.2057030403237157,0.8032009958104644,1.2405675474183793,nan,nan,nan,nan,nan,nan,-7.14,2.04,1.65
1743703201.382782,2c08d2cc-7a1c-9d34-25ea-6265acb43d72,ca8eecd1-e19a-b5d9-5dca-29a403445792,3,-69.0,-81.0,-78.0,-55.0,-50.0,-57.0,-47.0,-3.0119877886122146,-1.295758365216963,-3.0184890974653165,-0.260811088718621,2.2414153559784937,2.6541879843930714,-2.63414837676937,0.23868289986590946,1.1039349997982453,0.8333564348866225,1.2852568552485084,0.4806805476136677,0.24813311629832843,0.5162365108187835,-6.728455066680908,2.7544162273406982,1.207703709602356,-7.14,2.04,1.65
1743703202.316321,2c08d2cc-7a1c-9d34-25ea-6265acb43d72,1029ca5b-1252-a0a0-1377-74808f15c353,5,-72.0,-81.0,-77.0,-56.0,-50.0,-57.0,-48.0,-3.033315181569897,-1.307783070170889,-2.950882356348674,-0.37412353309542146,2.243973611767496,2.6383916554675,-2.7079611632143217,0.1687224070435844,1.044174663622276,0.8392028058486461,1.2843282109763976,0.6056322190099516,0.23056093672496633,0.5492545265507427,-6.709124565124512,2.698455333709717,1.1636961698532104,-7.14,2.04,1.65
1743703203.373016,2c08d2cc-7a1c-9d34-25ea-6265acb43d72,7b130fde-ffb0-bbd3-0b4c-b4e215c57e54,15,-89.0,-78.0,-74.0,-56.0,-51.0,-57.0,-45.0,-2.97300310499509,-1.3471975879879527,-2.954612646087548,-0.3621108123664011,2.2171205910353424,2.7616609437054644,-2.6328943079338534,0.18012454815843376,1.0806636324028605,0.8372606290446786,1.233470755745536,0.4124647387402153,0.26025776020218,0.450864713654257,-6.66263771057129,2.625835418701172,1.0061633586883545,-7.14,2.04,1.65
1743703204.316851,2c08d2cc-7a1c-9d34-25ea-6265acb43d72,b0a598bd-b68c-c53b-0366-5e8464a60627,7,-73.0,-76.0,-76.0,-57.0,-50.0,-60.0,-46.0,-2.9953318465226415,-1.369103286376345,-2.935876775186622,-0.42459949050012924,2.2190394592256943,2.691834183537579,-2.7123494337880465,0.10369684326733873,1.0837918479982949,0.8973616501030963,1.2463868207163113,0.5746031554522363,0.23677591067730525,0.5334004471384891,-6.631299018859863,2.5362884998321533,0.9776177406311035,-7.14,2.04,1.65
1743703205.366335,2c08d2cc-7a1c-9d34-25ea-6265acb43d72,bb7de00b-366c-f088-6e2f-859a794569c9,24,-75.0,-87.0,-72.0,-55.0,-55.0,-56.0,-53.0,-3.01511647026084,-1.374126141350289,-2.9204597356361535,-0.49675517707473615,2.3535381942903704,2.0972599756968613,-2.54883559206815,0.24245949531823718,0.9643205772845772,0.8182749536335038,1.3326142510167334,0.5188838770373372,0.99679143585773,0.46233151338208733,-6.602967739105225,2.438978433609009,0.9419314861297607,-7.14,2.04,1.65
1743703206.315213,2c08d2cc-7a1c-9d34-25ea-6265acb43d72,820b21bc-92cb-7f14-7bfc-b06a35385e94,20,-75.0,-81.0,-73.0,-57.0,-51.0,-57.0,-51.0,-2.9987039410948997,-1.3948102477466617,-2.8868335984483773,-0.4764051642371137,2.3861876364720738,2.6662293072815246,-2.479878426352207,0.18748640758352383,0.9724148559437094,0.8634305143914784,1.315137389521143,0.35519894621740616,0.7267750543787763,0.4274139566790171,-6.5712080001831055,2.351109266281128,0.8566096425056458,-7.14,2.04,1.65
1743703207.31526,2c08d2cc-7a1c-9d34-25ea-6265acb43d72,c563c909-c319-9798-1526-9646747a4b4f,13,-95.0,-77.0,-72.0,-58.0,-51.0,-58.0,-44.0,-3.018513065915127,-1.5020098053153488,-2.9333142815857483,-0.4532119606197226,2.285622463019579,2.705078300357774,-2.5117673604380526,0.16611282542568623,0.9722077285899285,0.8086174659935221,1.2481241338534246,0.3094325508712855,0.4820447900928687,0.3906055999876478,-6.56760311126709,2.2622411251068115,0.785030961036682,-7.14,2.04,1.65
1743703208.367199,2c08d2cc-7a1c-9d34-25ea-6265acb43d72,57219b06-ddd8-b86d-87df-d5bf3a782746,25,-75.0,-91.0,-71.0,-56.0,nan,-53.0,nan,-3.048718638998806,-1.4112615259064625,-2.9412222721266295,-0.5280249493300105,nan,2.636044642436974,nan,0.2871045447400006,1.1848628726874644,0.8589992140746685,1.3539502992479575,nan,0.35559049985216074,nan,-6.57936668395996,2.179116725921631,0.7645859718322754,-7.14,2.04,1.65
1743703209.319631,2c08d2cc-7a1c-9d34-25ea-6265acb43d72,82e394a8-515d-7514-f278-669c731bf4d4,7,-73.0,-75.0,-75.0,-57.0,-50.0,nan,-46.0,-3.0548433768737704,-1.4784189917472088,-2.8613961489803765,-0.529285423473945,2.2757422030824865,nan,-2.6388569961326005,0.22753146207817745,1.2182876748968308,0.8886898649615802,1.3302574866100676,0.4980169261743148,nan,0.5009624613439587,-6.5700812339782715,2.104846239089966,0.7736820578575134,-7.14,2.04,1.65
1743703210.382498,2c08d2cc-7a1c-9d34-25ea-6265acb43d72,e9f2f0fc-fea7-411c-8502-1f2b807c3141,22,-73.0,-81.0,-72.0,-57.0,-49.0,-54.0,-52.0,-3.1244006171727867,-1.4970011982532367,-2.8603617772129892,-0.5467464391610496,2.3464062388416598,2.665356596342168,-2.5212364344063434,0.2827472803014947,1.1999439544664194,0.8850245563533042,1.3457364446558806,0.3563814689098231,0.29696428374695444,0.42370635403596746,-6.540193557739258,2.036410093307495,0.736572504043579,-7.14,2.04,1.65
1743703211.316321,2c08d2cc-7a1c-9d34-25ea-6265acb43d72,ee14bfd8-8b4e-1084-2e2d-0fd595c61b99,25,-75.0,-85.0,-74.0,-55.0,-56.0,-52.0,-52.0,-3.131566384717863,-1.447727391764591,-2.9164644613688164,-0.5326958675659005,2.356765382785963,2.5984347132229733,-2.4616720776652454,0.4145754853151255,1.3848702652940499,0.8625502064931528,1.3708740221851388,0.26519113514515136,0.2559879865182337,0.4219892663489362,-6.50840711593628,1.9701926708221436,0.6693192720413208,-7.14,2.04,1.65
1743703212.367541,2c08d2cc-7a1c-9d34-25ea-6265acb43d72,5d44a7d9-9ec6-4535-ecb4-f3ae2519e388,4,-71.0,-75.0,-80.0,-55.0,-51.0,-57.0,-47.0,-3.0932677313975425,-1.2919788069979228,-2.9401916287847687,-0.5220035421053414,2.314118133434532,2.6363441713747244,-2.619665388514949,0.2967370652447627,1.1728425619493368,0.833015750004174,1.3888725969382756,0.3862042947078321,0.24584225311388908,0.49642858902705955,-6.47776174545288,1.909927248954773,0.6501927375793457,-7.14,2.04,1.65
1743703213.316287,2c08d2cc-7a1c-9d34-25ea-6265acb43d72,36cb903c-9503-9973-05ff-82f323d99473,34,-78.0,-68.0,-76.0,-58.0,nan,-63.0,nan,-3.1107639008110355,-1.2301087811854199,-2.964094298516557,-0.39794897115559735,nan,2.67400250712026,nan,0.27922080560979584,1.1096585324549892,0.780254733805151,1.3175161250068013,nan,0.2347758769924322,nan,nan,nan,nan,-7.14,2.04,1.65
1743703214.37274,2c08d2cc-7a1c-9d34-25ea-6265acb43d72,812a15f5-e5dd-1e06-b2a1-fdc765895fb3,26,-76.0,-83.0,-72.0,-56.0,-54.0,-52.0,-52.0,-3.1296592950612574,-1.2596011597291754,-2.944751759519311,-0.40935875221382384,2.389742618151856,2.585112678520535,-2.516558103449,0.3026156604559763,1.2617227670115871,0.8423757625503938,1.3140677308693125,0.39908236509574974,0.22371259448487515,0.4378839886229148,-6.465932846069336,1.8513346910476685,0.6866708397865295,-7.14,2.04,1.65
1743703215.384547,2c08d2cc-7a1c-9d34-25ea-6265acb43d72,99c1ec6c-9249-ef4b-f338-6bc387fafbec,35,-80.0,-69.0,-79.0,-59.0,-50.0,-59.0,-50.0,3.112183898304266,-1.303247706834484,-2.9766748051899823,-0.34904720827123537,2.32651028256919,2.6561881885648875,-2.5065721793205626,0.2646203911180863,1.1104930339825654,0.7516307455138431,1.2634041537658085,0.4476892111434406,0.23270397633513532,0.46609024941250066,-6.46351718902588,1.8051395416259766,0.720388174057007,-7.14,2.04,1.65
1743703216.372915,2c08d2cc-7a1c-9d34-25ea-6265acb43d72,c062dcc9-c91d-8874-46f1-df3be9b97483,2,nan,-79.0,nan,-54.0,-50.0,nan,-47.0,nan,-1.3227371191658475,nan,-0.3864574310519054,2.2380793558201253,nan,-2.63414837676937,nan,1.1127117800657376,nan,1.2407070970594993,0.28094375522315485,nan,0.5162365108187835,-6.486895561218262,1.7964614629745483,0.7720534205436707,-7.14,2.04,1.65
1743703217.372078,2c08d2cc-7a1c-9d34-25ea-6265acb43d72,6e1c86a9-7ac9-b398-4beb-95cf87b74941,31,-75.0,-74.0,-77.0,-57.0,nan,nan,nan,3.108040552280321,-1.2867784523373254,-2.9969100357846226,-0.3204829413673725,nan,nan,nan,0.26669567604228733,1.1963064758915347,0.7619749958199288,1.258336957159715,nan,nan,nan,nan,nan,nan,-7.14,2.04,1.65
1743703218.372456,2c08d2cc-7a1c-9d34-25ea-6265acb43d72,c7c783a0-a3ff-a7ec-3599-f61cfc0f5d44,7,-74.0,-73.0,-82.0,-57.0,-50.0,-61.0,-46.0,3.109625133128918,-1.2628707225994658,-2.8730038029075957,-0.3677660349411843,2.2484318844849844,2.6028535343036556,-2.7079611632143217,0.2546176412875327,1.0057446498811873,0.767021153453411,1.218857724528162,0.46978569167294576,0.2260644632711081,0.5492545265507427,-6.509767532348633,1.7940088510513306,0.7618858814239502,-7.14,2.04,1.65
1743703219.316887,2c08d2cc-7a1c-9d34-25ea-6265acb43d72,a5b08e4c-29e1-2b08-bf1c-95d0b50a9cce,30,-72.0,-75.0,-75.0,-57.0,-53.0,-59.0,-51.0,-3.0772679922005644,-1.2603637559073197,-2.93805177884889,-0.44813224715650546,2.2458983095525893,2.6028535343036556,-2.54883559206815,0.2975852820519529,1.2105195003131786,0.7704039672490569,1.2673215305712606,0.39894676315430255,0.2260644632711081,0.46233151338208733,-6.512227535247803,1.7876240015029907,0.8159804940223694,-7.14,2.04,1.65
1743703220.316608,2c08d2cc-7a1c-9d34-25ea-6265acb43d72,70ad94ce-3f82-dcd7-fa9b-9e93c6b7671e,14,-92.0,-79.0,-75.0,-57.0,-50.0,-57.0,-44.0,-2.9946495446513626,-1.2700379548831415,-2.942453717814682,-0.4061829326139043,2.2084356844494004,2.70968276640744,-2.5482816651092497,0.22999811516932248,1.1631839424658923,0.77146410509999,1.2423832906495953,0.3065491892108318,0.23870337208164263,0.39970413030851576,-6.514344215393066,1.785252332687378,0.9556580781936646,-7.14,2.04,1.65
1743703221.316649,2c08d2cc-7a1c-9d34-25ea-6265acb43d72,97a73369-3429-1bd0-38c3-2755731eef49,8,-76.0,-73.0,-79.0,-58.0,-50.0,-57.0,-44.0,-3.0177596576427437,-1.3077485822347725,-2.9452700106674405,-0.6048257214779337,2.2098956681943043,2.6383916554675,-2.6625310793096855,0.16321522293589594,1.0349229085743679,0.8148579847968775,1.2760417852446162,0.4928592705180706,0.23056093672496633,0.48986944804807175,-6.524580001831055,1.7852065563201904,0.9738923907279968,-7.14,2.04,1.65
1743703222.38352,2c08d2cc-7a1c-9d34-25ea-6265acb43d72,e18be6c9-8523-e160-b190-596ae7e90ebc,30,-71.0,-75.0,-75.0,-57.0,-53.0,-59.0,nan,-2.9999412457373507,-1.3035549024662247,-2.9029957904718504,-0.5309805255077805,2.261791935925062,2.6206133111603007,nan,0.17320405774975386,1.1815349865893015,0.8810663000251194,1.3388303353170872,0.44771790632629405,0.2283475083923598,nan,-6.54216718673706,1.7848511934280396,1.0009952783584595,-7.14,2.04,1.65
1743703223.373468,2c08d2cc-7a1c-9d34-25ea-6265acb43d72,0e6f67d0-4fa0-0fb7-bd69-5aea7b071279,27,-73.0,-79.0,-74.0,-56.0,-57.0,-55.0,-53.0,-2.982059450598013,-1.3212450831651306,-2.904236823539827,-0.48667857445820334,2.320711500834174,2.585112678520535,-2.5116718391814663,0.182484907832571,0.9356337383915433,0.8986361058427537,1.356262855180528,0.41670069538204885,0.22371259448487515,0.45201278576404247,-6.55121088027954,1.7797598838806152,1.0576646327972412,-7.14,2.04,1.65
1743703224.315905,2c08d2cc-7a1c-9d34-25ea-6265acb43d72,11b873cc-140c-2614-4366-4d74fb4c9a0b,1,-72.0,-82.0,-91.0,-53.0,-52.0,-57.0,-47.0,-3.015053353343005,-1.3459371138440182,-2.9320133273932445,-0.5126910004055523,2.301838195070144,1.8594330078186503,-2.6433598525524262,0.14241768252184248,0.9552325400646817,0.8843752776795429,1.3484535347580338,0.3679140947667601,0.9293841398679906,0.4856496814790136,-6.556684494018555,1.7703912258148193,1.0946588516235352,-7.14,2.04,1.65
1743703225.372563,2c08d2cc-7a1c-9d34-25ea-6265acb43d72,d48a2381-f236-5991-ccf2-4cf9aa8e419c,29,-75.0,-75.0,-74.0,-57.0,-55.0,-59.0,-50.0,-3.1008793121090976,-1.304794470795602,-2.952042695635621,-0.4348169743383273,2.2853995257023123,2.3806680623588,-2.5302065479616473,0.16809604819995466,1.0881955180187952,0.879636182519747,1.3764619999423975,0.4443586694780055,0.660313930408187,0.45724053735874914,-6.554248332977295,1.7625375986099243,1.1058392524719238,-7.14,2.04,1.65
1743703226.368133,2c08d2cc-7a1c-9d34-25ea-6265acb43d72,547837a9-0b6a-bdb6-9c28-38fa8e362f4b,19,-74.0,-84.0,-75.0,-56.0,-50.0,-56.0,-49.0,-3.0485455335279505,-1.3194166899187367,-3.0213908777890666,-0.39183834803441053,2.412381552264293,2.5930837437205643,-2.471113675663618,0.2313474057356111,1.1163953313274808,0.8718742663646565,1.333036095733402,0.3346473206000399,0.7236919187369142,0.39474042652282476,-6.544443607330322,1.748594880104065,1.1190685033798218,-7.14,2.04,1.65
1743703227.317856,2c08d2cc-7a1c-9d34-25ea-6265acb43d72,49c6361b-dfb1-7080-300d-98f57239bcb6,5,nan,nan,nan,-55.0,-53.0,nan,-47.0,nan,nan,nan,-0.5440081769282301,2.335630589294335,nan,-2.581570584792622,nan,nan,nan,1.3266289296248348,0.5110275761116211,nan,0.4869028733901217,-6.58556842803955,1.754690170288086,1.1723119020462036,-7.14,2.04,1.65
1743703228.383998,2c08d2cc-7a1c-9d34-25ea-6265acb43d72,3bc382f8-c359-83e3-9ef4-cdbd3dc1135c,33,-75.0,-69.0,-80.0,-58.0,nan,nan,nan,-3.03760393618936,-1.23449647223938,-3.0539722568812047,-0.49661509480139804,nan,nan,nan,0.2351573905701057,1.0935972742368303,0.8031909423773494,1.2439363130392749,nan,nan,nan,nan,nan,nan,-7.14,2.04,1.65
1743703229.316512,2c08d2cc-7a1c-9d34-25ea-6265acb43d72,1c9f2b13-c21f-080c-017a-b01f556b4864,9,nan,nan,nan,-60.0,-53.0,-57.0,-44.0,nan,nan,nan,-0.5272100220364463,2.270743357083039,2.5863730475740563,-2.624085449080792,nan,nan,nan,1.2406258706462518,0.6045216601076006,0.47209331891400097,0.546659887488477,nan,nan,nan,-7.14,2.04,1.65
1743703230.317036,2c08d2cc-7a1c-9d34-25ea-6265acb43d72,a331d2f3-21ce-b187-a3d6-9a443f06b59e,30,-73.0,-77.0,-76.0,-56.0,-57.0,-61.0,-51.0,-3.1357555371125576,-1.2317783168727905,-3.090642387194942,-0.4562453011013229,2.2781226365927436,2.581405375476946,-2.5251701845601127,0.2685365695010478,1.1746347362049059,0.7579595481073347,1.2675384450420475,0.5293811300580165,0.34519808479327574,0.47150711373906923,-6.610164642333984,1.7564886808395386,1.2368342876434326,-7.14,2.04,1.65
1743703231.315506,2c08d2cc-7a1c-9d34-25ea-6265acb43d72,4f4ad300-62c7-9fc7-1c33-c9a6ca9be393,25,-77.0,-82.0,-74.0,-56.0,-52.0,-54.0,-52.0,-3.019035311804892,-1.2202292524895533,-3.0652882946690605,-0.535700712223837,2.3438279099126724,2.61134575686073,-2.4846597398835186,0.4288655749608136,1.2197067402836794,0.8021638943029605,1.3280264234068537,0.4114460850850751,0.28874387311221855,0.41361858508604027,-6.63492727279663,1.7610986232757568,1.3105409145355225,-7.14,2.04,1.65
1743703232.373449,2c08d2cc-7a1c-9d34-25ea-6265acb43d72,ee86f961-2d1e-cf28-f9ba-67353511ac77,5,-73.0,-82.0,-83.0,-55.0,-53.0,-57.0,nan,-3.0183490151919785,-1.212653757610768,-3.001664044646523,-0.6306256271702944,2.2757422030824865,2.634151405640335,nan,0.28924020019716234,1.1626349318071725,0.8533837391791548,1.2887751573646122,0.4980169261743148,0.26110565963517673,nan,-6.65023946762085,1.7641594409942627,1.2709121704101562,-7.14,2.04,1.65
1743703233.3162,2c08d2cc-7a1c-9d34-25ea-6265acb43d72,7631ebdd-3321-d83e-9028-247a7b78219d,36,-78.0,-69.0,-79.0,-59.0,-51.0,-57.0,-47.0,-3.042505484175651,-1.2997836000465637,-3.0358334666966753,-0.4089100095701455,2.251011303590342,2.6720521780173874,-2.5116718391814663,0.28784993023960015,0.991779366019948,0.743688733090036,1.2619523314975518,0.4286319892260177,0.2503480914278484,0.45201278576404247,-6.665093421936035,1.7738525867462158,1.2724649906158447,-7.14,2.04,1.65
1743703234.384238,2c08d2cc-7a1c-9d34-25ea-6265acb43d72,275dd898-0e72-95e8-33f2-b7c7098c09b6,15,-84.0,-79.0,-75.0,-57.0,nan,-57.0,nan,-2.8473857911176874,-1.3105970993367213,-2.9531894528010096,-0.317510853590844,nan,2.7942256877572924,nan,0.31091160698865494,1.0604614915847645,0.7872033205633313,1.2590240527209555,nan,0.2965068830145659,nan,-6.68027925491333,1.7916840314865112,1.3021609783172607,-7.14,2.04,1.65
1743703235.316893,2c08d2cc-7a1c-9d34-25ea-6265acb43d72,621d7c18-7dcf-3478-ddea-6cdf902ea87b,18,-75.0,-88.0,-74.0,-57.0,nan,nan,nan,-2.9116542598079156,-1.3055524064418387,-2.9400845697089477,-0.16977012790593524,nan,nan,nan,0.407714416688268,1.0589004131327873,0.8277780445092879,1.2505304330563656,nan,nan,nan,nan,nan,nan,-7.14,2.04,1.65
1743703236.316684,2c08d2cc-7a1c-9d34-25ea-6265acb43d72,2cda438e-04b1-3bb3-760e-ce823c8fa99f,14,-81.0,-77.0,-74.0,-57.0,nan,nan,-45.0,-2.965270883086154,-1.3255301093590681,-2.94636803198488,-0.1432077591934849,nan,nan,-2.5482816651092497,0.3968201570380536,1.2025682334045835,0.8303599791861198,1.2439676051820834,nan,nan,0.39970413030851576,nan,nan,nan,-7.14,2.04,1.65
1743703237.31737,2c08d2cc-7a1c-9d34-25ea-6265acb43d72,bf24db75-97da-d738-dbfe-60af1cafe3f4,7,-74.0,-76.0,-80.0,-57.0,-54.0,-59.0,-46.0,-3.0356371917243368,-1.3733524930536212,-2.883018886502948,-0.21539540370117274,2.1693382088328312,2.689936267865956,-2.658142476846395,0.29196977386692546,1.078650682092924,0.9194278039471658,1.2790305177779575,0.5435120867468028,0.2524863856731727,0.5053404172748517,-6.70429801940918,1.8151627779006958,1.03754723072052,-7.14,2.04,1.65
1743703238.372958,2c08d2cc-7a1c-9d34-25ea-6265acb43d72,8661c9af-d8d7-612b-5a12-cc9f53362e7c,6,-77.0,-80.0,-82.0,-57.0,-53.0,-58.0,-47.0,-3.0566679085365833,-1.3305837238436025,-2.870431721926797,-0.3077429113446514,2.132496409227496,2.6720521780173874,-2.7079611632143217,0.2643686225265329,1.0388539340804066,0.9333767093677011,1.2675961024796478,0.5817958088470427,0.2503480914278484,0.5492545265507427,-6.72632074356079,1.8423696756362915,0.7650426030158997,-7.14,2.04,1.65
1743703239.373497,2c08d2cc-7a1c-9d34-25ea-6265acb43d72,6fb861ca-fef9-2e44-8270-cd26e26e1d12,30,-74.0,-77.0,-75.0,-57.0,-57.0,-62.0,-51.0,-3.066512283506061,-1.331490130720611,-2.8988447212807436,-0.27074760906181566,2.1693382088360313,2.6206133111603007,-2.5581390024121387,0.20970416187264615,1.1536863110703426,0.8442425718955121,1.3273840689519267,0.48377215338577373,0.2283475083923598,0.4332882469358822,-6.743919372558594,1.868453025817871,0.6836315989494324,-7.14,2.04,1.65
1743703240.367083,2c08d2cc-7a1c-9d34-25ea-6265acb43d72,72e6cb03-50be-4419-3497-fcdd072af37f,3,-73.0,-80.0,-85.0,-54.0,-51.0,-56.0,-48.0,-3.0442455936319086,-1.343942406187549,-2.9132324490698966,-0.3761187733841088,2.1611960776625416,2.6028535343036556,-2.6625310793096855,0.18747785217852198,1.0597138091087248,0.8658740978496807,1.2810883423522614,0.39720150935601894,0.2260644632711081,0.48986944804807175,-6.752347469329834,1.8906413316726685,0.635186731815338,-7.14,2.04,1.65
1743703241.384072,2c08d2cc-7a1c-9d34-25ea-6265acb43d72,0ca3d14c-b9d7-2361-b669-c4ba99751e48,12,-83.0,-74.0,-72.0,-58.0,-52.0,-56.0,-44.0,-2.9702834848899013,-1.3309949159159107,-2.899108374228661,-0.26736805763850513,2.2169658399131813,2.6383916554675,-2.6052792463559125,0.26276937764718356,1.0473693250869078,0.8788759831865838,1.2236175923444608,0.28564830083324716,0.23056093672496633,0.4767593154088579,-6.67831039428711,1.873479962348938,0.5096007585525513,-7.14,2.04,1.65
1743703242.372833,2c08d2cc-7a1c-9d34-25ea-6265acb43d72,905efe87-615b-717e-3a99-5e7778c12b27,17,-74.0,-81.0,-74.0,-56.0,-50.0,-55.0,-46.0,-2.985031538374542,-1.340496941527259,-2.9395167837645424,-0.12359118092007026,2.2871162398806506,2.8612741666604555,-2.5350303894003376,0.3376437189310842,1.0720301967810415,0.8864221167143506,1.1796201737655343,0.24690743252152775,0.5065322559811736,0.4429245711834897,-6.621600151062012,1.867134690284729,0.57329261302948,-7.14,2.04,1.65
1743703243.382983,2c08d2cc-7a1c-9d34-25ea-6265acb43d72,5abd9946-7113-2e02-2472-ae4614d0e812,25,-76.0,-82.0,-74.0,-56.0,-51.0,-53.0,-51.0,-3.055842594914768,-1.3286918142052102,-2.9353561271935122,-0.1901065586219983,2.3660379339706337,2.7279925720218654,-2.4846597398835186,0.39285980347051047,1.134087975450395,0.8327634820699161,1.2660706438072504,0.22797021592699002,0.3707124683376571,0.41361858508604027,-6.570241928100586,1.8654297590255737,0.6056379079818726,-7.14,2.04,1.65
1743703244.358652,2c08d2cc-7a1c-9d34-25ea-6265acb43d72,8fa0be63-0e45-6d8c-dcb5-e4b6f931ad2a,14,nan,-79.0,-73.0,-57.0,-52.0,-56.0,-45.0,nan,-1.3482118528891094,-2.965846924829938,-0.19673516657520554,2.336445331883765,2.7741339357059474,-2.5299898662952613,nan,1.1343055557114543,0.8090706694320264,1.268256433271933,0.19616063601947495,0.31091930490199304,0.39521408423984306,-6.53372859954834,1.8639576435089111,0.6084794998168945,-7.14,2.04,1.65
1743703245.315085,2c08d2cc-7a1c-9d34-25ea-6265acb43d72,f9bec2d5-4be7-14ae-eab2-505968ed170d,18,nan,-85.0,-74.0,-56.0,-49.0,-56.0,-48.0,nan,-1.3694119467466852,-3.0493918861223777,-0.04778643101983681,2.353897040783973,2.893374611504138,-2.4797558709620904,nan,1.2502725059047914,0.8426520655134896,1.222299727079035,0.19959962478258686,0.5618318681090982,0.36729548695831016,-6.49776268005371,1.865260124206543,0.5794047713279724,-7.14,2.04,1.65
1743703246.372904,2c08d2cc-7a1c-9d34-25ea-6265acb43d72,6bc552c9-533c-8145-9b59-adb001eeac7e,2,nan,-80.0,-83.0,-54.0,-48.0,-57.0,-46.0,nan,-1.3431611678817743,-3.1307125752723834,-0.017956097333750257,2.3114663874917536,2.725192450066849,-2.614089424684412,nan,1.1653664029792123,0.811254861000055,1.1797855560692279,0.34448245200353755,0.38668434172948135,0.4466743192678687,-6.4714674949646,1.860944390296936,0.5151891112327576,-7.14,2.04,1.65
1743703247.318286,2c08d2cc-7a1c-9d34-25ea-6265acb43d72,9ab8c4a8-d508-293b-5b12-12ea7e89e8e5,0,nan,nan,-83.0,-53.0,-47.0,-57.0,-47.0,nan,nan,3.1160279050216864,0.15796406847750494,2.3010480979396064,1.720623232315975,-2.6970032956182477,nan,nan,0.8458391369690146,1.120458582781642,0.26325377989741644,1.0406437259803867,0.43113307223917596,-6.489362716674805,1.8565493822097778,0.7755780220031738,-7.14,2.04,1.65
1743703248.366269,2c08d2cc-7a1c-9d34-25ea-6265acb43d72,202100ec-d194-d4b9-8b59-789bd49e8a57,25,nan,-86.0,-73.0,-56.0,-52.0,nan,nan,nan,-1.3487083992743547,-3.1304047138503703,0.05092842847391229,2.3835457832150087,nan,nan,nan,1.2230114568803587,0.8084852400453997,1.3442934108192213,0.23171228242386108,nan,nan,nan,nan,nan,-7.14,2.04,1.65
1743703249.317446,2c08d2cc-7a1c-9d34-25ea-6265acb43d72,57de00d7-996e-09a6-55d5-e80a89cbe8d2,23,-75.0,-94.0,-73.0,-56.0,-51.0,-54.0,-52.0,-2.8184268437402746,-1.300098119371302,-3.072790419459814,-0.03484346812205171,2.4213826214484633,2.5358146846825704,-2.5561492452457664,0.594853248460023,1.2487474467065576,0.8514010157475905,1.3777309962018203,0.22588577192157872,0.7751404675350095,0.37068560441699466,-6.492501735687256,1.848900318145752,0.993158459663391,-7.14,2.04,1.65
1743703250.316506,2c08d2cc-7a1c-9d34-25ea-6265acb43d72,942de2a4-8b61-4e35-3989-f228d18c1b1a,33,-75.0,-72.0,-79.0,-57.0,nan,-63.0,-50.0,-2.7941782293828856,-1.3162005234283025,-3.1151210986705147,0.08150258305245799,nan,2.6388569961326005,-2.525712036975109,0.6040065331266252,1.2017876608890814,0.7924107326008177,1.2974372219681491,nan,0.5009624613439587,0.40948228246057045,-6.499871730804443,1.8441236019134521,1.0716328620910645,-7.14,2.04,1.65
1743703251.383406,2c08d2cc-7a1c-9d34-25ea-6265acb43d72,6b3ef84a-8fe8-dcc7-7448-7d6de769a73e,5,-73.0,-78.0,-78.0,-55.0,-49.0,-60.0,-46.0,-2.7976738946297233,-1.339283605334619,-3.1251758633661084,0.02279878945995034,2.34416578234579,2.651202203262129,-2.6388569961326005,0.4262017147909482,1.1324163092341524,0.8882391915261117,1.3083444645286777,0.45491397780903625,0.3742477737197425,0.5009624613439587,-6.506316184997559,1.8397881984710693,1.120192527770996,-7.14,2.04,1.65
1743703252.384342,2c08d2cc-7a1c-9d34-25ea-6265acb43d72,a0f18ef0-7948-4cb1-70a5-6975323862f2,21,-74.0,-89.0,-74.0,-57.0,-50.0,-57.0,-50.0,-2.854877529580189,-1.3308609589130795,-3.0967402271428965,0.01623143421181494,2.3946811886372545,2.701508721627129,-2.5299898662952613,0.4763655830054124,1.0517978956636007,0.9310449786752822,1.432220736843441,0.3296843256891804,0.3019905957684253,0.39521408423984306,-6.50658369064331,1.836917757987976,1.1954944133758545,-7.14,2.04,1.65
1743703253.384781,2c08d2cc-7a1c-9d34-25ea-6265acb43d72,a409ce57-3de8-58ee-5aeb-837915a9a915,9,-75.0,-73.0,-74.0,-58.0,nan,-57.0,nan,-2.8838942675532566,-1.2169126848260228,-3.0893062792760495,0.011317103052291722,nan,2.634151405640335,nan,0.4684413804713952,1.070924052822277,0.9419410359592324,1.3678687780530387,nan,0.26110565963517673,nan,nan,nan,nan,-7.14,2.04,1.65
1743703254.384665,2c08d2cc-7a1c-9d34-25ea-6265acb43d72,ad6e0a88-f4df-ce91-509d-c6ab277182c7,25,-75.0,-80.0,-73.0,-56.0,-50.0,-54.0,-50.0,-2.8874208254687397,-1.2546532727399173,-3.050550094880453,-0.08121496165472943,2.388411596444874,2.6185211951350555,-2.4936147489409275,0.5547212750452919,1.1406783670419596,0.9055639865234587,1.4667346387805955,0.2866277682421222,0.24347631843361306,0.3858806563084542,-6.50685167312622,1.8261842727661133,1.189924716949463,-7.14,2.04,1.65
1743703255.316725,2c08d2cc-7a1c-9d34-25ea-6265acb43d72,f8a2a1d1-1d21-b7a9-7a27-287ab3f9575b,18,-75.0,-82.0,-74.0,-56.0,-49.0,-57.0,-48.0,-3.0078066257007903,-1.2807578440609828,-3.033795349514438,-0.029981601236003054,2.345641239365875,2.701126199769484,-2.4395807436846955,0.5649931539487547,1.1895661483305986,0.943613700860884,1.4531807467287459,0.23638956404204692,0.49784699310258457,0.3710272071606146,-6.506064414978027,1.81346321105957,1.1715099811553955,-7.14,2.04,1.65
1743703256.316398,2c08d2cc-7a1c-9d34-25ea-6265acb43d72,d8115542-84e4-f32b-05c0-0b3067ce87d8,35,-77.0,-69.0,-80.0,-59.0,-54.0,-59.0,-51.0,-3.040861514834745,-1.2791631432002435,-3.0665354530075453,-0.038188398451191236,2.2897459634893322,2.7095195001714965,-2.4846597398835186,0.547308932072788,1.1001468528846894,0.7389651508435897,1.3018210514385287,0.2979648187172552,0.3679140947754087,0.41361858508604027,-6.504371643066406,1.8010364770889282,1.1614081859588623,-7.14,2.04,1.65
1743703257.31744,2c08d2cc-7a1c-9d34-25ea-6265acb43d72,38f48139-741d-576b-7274-3931aa865baa,21,-75.0,-87.0,-74.0,-57.0,-51.0,-56.0,-52.0,-3.131793286042738,-1.2617149106863716,-3.0196973736518853,-0.1242375301166325,2.3425517930540276,2.7377700096713466,-2.46177935710506,0.47909778654675195,1.1446893539597278,0.7651741846584138,1.3409281073077426,0.2485808738424719,0.30664467479158847,0.36253939608100844,-6.50863790512085,1.7855422496795654,1.12815523147583,-7.14,2.04,1.65
1743703258.367507,2c08d2cc-7a1c-9d34-25ea-6265acb43d72,bd11bd28-c761-a982-2474-cfc6829d678c,3,-71.0,-80.0,-80.0,-54.0,-51.0,-60.0,-47.0,-3.1336210134988587,-1.3231977128763768,-2.9556004125358584,-0.17259840498359938,2.2380793558201253,2.6699628430781273,-2.6097838839772947,0.4297447177261624,1.1418854448060383,0.8056021684283071,1.3209081932872355,0.28094375522315485,0.2659043553905395,0.46173631026124845,-6.5073881149292,1.7689133882522583,1.0591857433319092,-7.14,2.04,1.65
1743703259.37268,2c08d2cc-7a1c-9d34-25ea-6265acb43d72,ba19d80c-c58f-78df-6961-9bc57ea1cea0,21,-75.0,-87.0,-74.0,-57.0,-50.0,-56.0,-51.0,-3.0365727602152814,-1.3043031175744824,-2.9390525947865416,-0.20895534755314313,2.2903494338309867,2.725762060685012,-2.5074365797856237,0.47759752803616945,1.1679661808353476,0.849069884266417,1.3389078333048086,0.23542591915983813,0.25652988233580737,0.40468800106088104,-6.465847969055176,1.7559189796447754,0.9419190883636475,-7.14,2.04,1.65
1743703260.367117,2c08d2cc-7a1c-9d34-25ea-6265acb43d72,3c2f10ca-0016-00a0-0190-f77f2067cc51,2,-71.0,-83.0,-81.0,-53.0,-47.0,-61.0,-47.0,-3.0354318620042915,-1.4091799991984566,-2.904066114913953,-0.17543999786671394,2.245648637795417,2.6363441713747244,-2.6286829267403244,0.36784346634987836,1.0796837888587931,0.8811573135553731,1.3398121096529447,0.25923654809013835,0.24584225311388908,0.46609024941547855,-6.447233200073242,1.7456116676330566,0.8653668761253357,-7.14,2.04,1.65
1743703261.368198,2c08d2cc-7a1c-9d34-25ea-6265acb43d72,50ac17b3-a49d-cab3-6402-0fdcac84cb33,25,-76.0,-87.0,-73.0,-56.0,-56.0,-52.0,-50.0,-3.1024162223741825,-1.3852580215487653,-2.912012454974531,-0.10449418537533006,2.2837130145370144,2.6028535343036556,-2.5350303894003376,0.4386185036363609,1.3265948411628818,0.8719763320134338,1.3480928095883828,0.258345266091376,0.2260644632711081,0.4429245711834897,-6.44962215423584,1.7359910011291504,0.8405016660690308,-7.14,2.04,1.65
1743703262.368135,2c08d2cc-7a1c-9d34-25ea-6265acb43d72,31a52285-0149-38ca-7131-d04c39fb1752,4,-72.0,-79.0,-78.0,-55.0,-51.0,-62.0,-47.0,-3.044854392257101,-1.433517030504037,-2.9486114788871634,-0.10243449658826279,2.296368284640819,2.6028535343036556,-2.6388569961326005,0.39375465888629063,1.1721398868957196,0.8502230330184213,1.3636167750566182,0.4636723455178054,0.2260644632711081,0.5009624613439587,-6.466461658477783,1.730254054069519,0.816570281982422,-7.14,2.04,1.65
1743703263.36769,2c08d2cc-7a1c-9d34-25ea-6265acb43d72,a0af1566-aedc-57fd-0a1b-b75d05898ee6,9,-76.0,-74.0,-73.0,-60.0,-53.0,-55.0,-45.0,-3.0252948056310136,-1.2961463877877881,-2.9840861161875636,-0.08936263669371784,2.1932070829755586,2.6206133111603007,-2.673054519981368,0.440466104932117,1.0638372480035219,0.8890528538181581,1.298355080437845,0.5746031554511063,0.2283475083923598,0.5251500895971056,-6.48595428466797,1.7228575944900513,0.7686028480529785,-7.14,2.04,1.65
1743703264.384452,2c08d2cc-7a1c-9d34-25ea-6265acb43d72,59ffe790-9dc9-6c6a-2469-37122e08f31b,29,-74.0,-78.0,-75.0,-56.0,-56.0,-58.0,-50.0,-2.974684624907366,-1.1734091494712517,-2.986933301708967,-0.20505008813065093,2.2584995389297746,2.6206133111603007,-2.5581390024121387,0.42242678381430177,1.4147372174451252,0.8457017844357938,1.286540632051981,0.4894098502433027,0.2283475083923598,0.4332882469358822,-6.507724285125732,1.7160404920578,0.7054404020309448,-7.14,2.04,1.65
1743703265.373733,2c08d2cc-7a1c-9d34-25ea-6265acb43d72,5c0dd4b6-354d-c909-9dab-1d672e6be8a4,11,-83.0,-75.0,-73.0,-59.0,nan,nan,-46.0,-3.0214515978619203,-1.1127997309607376,-2.9735242856204183,-0.18638851942413867,nan,nan,-2.54883559206815,0.4732675277093232,1.2044621404137934,0.8709689913311113,1.219139353813438,nan,nan,0.46233151338208733,nan,nan,nan,-7.14,2.04,1.65
1743703266.317048,2c08d2cc-7a1c-9d34-25ea-6265acb43d72,8cd517c8-a05f-295f-1462-eb01f2f9ed38,16,-80.0,-78.0,-73.0,-56.0,-51.0,-54.0,-46.0,-3.018373782590116,-1.1785226850803125,-3.0037021618287603,-0.1951907994590686,2.315992948481352,2.8396110315420966,-2.5440627284805846,0.4829766140954251,1.248049698500957,0.8669948891944403,1.2045754579181762,0.3326759587440283,0.3850385529270196,0.4141540813516417,-6.525513648986816,1.7117528915405273,0.682083010673523,-7.14,2.04,1.65
1743703267.315664,2c08d2cc-7a1c-9d34-25ea-6265acb43d72,cf405bec-8499-55e7-d1d2-0ce3f5f4a013,24,-77.0,-81.0,-73.0,-56.0,-55.0,-54.0,-51.0,-3.0472581614570062,-1.2586739801956643,-2.988897116696792,-0.2576749502189437,2.321857429758642,2.701508721627129,-2.4936147489409275,0.4733475889895937,1.1752680359121268,0.7890885722989983,1.3094424858461173,0.25619791660460933,0.3019905957684253,0.3858806563084542,-6.540637493133545,1.7082808017730713,0.6817537546157837,-7.14,2.04,1.65
1743703268.317291,2c08d2cc-7a1c-9d34-25ea-6265acb43d72,77f4e19a-5cb2-85a8-31c3-ed4ffcb672a3,18,-74.0,-79.0,-74.0,-57.0,-50.0,-55.0,-48.0,-3.060663981752247,-1.2457593799634887,-3.010670322820953,-0.12279489575413657,2.3835457832150087,2.821848891793043,-2.46177935710506,0.5873307504869305,1.2020646296424495,0.869614773916806,1.226746273993086,0.23171228242386108,0.5013739588244848,0.36253939608100844,-6.542279243469238,1.7052249908447266,0.7040324211120605,-7.14,2.04,1.65
1743703269.38579,2c08d2cc-7a1c-9d34-25ea-6265acb43d72,ae68ff3a-bc00-05a4-f623-a79d879c3d0a,28,-77.0,-78.0,-75.0,-56.0,-56.0,-56.0,-51.0,-3.0770133940003523,-1.24291618918372,-3.015785988958886,-0.09021724508752427,2.345919117010725,2.7122622505317144,-2.457521096117435,0.46315557162931953,1.2764231499127154,0.8627324998697687,1.2914777332388243,0.3020398666518934,0.3520546744477794,0.376089424788938,-6.541661739349365,1.7043325901031494,0.7428587079048157,-7.14,2.04,1.65
1743703270.385155,2c08d2cc-7a1c-9d34-25ea-6265acb43d72,669bf182-5177-3e08-8802-d30cc3233b89,12,-81.0,-73.0,-73.0,-58.0,-53.0,-57.0,-44.0,3.0528140481231296,-1.2193155219195468,-3.034354080711137,-0.06057413162607028,2.328898317827381,2.701508721627129,-2.489236962221655,0.5203068421748519,1.2228418135189205,0.8452423225687279,1.3360697025311112,0.35048116953040404,0.3019905957684253,0.39977334021899325,-6.539888858795166,1.7035024166107178,0.7815876007080078,-7.14,2.04,1.65
1743703271.384655,2c08d2cc-7a1c-9d34-25ea-6265acb43d72,265416b4-7f6c-8a21-41e0-567c78363e61,18,-78.0,-81.0,-73.0,-57.0,nan,nan,nan,-3.096696817617129,-1.2692672360636725,-3.0312120832570613,-0.035219506467970896,nan,nan,nan,0.6017314611863979,1.3175309055508517,0.8085460932763081,1.2546518080013176,nan,nan,nan,nan,nan,nan,-7.14,2.04,1.65
1743703272.368189,2c08d2cc-7a1c-9d34-25ea-6265acb43d72,7b6b381e-bb51-b933-9c8c-fc564620c63a,24,-75.0,-86.0,-73.0,-56.0,-54.0,-54.0,-51.0,-3.0388233976525076,-1.3212300363049716,-3.01735006346709,-0.06945976860311967,2.335855239679225,2.652045532878087,-2.4797558709620904,0.5950127718093187,1.1774860496259993,0.821504835403552,1.3317039825561443,0.2728420409462208,0.2635453258468896,0.36729548695831016,-6.538365840911865,1.70504891872406,0.8066975474357605,-7.14,2.04,1.65
1743703273.368979,2c08d2cc-7a1c-9d34-25ea-6265acb43d72,496086f9-dc6b-968d-0d42-709625ad5b41,2,-70.0,-82.0,-81.0,-53.0,-51.0,-63.0,-47.0,-2.995124386273724,-1.3479002630415702,-3.062393438564145,-0.12259941973012475,2.2640832264315787,2.6007194831940263,-2.614089424684412,0.47150927546813914,1.044546440910451,0.9060337015607214,1.3073391212171728,0.3147941848051927,0.2410361519557839,0.4466743192678687,-6.51317310333252,1.702032446861267,0.8329296112060547,-7.14,2.04,1.65
1743703274.384791,2c08d2cc-7a1c-9d34-25ea-6265acb43d72,112f6554-f8be-a21b-89cf-f3665fb09a0e,8,-74.0,-74.0,-75.0,-58.0,-53.0,-59.0,-45.0,-3.042206677501344,-1.2609381997544498,-3.047817691602032,-0.15687510190777157,2.2189778276530165,2.585112678520535,-2.6683839518945898,0.41061563109028676,1.0679899816703098,0.9010527247949189,1.3544923856878432,0.5127650549970963,0.22371259448487515,0.5407041056659799,-6.475367069244385,1.6959426403045654,0.860857367515564,-7.14,2.04,1.65
1743703275.38436,2c08d2cc-7a1c-9d34-25ea-6265acb43d72,4602abd4-9c02-6425-427c-957a8ce8cb6b,19,-75.0,-82.0,-74.0,-57.0,-50.0,-56.0,-49.0,-2.9681502928567474,-1.2382326209326524,-3.002313589636393,-0.058501127033552605,2.306749063046866,2.7037553848544613,-2.5440627284805846,0.4611170549729185,1.0832313191678604,0.8561247977311186,1.3161959960544494,0.35622941130118585,0.28619189951171026,0.4141540813516417,-6.452649116516113,1.6940397024154663,0.927506685256958,-7.14,2.04,1.65
1743703276.369003,2c08d2cc-7a1c-9d34-25ea-6265acb43d72,6a33541e-a49f-3f9c-4824-43b795ac6e78,35,-77.0,-69.0,-81.0,-59.0,-50.0,-57.0,-52.0,-3.0312501664606493,-1.2683915886972545,-2.976117405573829,-0.18317727978172116,2.26223451925484,2.7418525539217673,-2.5116718391814663,0.34905067038065246,1.1406336259356462,0.7639328186953005,1.166932474858233,0.365884631348916,0.27451728075851367,0.45201278576404247,-6.438650608062744,1.6968499422073364,1.0027152299880981,-7.14,2.04,1.65
1743703277.317536,2c08d2cc-7a1c-9d34-25ea-6265acb43d72,d7941581-58d1-7813-285b-a9e3a8a5ed42,30,-74.0,-75.0,-77.0,-56.0,-52.0,-58.0,-50.0,-3.0475495112802613,-1.278369254879291,-2.9610817306914594,-0.2323576093161054,2.2424869158661584,2.7078397418430242,-2.471113675663618,0.26041670785069393,1.1279901355024409,0.7285860131272239,1.1897142200872068,0.3195483343302195,0.2545472305183318,0.39474042652282476,-6.43451976776123,1.698286771774292,1.0491269826889038,-7.14,2.04,1.65
1743703278.317116,2c08d2cc-7a1c-9d34-25ea-6265acb43d72,e25939b9-a006-7777-0c0f-34d6903ab9cb,0,-74.0,-86.0,-80.0,-53.0,-49.0,-60.0,-48.0,-3.0268018884918892,-1.262592022791389,-2.9392105202391834,-0.2191382102971701,2.231977711952853,1.5707963265948965,-2.599558413287023,0.2786037678299813,1.1386695446317128,0.8084760521396389,1.1746532451744818,0.24318226943252452,1.0471975511965979,0.4274139566818242,-6.425936698913574,1.6981697082519531,1.1088939905166626,-7.14,2.04,1.65
1743703279.384996,2c08d2cc-7a1c-9d34-25ea-6265acb43d72,1444bc59-2409-22e8-34d6-52821755d153,22,-74.0,-86.0,-73.0,-57.0,-52.0,-54.0,-52.0,-3.03562281065445,-1.2649364034989854,-2.922443790648263,-0.23753026710136635,2.2963122894279064,2.5273022019698717,-2.5198507351272688,0.3924675198419417,1.203230827883795,0.7792829463233809,1.260327670074549,0.21234119077655958,0.8258847724672661,0.36231244310063865,-6.425754070281982,1.6966694593429565,1.1483060121536255,-7.14,2.04,1.65
1743703280.385708,2c08d2cc-7a1c-9d34-25ea-6265acb43d72,89a129c0-d72d-b3ce-e35b-99dca04a635e,26,-77.0,-81.0,-74.0,-56.0,-55.0,-54.0,-51.0,-2.9922676133723964,-1.250041476680227,-2.9071737575899665,-0.21754750417806576,2.3164402862203355,2.6098117478305514,-2.46177935710506,0.41128927768802226,1.262835702031131,0.763152712232989,1.3222898412607687,0.20452129170634795,0.5266027432239677,0.36253939608100844,-6.430088996887207,1.6955815553665161,1.1166971921920776,-7.14,2.04,1.65
1743703281.369122,2c08d2cc-7a1c-9d34-25ea-6265acb43d72,6e78b131-2084-f913-f821-e94106df934e,9,-74.0,-74.0,-75.0,-59.0,nan,nan,-44.0,-2.9889375967453615,-1.119611298080833,-2.930519826653928,-0.24134204956959676,nan,nan,-2.5626703357429914,0.3454288378771719,1.1075895226041066,0.7865156923698728,1.3034891223872997,nan,nan,0.4819160254598405,-6.432568550109863,1.6960152387619019,1.0833503007888794,-7.14,2.04,1.65
1743703282.317008,2c08d2cc-7a1c-9d34-25ea-6265acb43d72,906b8be6-e169-b559-4519-987da6bce1c3,25,-77.0,-89.0,-73.0,-56.0,nan,nan,nan,-2.9526142100055526,-1.139275147463597,-2.8789815342903875,-0.2519906991882786,nan,nan,nan,0.37842227456897287,1.2825472219974074,0.7944334034487328,1.3868885419261667,nan,nan,nan,nan,nan,nan,-7.14,2.04,1.65
1743703283.317527,2c08d2cc-7a1c-9d34-25ea-6265acb43d72,03c94ae3-15fc-0bf6-dcba-ae68cf52bdc1,9,-76.0,-75.0,-74.0,-60.0,-53.0,-57.0,-44.0,-3.0159396533537834,-1.1316606372748423,-2.919669575740727,-0.2918150774971055,2.272402675299763,2.651202203262129,-2.6292269956221888,0.40596731643414885,1.0644298013460645,0.8207000947011571,1.3710083786621332,0.46706355903428814,0.3742477737197425,0.5314697238843976,-6.432438850402832,1.6941320896148682,1.0576672554016113,-7.14,2.04,1.65
1743703284.316625,2c08d2cc-7a1c-9d34-25ea-6265acb43d72,20a7a432-b424-2e2a-cd5b-e95cdecb8676,15,-88.0,-84.0,-75.0,-56.0,-50.0,nan,nan,-3.039141645402772,-1.1539759298388887,-2.9485920378112054,-0.27884308614343856,2.315992948481352,nan,nan,0.4435080673977464,1.1919075995609962,0.8242993569143993,1.3166531276555618,0.3326759587440283,nan,nan,nan,nan,nan,-7.14,2.04,1.65
1743703285.372978,2c08d2cc-7a1c-9d34-25ea-6265acb43d72,db535b26-9073-9ab9-ff85-5171241f9d9d,7,-73.0,-75.0,-80.0,-57.0,-52.0,-61.0,-46.0,-3.093342566224173,-1.1999182549619,-2.924395088778964,-0.30189381064251036,2.243659612113966,2.6266746345833627,-2.6732396604927957,0.24376655813649128,1.1418050173411172,0.8190475366657357,1.275806361804253,0.5113685064354669,0.3067750867272473,0.5919655142695744,-6.43436861038208,1.6905860900878906,1.0051450729370117,-7.14,2.04,1.65
1743703286.321218,2c08d2cc-7a1c-9d34-25ea-6265acb43d72,42ba8274-5425-3980-a25e-3463a5d2c34d,33,-80.0,-70.0,-78.0,-57.0,nan,nan,nan,-3.104685768255148,-1.2469032076516777,-2.9616308745082334,-0.3345697319533466,nan,nan,nan,0.25532542628149174,1.0855747677690757,0.8209636144910205,1.237997863282562,nan,nan,nan,nan,nan,nan,-7.14,2.04,1.65
1743703287.316813,2c08d2cc-7a1c-9d34-25ea-6265acb43d72,a8cf3580-8965-c5fb-eb25-75552366ae8c,21,-76.0,nan,-73.0,-57.0,-51.0,-54.0,-50.0,-3.067372750854266,nan,-2.9297355257128994,-0.30046475840157383,2.324168332510174,2.759876985499793,-2.5581390024121387,0.21354467319113582,nan,0.7887482203116862,1.2339384068329537,0.3624512720798521,0.27646074112670965,0.4332882469358822,-6.4510498046875,1.6950571537017822,1.0479795932769775,-7.14,2.04,1.65
1743703288.374283,2c08d2cc-7a1c-9d34-25ea-6265acb43d72,c4fc92a7-d3d7-5545-010a-e756453d88f5,33,-79.0,nan,-79.0,-57.0,nan,-62.0,nan,-3.07592948743669,nan,-3.0184997501096764,-0.3027822411821608,nan,2.7078397418430242,nan,0.22253951641763525,nan,0.7081993152455855,1.198207307119579,nan,0.2545472305183318,nan,nan,nan,nan,-7.14,2.04,1.65
1743703289.385052,2c08d2cc-7a1c-9d34-25ea-6265acb43d72,c910f2dd-8e7c-1c4d-6069-7ab26d5f6bc9,36,-81.0,nan,-79.0,-59.0,-50.0,-56.0,-49.0,-3.117769612374598,nan,-3.017964987362789,-0.2864919511102551,2.2741561181541528,2.7078397418430242,-2.576710587501078,0.2511176983381938,nan,0.6634681957863422,1.18838863165462,0.38408343190893957,0.2545472305183318,0.4378839886243441,-6.469337463378906,1.7047115564346313,1.0699299573898315,-7.14,2.04,1.65
1743703290.391441,2c08d2cc-7a1c-9d34-25ea-6265acb43d72,2278405e-35be-a898-4f32-f7d0722b455d,31,-76.0,nan,-76.0,-57.0,nan,-58.0,-51.0,-3.137249037851874,nan,-3.069286498413597,-0.25982332227031063,nan,2.6561881885648875,-2.4936147489409275,0.17239951678444088,nan,0.701787288868029,1.2282255268205706,nan,0.23270397633513532,0.3858806563084542,-6.483095169067383,1.7119286060333252,1.0718793869018555,-7.14,2.04,1.65
1743703291.384546,2c08d2cc-7a1c-9d34-25ea-6265acb43d72,107c3a97-d970-b331-ec42-c63caf7f6783,29,-76.0,nan,-74.0,-56.0,-55.0,-57.0,-51.0,-3.1411028982653275,nan,-3.0436493118638404,-0.25082450094693287,2.262994037906463,2.6206133111603007,-2.475532529206987,0.131697793344001,nan,0.7619879787302429,1.3160717595895972,0.40651319954082926,0.2283475083923598,0.3810412562080409,-6.491657257080078,1.7172033786773682,1.0476188659667969,-7.14,2.04,1.65
1743703292.385365,2c08d2cc-7a1c-9d34-25ea-6265acb43d72,e61f926c-45ea-00f7-596e-745f0ba9a423,19,-76.0,-90.0,-74.0,-57.0,-50.0,nan,nan,-3.134564038840856,-1.3684592008667091,-2.987434242310011,-0.260507222038243,2.328454498638251,nan,nan,0.20026282304463813,1.2673127421396633,0.8315177884700317,1.3149148824120667,0.2969257333049619,nan,nan,-6.512775897979736,1.74072527885437,0.972397744655609,-7.14,2.04,1.65
1743703293.316752,2c08d2cc-7a1c-9d34-25ea-6265acb43d72,88ce0d60-03da-2dbb-7953-dabf66863071,14,nan,-81.0,nan,-57.0,-50.0,nan,nan,nan,-1.3738969763384876,nan,-0.30782467039011685,2.325113298423546,nan,nan,nan,1.1877077945219414,nan,1.2577031248202764,0.24426660181217608,nan,nan,nan,nan,nan,-7.14,2.04,1.65
1743703294.317686,2c08d2cc-7a1c-9d34-25ea-6265acb43d72,1ae7317f-6388-83f4-a9c2-3fedb6ce8f85,30,-75.0,-75.0,nan,-56.0,-53.0,-56.0,-50.0,-3.1048391663339365,-1.3147106179564576,nan,-0.3141462158696379,2.2801380241223854,2.6206133111603007,-2.4438683083637316,0.13619950098213007,1.2194083330835361,nan,1.366497250091648,0.26973703439420743,0.2283475083923598,0.35767653882915795,-6.5294575691223145,1.754137635231018,0.8987125158309937,-7.14,2.04,1.65
1743703295.385124,2c08d2cc-7a1c-9d34-25ea-6265acb43d72,3e646f06-5466-ed69-e8d2-fb81a1cd6d1c,23,-77.0,-94.0,nan,-56.0,-52.0,-52.0,-52.0,-3.132287036108838,-1.3130373538435607,nan,-0.37206677378555325,2.3107893145028404,2.67400250712026,-2.4378202227740187,0.20378079226560558,1.185946379776963,nan,1.4266924138946002,0.2281323343132087,0.2347758769924322,0.31298535965479973,-6.540680885314941,1.7644109725952148,0.9208394289016724,-7.14,2.04,1.65
1743703296.317039,2c08d2cc-7a1c-9d34-25ea-6265acb43d72,ac14f84f-d8be-0d88-23fc-09ed3cb825dc,28,-78.0,-77.0,nan,-56.0,-57.0,-55.0,-53.0,-3.1292654135360345,-1.3118023128880365,nan,-0.36715244262603003,2.3010480979396064,2.6383916554675,-2.4260229445196035,0.19777546387601774,1.3281683698929547,nan,1.4286226730526899,0.26325377989741644,0.23056093672496633,0.3527088624858705,-6.5556817054748535,1.7739344835281372,0.9712791442871094,-7.14,2.04,1.65
1743703297.373823,2c08d2cc-7a1c-9d34-25ea-6265acb43d72,ea78dd48-3ffe-3f38-9ca1-c9a6db04e622,32,-76.0,-72.0,nan,-57.0,-51.0,-60.0,-51.0,-2.98806274832727,-1.2076765758495194,nan,-0.3819170077094293,2.252539827571558,2.6206133111603007,-2.4395807436846955,0.2059067937638158,1.1891280583312807,nan,1.3699682810984029,0.23733228317726843,0.2283475083923598,0.3710272071606146,-6.56845235824585,1.776621699333191,1.099507451057434,-7.14,2.04,1.65
1743703298.318598,2c08d2cc-7a1c-9d34-25ea-6265acb43d72,fa581b55-e5c0-dddc-2c7d-13016909f356,8,nan,-75.0,nan,-58.0,-52.0,nan,-45.0,nan,-1.2140648335143465,nan,-0.4184944600172317,2.2341698485322734,nan,-2.557566705892278,nan,1.153261536876475,nan,1.3797288996515977,0.49147789715249046,nan,0.4965010962762216,nan,nan,nan,-7.14,2.04,1.65
1743703299.370313,2c08d2cc-7a1c-9d34-25ea-6265acb43d72,be2f54d6-5753-8252-5321-f883229049b8,4,-71.0,-80.0,-83.0,-55.0,-52.0,-62.0,-46.0,-2.945512624642747,-1.2301027890729672,-2.895761047054541,-0.49748914427116203,2.2098956681943043,2.6383916554675,-2.6487517592441683,0.14238569129924789,1.107747581214803,0.8568223461996376,1.315647917502111,0.4928592705180706,0.23056093672496633,0.5361710846189366,-6.5876727104187,1.7686924934387207,1.2358113527297974,-7.14,2.04,1.65
1743703300.373827,2c08d2cc-7a1c-9d34-25ea-6265acb43d72,be0393d2-1432-c3be-13a6-8c819f9053af,27,-78.0,-80.0,-74.0,-56.0,-59.0,-53.0,-50.0,-3.032993205394106,-1.2073904191903901,-2.9186083060463304,-0.5002724139264039,2.268676189668456,2.6028535343036556,-2.5302065479616473,0.1508943245344829,1.1759125208959262,0.8850930661723465,1.3721948169277636,0.3953356327256086,0.2260644632711081,0.45724053735874914,-6.59874391555786,1.7467914819717407,1.2842471599578857,-7.14,2.04,1.65
1743703301.321756,2c08d2cc-7a1c-9d34-25ea-6265acb43d72,fa349e48-58f0-01de-f307-e81abcd564e3,3,nan,nan,nan,-54.0,-55.0,nan,-47.0,nan,nan,nan,-0.3933251908710018,2.189263079668957,nan,-2.6292269956221888,nan,nan,nan,1.3986394739200323,0.3475821416366512,nan,0.5314697238843976,nan,nan,nan,-7.14,2.04,1.65
1743703302.384976,2c08d2cc-7a1c-9d34-25ea-6265acb43d72,3dccb5c4-9399-fae3-97ce-cf1c9d290b1a,17,-79.0,nan,-74.0,-56.0,-50.0,-53.0,-47.0,-3.063251775383477,nan,-2.9362810430400965,-0.32738958333838397,2.3438279099126724,2.7785125053237265,-2.5722362172150994,0.16556666102038142,nan,0.8650681587247955,1.3123119087626234,0.4114460850850751,0.41107327045525377,0.4526051482085601,-6.60322093963623,1.729512333869934,1.2735099792480469,-7.14,2.04,1.65
1743703303.352088,2c08d2cc-7a1c-9d34-25ea-6265acb43d72,2360c71f-85ea-5679-188c-07f26b1253c2,2,-69.0,nan,nan,nan,-50.0,-62.0,-44.0,3.122106836525901,nan,nan,nan,2.254974985670361,2.680962184169296,-2.6625310793096855,0.1860912274227018,nan,nan,nan,0.33698096355086815,0.31516728329789223,0.48986944804807175,nan,nan,nan,-7.14,2.04,1.65
1743703304.317971,2c08d2cc-7a1c-9d34-25ea-6265acb43d72,95c3c225-963a-8e09-f9ae-c572b1420060,23,-75.0,-90.0,-73.0,-56.0,-52.0,-53.0,-52.0,-3.1398975515559577,-1.2559579553579472,-2.9536845344476554,-0.2938374820289117,2.3184287502608663,2.7218038675525267,-2.5561492452457664,0.21299639490171576,1.1812646757386582,0.8539617782937563,1.3508056386327918,0.26808659189345285,0.2884343942518294,0.37068560441699466,-6.598377227783203,1.714249849319458,1.1966489553451538,-7.14,2.04,1.65
1743703305.316181,2c08d2cc-7a1c-9d34-25ea-6265acb43d72,10acdbf7-02f2-d393-211a-f9ea52564dd1,1,-72.0,-80.0,-87.0,-54.0,-50.0,-63.0,-47.0,-3.1415777398876887,-1.3134425538034162,-2.9194927418443455,-0.2110182321335185,2.241490259851515,2.0238022725815354,-2.6556981732851574,0.23602210233129767,1.214974702500772,0.9391826002811557,1.28444299321938,0.21082957273756936,1.0214421029489,0.43949856035107415,-6.59343719482422,1.696690320968628,1.107629418373108,-7.14,2.04,1.65
1743703306.317646,2c08d2cc-7a1c-9d34-25ea-6265acb43d72,492879d0-0e4f-c6c7-857b-d9e32653bca6,9,-74.0,-75.0,-75.0,-60.0,-52.0,-56.0,-44.0,-3.124142823179267,-1.2305259653701808,-2.9069212899186265,-0.22654073286315435,2.2584995389297746,2.5377736111795013,-2.658142476846395,0.24299725412135145,1.103134586732622,0.8959468457739918,1.3322519279504281,0.4894098502433027,0.6887120976977292,0.5053404172748517,-6.56314516067505,1.6496738195419312,1.0386712551116943,-7.14,2.04,1.65
1743703307.385225,2c08d2cc-7a1c-9d34-25ea-6265acb43d72,b04da754-3c19-1c7e-eea7-f3a5ca9c803f,33,-77.0,-70.0,-80.0,-57.0,-50.0,-62.0,-51.0,-3.0916416052359397,-1.240720812339113,-2.9106454543869935,-0.2336100939767697,2.2378755720470997,2.6286829267403244,-2.54883559206815,0.24749378524011165,1.1184221966541128,0.7338098701844415,1.260819689085941,0.3303783657192991,0.46609024941547855,0.46233151338208733,-6.53453540802002,1.6193138360977173,0.955109715461731,-7.14,2.04,1.65
1743703308.37448,2c08d2cc-7a1c-9d34-25ea-6265acb43d72,6507d426-68ea-f6b2-59f7-936fba9ceb2d,2,-69.0,-79.0,-85.0,-54.0,-50.0,-61.0,-46.0,-2.981739604951095,-1.2576590495042352,-2.8709363909533674,-0.27789473447926133,2.1958215908100467,1.9296394281133493,-2.6625310793096855,0.24612034313168737,1.1431929237432124,0.8123494202080774,1.275628728959545,0.2897425114947451,1.0265295327213035,0.48986944804807175,-6.509455680847168,1.6009800434112549,0.99654358625412,-7.14,2.04,1.65
1743703309.317996,2c08d2cc-7a1c-9d34-25ea-6265acb43d72,ddd1cd8a-9acb-b6cd-9425-d45a6363da7b,8,-73.0,-76.0,-77.0,-59.0,-54.0,-57.0,-45.0,-3.000363889402346,-1.2619973389199743,-2.876737554755887,-0.18750225339200985,2.2189778276530165,2.4882919156168537,-2.6881212641944954,0.2690822844979187,1.0783463493593552,0.8180921276246698,1.2630434285961574,0.5127650549970963,0.6881889127071266,0.545066121565369,-6.484392166137695,1.5874323844909668,1.04669463634491,-7.14,2.04,1.65
1743703310.374325,2c08d2cc-7a1c-9d34-25ea-6265acb43d72,de3a19f3-1e1f-f59a-601b-03a3d496a7c6,0,-72.0,-77.0,-87.0,-53.0,-49.0,-61.0,-47.0,-2.969842998045602,-1.2610272824929125,-2.813987354203113,-0.14712287231201038,2.272153136334974,1.6288136594844898,-2.724367853631522,0.3357521088983145,1.1021476192326387,0.8045311781959318,1.2072238384642056,0.34349190371640403,1.028731278297921,0.4856578175972918,-6.460701942443848,1.5875945091247559,1.0274724960327148,-7.14,2.04,1.65
1743703311.370077,2c08d2cc-7a1c-9d34-25ea-6265acb43d72,5fd71c52-54e7-99a4-12df-b211029ba217,33,-78.0,-70.0,-80.0,-57.0,-52.0,-62.0,-52.0,-2.9623904080511245,-1.227541227578475,-2.8978319211181867,-0.20381358243652714,2.2491782191767484,2.4194838578806537,-2.5863730475740563,0.3491814981692026,1.115887000454412,0.7650208531586525,1.1578737324103288,0.24830782654763356,0.7473633333639917,0.47209331891400097,-6.440792083740234,1.6146587133407593,1.023306965827942,-7.14,2.04,1.65
1743703312.317845,2c08d2cc-7a1c-9d34-25ea-6265acb43d72,9ea3ad2f-d1e8-e4b6-7c0e-c04e2f75a821,30,-75.0,-77.0,-75.0,-57.0,-55.0,nan,-50.0,-3.0592280052924763,-1.2691631064650506,-2.912093148755561,-0.23540320033872003,2.2298190400365794,nan,-2.5074365797856237,0.22474125155934463,0.9910850799237644,0.7676095123172367,1.2701922850683118,0.3024339459997411,nan,0.40468800106088104,-6.430384159088135,1.655924916267395,1.019116997718811,-7.14,2.04,1.65
1743703313.316449,2c08d2cc-7a1c-9d34-25ea-6265acb43d72,e024995b-9adc-2e9c-c9a4-104888021b3f,29,-75.0,-79.0,-73.0,-56.0,-58.0,-57.0,-50.0,-2.9986709178973827,-1.2750967625318017,-2.9605738658715812,-0.25638598025134535,2.2451233754019952,2.5386867784785236,-2.471113675663618,0.24219214723430685,1.0549611984063967,0.8010739956268453,1.3675285592237811,0.3589113092324088,0.49118513418201853,0.39474042652282476,-6.412232398986816,1.6767264604568481,0.9874330759048462,-7.14,2.04,1.65
