1743704112.402376,2c08d2cc-7a1c-9d34-25ea-6265acb43d72,f442f4ad-e98f-7a4d-d1a3-971669922c3f,4,-72.0,-69.0,-71.0,-69.0,-59.0,-51.0,-36.0,-2.8908512432688704,-0.9017641882801336,-2.9745453415823544,-0.07401750249268127,0.9031096534011004,2.1837120426203707,0.6216772593296588,0.9945178279898493,1.2330238773146207,1.1923914959310637,0.3305290507894239,0.2216569236891685,0.39588167474115876,0.4857217718907823,-3.9241509437561035,1.4349441528320312,0.866025149822235,-4.74,0.39,1.65
1743704113.395232,2c08d2cc-7a1c-9d34-25ea-6265acb43d72,3da62cd7-aa3d-b2bc-05b1-cbe7bfe7daff,0,-77.0,-69.0,-71.0,-70.0,-66.0,-53.0,-36.0,-2.8825147501085957,-0.8849527175828994,-2.974821777703505,-0.05404725642650409,1.0345888393296627,2.2028276286165465,0.56002206867696,0.9150106849631604,1.2407784697767132,1.1945033826754965,0.2463003561766199,0.16449488797630948,0.5336161290234964,0.48690287331083826,-3.9369258880615234,1.2761374711990356,0.8497117161750793,-4.74,0.39,1.65
1743704114.380117,2c08d2cc-7a1c-9d34-25ea-6265acb43d72,465eb9f8-58f3-ffa4-0a9e-81a85a2de890,7,-69.0,-72.0,-69.0,-73.0,-67.0,-52.0,-36.0,-3.035752506599537,-0.9169752323202847,-2.9777496570059383,-0.08720840568795274,0.685305852136531,2.2028276286165465,0.5840259475720937,0.8443097501340094,1.3470722862586646,1.1609093365788559,0.1962371388066039,0.872850158249723,0.5336161290234964,0.49650109619674226,-3.9521048069000244,1.1854833364486694,0.9090787768363953,-4.74,0.39,1.65
1743704115.403733,2c08d2cc-7a1c-9d34-25ea-6265acb43d72,70b444ce-9fde-5856-8ca4-6a62cd577bd8,5,-70.0,-69.0,-70.0,-71.0,-60.0,-51.0,-35.0,3.116343223294752,-0.9026683314702154,-2.9729618259981936,-0.0691212808285706,-0.21459614300825788,2.1943844439805593,0.5410232563518929,0.8578892085323234,1.3343911120960343,1.1928339801461805,0.183628469204651,0.6173244041047994,0.5134641669963593,0.49174123373434103,-3.8371284008026123,1.2087901830673218,1.0193698406219482,-4.74,0.39,1.65
1743704116.381873,2c08d2cc-7a1c-9d34-25ea-6265acb43d72,847a42cf-c656-0246-faa7-977225831b4c,36,-69.0,-83.0,-71.0,-76.0,-56.0,-56.0,-35.0,-3.0898514283511886,-0.9233815994805247,-2.988626805846149,-0.08553354367840191,0.6021993848373798,2.050724177202222,0.682981361377579,0.9235946523677312,1.3483950783721068,1.2315587392409135,0.1679620911971236,0.848224611446336,0.5030356836716555,0.4820447900148958,-3.7258572578430176,1.2146297693252563,1.0501822233200073,-4.74,0.39,1.65
1743704117.402044,2c08d2cc-7a1c-9d34-25ea-6265acb43d72,47105065-6df8-4f22-738a-aaea98cbc33b,5,-70.0,-69.0,-70.0,-71.0,-60.0,-51.0,-36.0,-3.1320217852642664,-0.8964320071455769,-2.9891091043195623,-0.09076106258211845,-0.14878458831554847,2.1297358527597514,0.6029058749826565,0.9440291539909365,1.3741065671162769,1.241252645608802,0.13453208750125306,0.6056554761274857,0.5021740093075155,0.4911851341043162,-3.6116974353790283,1.263519048690796,1.1706477403640747,-4.74,0.39,1.65
1743704118.390638,2c08d2cc-7a1c-9d34-25ea-6265acb43d72,cb25db64-c20e-dd57-d5ee-1c5634c32b8b,35,-70.0,-87.0,-70.0,-73.0,-55.0,-57.0,-36.0,-3.0296442803233314,-0.9006557806344426,-2.9970059095838653,-0.08163361057808988,0.657804863080567,2.0378190801834335,0.7072715593519646,1.0767206226719164,1.4499491339039894,1.2045676015929605,0.09059417392793297,0.3535054447110954,0.4636723455082643,0.4891166663534025,-3.48677134513855,1.3440648317337036,1.2893368005752563,-4.74,0.39,1.65
1743704119.4029,2c08d2cc-7a1c-9d34-25ea-6265acb43d72,d51eb810-9330-9727-8876-645681e0c792,8,-70.0,-71.0,-69.0,-70.0,-65.0,-51.0,-36.0,-3.1353145176360404,-0.9072628169828202,-2.994434627551394,-0.05157637556712857,0.14116001970381162,2.105943462364013,0.6458831627065542,0.9585064971507705,1.3925690645313058,1.1836729723124169,0.06624993544265283,0.9027157153634965,0.5004395108615248,0.4940806792332463,-3.4104247093200684,1.4303796291351318,1.402659296989441,-4.74,0.39,1.65
1743704120.381707,2c08d2cc-7a1c-9d34-25ea-6265acb43d72,71bbc788-9c4a-75e6-ad11-e913b92c3204,16,-84.0,-86.0,-70.0,-65.0,nan,-54.0,-36.0,-3.1031967948896844,-0.8847002499115599,-2.9772686901130703,-0.035113778972694756,nan,2.1746095910932524,0.6827057950656965,0.9151594890890686,1.4399275255639667,1.1783691538434693,0.14515413047616932,nan,0.44461336033707777,0.5290628587416367,-3.4038169384002686,1.3848659992218018,1.4873322248458862,-4.74,0.39,1.65
1743704121.391036,2c08d2cc-7a1c-9d34-25ea-6265acb43d72,80165b2b-5488-39d0-606c-620922ca460c,35,-70.0,-84.0,-71.0,-73.0,-56.0,nan,nan,-2.9989601371917654,-0.8761278006787038,-2.9851244826965853,0.047143011300473665,0.8033218497763994,nan,nan,1.0403390458622894,1.4630677322756651,1.245082803888554,0.1514071328471345,0.4235993128718051,nan,nan,nan,nan,nan,-4.74,0.39,1.65
1743704122.38174,2c08d2cc-7a1c-9d34-25ea-6265acb43d72,50b7ef4c-e333-d2b1-e0a6-4272a050f92d,33,-74.0,-78.0,-70.0,-70.0,-57.0,-58.0,-36.0,-2.9039574579414773,-0.9762769055775152,-3.013940418323461,0.026046514409301974,0.9072142094253136,2.1159066089444685,0.7381647523751068,1.0526274703431602,1.3513931319692638,1.2780560671350978,0.20126631878813678,0.6164485822772594,0.2908725357529142,0.5085125931300649,-3.3848960399627686,1.391035556793213,1.5455430746078491,-4.74,0.39,1.65
1743704123.381913,2c08d2cc-7a1c-9d34-25ea-6265acb43d72,509553cc-a04e-f539-fdf3-3721a8bc543e,32,-75.0,-75.0,-69.0,-71.0,-58.0,-58.0,nan,-2.7958221987237915,-0.9572025469020407,-3.039486258447828,0.008573248181183083,0.9486097220237805,2.143326788260994,nan,1.0435469565533444,1.308279882872243,1.303686595782129,0.25095551182780795,0.6583218888288545,0.22603398817010956,nan,-3.3458402156829834,1.4350004196166992,1.6048219203948975,-4.74,0.39,1.65
1743704124.402538,2c08d2cc-7a1c-9d34-25ea-6265acb43d72,8410c80a-d186-8c28-7d06-e01c6396b892,34,-72.0,-81.0,-70.0,-71.0,nan,-58.0,nan,-2.751721848968733,-0.9553382009809306,-3.036247588246183,0.017267403875855764,nan,2.0438892392189114,nan,1.0696178388866207,1.3723306381433575,1.2966804847444031,0.29521739894773624,nan,0.3088352540987824,nan,nan,nan,nan,-4.74,0.39,1.65
1743704125.395986,2c08d2cc-7a1c-9d34-25ea-6265acb43d72,72d4c49b-1496-04d1-5761-2aa164160401,3,-72.0,-69.0,-72.0,-70.0,-61.0,-55.0,-36.0,-2.872283950464947,-0.9133777011617511,-3.0352715397066685,0.0010673949649037586,0.9629990832188066,2.1193753303138694,0.6216772593296588,1.0006821138070014,1.3329036034691706,1.2673048858144478,0.24742639061977584,0.36767015016362764,0.42560438516215743,0.4857217718907823,-3.307138442993164,1.479137659072876,1.6372219324111938,-4.74,0.39,1.65
1743704126.396543,2c08d2cc-7a1c-9d34-25ea-6265acb43d72,1f34887d-acf5-5665-3717-54f3485ad3f7,34,-72.0,-81.0,-69.0,-71.0,-57.0,-58.0,-36.0,-2.7856918002532387,-0.9085885385734617,-3.013979300475376,-0.029104355972930953,1.1217394523086868,1.9947592976643502,0.7072715593519646,1.0623113232779338,1.2904313772465323,1.3858850628274249,0.23094831440150593,0.19973260193879794,0.4285598380358427,0.4891166663534025,-3.2350471019744873,1.5305180549621582,1.66074013710022,-4.74,0.39,1.65
1743704127.382409,2c08d2cc-7a1c-9d34-25ea-6265acb43d72,2baa69ea-e6d2-03ad-b54f-d90369695e30,21,-75.0,-75.0,-72.0,-64.0,-65.0,-62.0,-38.0,-2.768486181714673,-0.8967345422454098,-2.9600106073010295,-0.013554158367958282,0.7391677630941388,2.0954581696676335,0.7134264230439054,1.0683608934311304,1.2620471400323587,1.3245970708711587,0.2521140701257765,0.30397718539726354,0.5381912637891496,0.5023488123424976,-3.1549322605133057,1.579851746559143,1.6631157398223877,-4.74,0.39,1.65
1743704128.381722,2c08d2cc-7a1c-9d34-25ea-6265acb43d72,875290ed-60ce-5172-990c-aab996838563,26,-78.0,-77.0,-70.0,-69.0,nan,-56.0,nan,-2.672871508045885,-0.9091098523568448,-3.009635152105239,-0.029142705492628096,nan,2.1168785469101667,nan,1.0260463929240522,1.275639381603905,1.238172300333962,0.1855376561006152,nan,0.5702600266971483,nan,-3.08978796005249,1.6141753196716309,1.6643983125686646,-4.74,0.39,1.65
1743704129.381235,2c08d2cc-7a1c-9d34-25ea-6265acb43d72,68a8575c-854c-db88-9d7c-2dbcc1b3e3a7,2,-72.0,-69.0,-71.0,-71.0,nan,nan,-36.0,-2.7150831439558587,-0.8819513350343801,-2.9687156819561715,0.040864609030611856,nan,nan,0.6029058749826565,0.9171432112060414,1.2453126346906278,1.2515276537265458,0.17211142933352155,nan,nan,0.4911851341043162,nan,nan,nan,-4.74,0.39,1.65
1743704130.381949,2c08d2cc-7a1c-9d34-25ea-6265acb43d72,91f76304-a913-b353-ea1a-c6bd353d6865,4,-71.0,-69.0,-71.0,-69.0,-62.0,-51.0,-36.0,-2.7312085843562888,-0.9001045062887962,-2.969344986921757,-0.0398070677617414,0.865519764902008,2.1693382088328312,0.56002206867696,1.0047036202110755,1.306125918182587,1.1919476801354019,0.2578730394697752,0.21960857589716223,0.5435120867468028,0.48690287331083826,-3.05765175819397,1.659821629524231,1.6537898778915405,-4.74,0.39,1.65
1743704131.381612,2c08d2cc-7a1c-9d34-25ea-6265acb43d72,effd0336-7ff3-12f7-0020-fb23d7cdb5ea,10,-73.0,-73.0,-68.0,-69.0,nan,nan,nan,-2.74751618497528,-0.8872880435427899,-2.9723221347043567,-0.0598822423748677,nan,nan,nan,0.9335812401394191,1.4013785351011787,1.1765110663509213,0.2699553519270307,nan,nan,nan,nan,nan,nan,-4.74,0.39,1.65
1743704132.403064,2c08d2cc-7a1c-9d34-25ea-6265acb43d72,c63641aa-7241-bce2-699d-8695a3f8bd4b,22,-74.0,-75.0,-70.0,-66.0,-68.0,-61.0,-38.0,-2.7169654662143268,-0.8750604057138001,-2.9558941592040937,-0.038479748274445905,0.5791047200814283,2.170540520423088,0.6271566725570815,0.8471126606022905,1.2934267676825988,1.163747467352553,0.24949942850180712,0.41870132055401266,0.6256275948912715,0.4998818758958695,-3.0251102447509766,1.7203192710876465,1.6572023630142212,-4.74,0.39,1.65
1743704133.391389,2c08d2cc-7a1c-9d34-25ea-6265acb43d72,643a1769-9c87-1527-4676-8713bc91eef8,2,nan,-68.0,nan,nan,nan,nan,-36.0,nan,-0.8264553189748729,nan,nan,nan,nan,0.56002206867696,nan,0.912871966870745,nan,nan,nan,nan,0.48690287331083826,nan,nan,nan,-4.74,0.39,1.65
1743704134.389852,2c08d2cc-7a1c-9d34-25ea-6265acb43d72,93dbf1b0-0534-237a-f6a9-3bad289edf8a,28,-84.0,-75.0,-69.0,-71.0,-64.0,-56.0,-38.0,-2.657115448088649,-0.7967450938539489,-2.968377194181622,-0.036389433134842705,0.689270286926972,2.1296203643907936,0.6773326225629468,0.8871158701783162,1.2088907109904858,1.184002538497314,0.24313655409111942,0.5425683144369463,0.47319990537017964,0.46847511861071306,-2.972196578979492,1.8010103702545166,1.625070571899414,-4.74,0.39,1.65
1743704135.400977,2c08d2cc-7a1c-9d34-25ea-6265acb43d72,a78a9080-e126-a402-b24d-af759bef3976,0,-76.0,-68.0,-70.0,-70.0,-67.0,-53.0,nan,-2.704325038416375,-0.8205636076952906,-2.908632104602894,-0.07219297082986799,0.8904237400968409,2.1932070829755586,nan,0.8046578780847924,1.1840102616644756,1.1979380615333715,0.2122838162177946,0.2977056465984365,0.5746031554511063,nan,-2.933539867401123,1.8490307331085205,1.6201865673065186,-4.74,0.39,1.65
1743704136.40276,2c08d2cc-7a1c-9d34-25ea-6265acb43d72,3378e350-17d1-e014-f58c-337061381d7c,31,-75.0,-74.0,-69.0,-71.0,-58.0,-56.0,-36.0,-2.636268755707727,-0.8593184605103417,-2.950986485947296,-0.02273860201931455,0.871359457571135,2.2060530117262713,0.7377381355198545,0.8610921923753617,1.243555880477557,1.2354002159552984,0.18863747574092654,0.5406701807612275,0.3550724725506339,0.46295199318252706,-2.92152214050293,1.866835594177246,1.6213502883911133,-4.74,0.39,1.65
1743704137.39713,2c08d2cc-7a1c-9d34-25ea-6265acb43d72,ebef017f-4677-4dd7-30a6-d4e7e91be499,15,nan,nan,-69.0,-67.0,nan,-52.0,-36.0,nan,nan,-2.956739712850194,0.10764976495096494,nan,2.2330813316811495,0.7264675944734252,nan,nan,1.1492377667854743,0.23937240891688777,nan,0.3411439131756796,0.5285947190192561,nan,nan,nan,-4.74,0.39,1.65
1743704138.3915,2c08d2cc-7a1c-9d34-25ea-6265acb43d72,e9103917-bfd1-1145-cd5b-d4026325391b,32,-74.0,-75.0,-70.0,-70.0,-58.0,-56.0,-37.0,-2.5927899877510936,-0.8545652505967682,-3.0034736626072314,0.02205257172251014,0.9242878940004574,2.2113534429701045,0.756362540682201,0.9197706193584864,1.236709559105236,1.1927150700035083,0.20655905184904663,0.6060027454984174,0.24844300335433342,0.5013739587438996,-2.9548122882843018,1.84378719329834,1.6077672243118286,-4.74,0.39,1.65
1743704139.391278,2c08d2cc-7a1c-9d34-25ea-6265acb43d72,cb9242ef-1b98-9d14-f917-ce9628bdd8a1,6,-69.0,-70.0,-69.0,-72.0,nan,nan,nan,-2.669133228823741,-0.8792527539018028,-2.996465820514797,-0.021505558434607865,nan,nan,nan,0.9523430102819458,1.2881063044568384,1.190467495201536,0.1812467709522795,nan,nan,nan,nan,nan,nan,-4.74,0.39,1.65
1743704140.38196,2c08d2cc-7a1c-9d34-25ea-6265acb43d72,0cc69ba7-2e18-65e8-5a3a-d1daab148285,25,-75.0,-78.0,-71.0,-68.0,-63.0,-58.0,-38.0,-2.6600747526919455,-0.8573192254800192,-3.0175460721233196,-0.014541392184050657,0.7764423775336594,2.207711895253969,0.7437120575793186,0.9040853994862466,1.2862390290585295,1.172695954931328,0.22174619401841428,0.776279030690394,0.4628698298942607,0.47583237058646466,-2.98186993598938,1.8545818328857422,1.6083276271820068,-4.74,0.39,1.65
1743704141.391475,2c08d2cc-7a1c-9d34-25ea-6265acb43d72,c99cda81-2eea-a52e-e7a7-6382b32fd197,15,-89.0,-88.0,-69.0,-67.0,-62.0,nan,-36.0,-2.7208211908405437,-0.8796362490987742,-2.9498256140281303,0.061217551345433434,-0.2244305379262908,nan,0.733366622180026,0.9394607008779872,1.3508567713257214,1.1432869333296922,0.3877550895825601,0.8952123413247861,nan,0.5416016547673599,-3.057333469390869,1.8417162895202637,1.565995454788208,-4.74,0.39,1.65
1743704142.390496,2c08d2cc-7a1c-9d34-25ea-6265acb43d72,f2012e9d-962f-8d5f-dabe-0a02c2d87366,31,-75.0,-74.0,-70.0,-71.0,-59.0,-56.0,-37.0,-2.6867979763342364,-0.8951076171354806,-2.9607222039442984,0.05949635033291522,0.5049057499713837,2.2084356844494004,0.774417117641459,0.9223357761204506,1.3225637473788834,1.198597060745112,0.3468585891978946,1.0062244804984042,0.3065491892108318,0.4940968454500311,-3.1307289600372314,1.8499181270599365,1.5495208501815796,-4.74,0.39,1.65
1743704143.402962,2c08d2cc-7a1c-9d34-25ea-6265acb43d72,1e1277e7-2281-cbda-4089-8e2ba2c3b27e,6,-70.0,-70.0,-70.0,-72.0,-63.0,-51.0,-36.0,-2.7608058914469935,-0.9029373107403135,-2.9729386564967104,-0.009358081754429435,-0.2776537713566969,2.2062932414835896,0.6516584721111741,0.8982164582339847,1.271934391895387,1.1015874898763678,0.38305717355111946,0.800804952406441,0.3939052941192637,0.507988122236652,-3.19857120513916,1.8809674978256226,1.5303915739059448,-4.74,0.39,1.65
1743704144.383037,2c08d2cc-7a1c-9d34-25ea-6265acb43d72,72b5f736-b9bb-cb8d-94c0-30b4494571c4,16,nan,nan,nan,-65.0,nan,nan,-36.0,nan,nan,nan,0.03389298592900243,nan,nan,0.689270286926972,nan,nan,nan,0.5658248591571865,nan,nan,0.5425683144369463,nan,nan,nan,-4.74,0.39,1.65
1743704145.382903,2c08d2cc-7a1c-9d34-25ea-6265acb43d72,55f05e3b-3f0d-e2ea-7671-742d914ddb78,28,nan,-75.0,-69.0,-71.0,nan,nan,-38.0,nan,-0.887731459864288,-2.9464386057537677,0.039327698765527136,nan,nan,0.7381647523751068,nan,1.3445520037610683,1.1192544344947626,0.503847541242267,nan,nan,0.5085125931300649,nan,nan,nan,-4.74,0.39,1.65
1743704146.402934,2c08d2cc-7a1c-9d34-25ea-6265acb43d72,c7e5b1f5-12ca-b685-f23a-50148215b413,25,-75.0,-80.0,-71.0,-68.0,-68.0,-58.0,-38.0,-2.7440817724335136,-0.8840216764658076,-2.955103999308667,0.022509303849458727,0.027148588518752816,2.194384443978889,0.7317400038495749,0.7814657397318372,1.3183034885830835,1.1153821316907602,0.3931881712329172,0.8724831357024703,0.5438679928897621,0.4955644320473586,-3.234767198562622,1.94674277305603,1.564989447593689,-4.74,0.39,1.65
1743704147.382805,2c08d2cc-7a1c-9d34-25ea-6265acb43d72,be349aec-660a-fdb2-407e-7a97146b2333,34,-71.0,-83.0,-70.0,-71.0,-55.0,nan,-36.0,-2.70563637893713,-0.9015042637577418,-2.975388764699583,0.03800863507761089,0.5785293169929311,nan,0.7679621374981878,0.9437800818499866,1.3576349157741368,1.2054244736736934,0.33265228925800316,0.856084941535616,nan,0.481581183670704,-3.2623603343963623,2.0149693489074707,1.587253451347351,-4.74,0.39,1.65
1743704148.382894,2c08d2cc-7a1c-9d34-25ea-6265acb43d72,9829f8d4-f89e-d275-de12-e22424da8902,14,-82.0,-92.0,-68.0,-67.0,-58.0,-52.0,-36.0,-2.6624468302748787,-0.887627330265666,-2.9929898626600258,0.01693663926846792,-0.3067692149533458,2.231445704834686,0.733366622180026,0.9922759124051933,1.4270053353226841,1.1334635973328255,0.6308914106470842,1.026251541932785,0.461170593821747,0.5416016547673599,-3.290416955947876,2.11566710472107,1.678445816040039,-4.74,0.39,1.65
1743704149.387941,2c08d2cc-7a1c-9d34-25ea-6265acb43d72,7ae4cac2-7fbf-d691-26db-30bd2a9edb1d,17,-79.0,-83.0,-72.0,-65.0,-59.0,-53.0,-37.0,-2.628608705464332,-0.9240017165403498,-2.8972185951191416,0.01324043799154695,-0.06080744654635594,2.231445704834686,0.7219412611043525,1.0557309185404569,1.4624645262887621,1.1095783713061778,0.7008893375274816,0.9590616390259774,0.461170593821747,0.562018240581359,-3.288062334060669,2.2731149196624756,1.7428442239761353,-4.74,0.39,1.65
1743704150.397647,2c08d2cc-7a1c-9d34-25ea-6265acb43d72,d2004492-337a-73f6-4678-bfdd832932d1,29,-78.0,-75.0,-69.0,-71.0,-62.0,-56.0,-37.0,-2.5855973222790074,-0.8701237040011202,-2.8964747742266823,0.0455677515156918,0.4522320003229029,2.174667016105405,0.756362540682201,1.0850822161254654,1.4213274758786354,1.1386536988232268,0.6985683926374775,0.8378231329895439,0.29321923992277543,0.5013739587438996,-3.26639461517334,2.4212403297424316,1.7544455528259277,-4.74,0.39,1.65
1743704151.390737,2c08d2cc-7a1c-9d34-25ea-6265acb43d72,c6ab6751-0824-563c-45bf-e650a1ceadee,22,-71.0,-77.0,-72.0,-65.0,-61.0,-58.0,-38.0,-2.590420040697032,-0.861180542744525,-2.9342738185265036,0.03602804217491896,0.29213914278896336,2.200600322102512,0.7381647523751068,1.113321643955366,1.3885723255253692,1.0823507449534258,0.6734724935792794,0.5735084445585193,0.4731999053728592,0.5085125931300649,-3.201619863510132,2.6067757606506348,1.703291416168213,-4.74,0.39,1.65
1743704152.396904,2c08d2cc-7a1c-9d34-25ea-6265acb43d72,04040f42-e46c-110d-2720-4b085cfeabee,10,-70.0,-73.0,-68.0,-69.0,-60.0,-52.0,-36.0,-2.604668751477283,-0.915966293741308,-2.8906789367463426,-0.005030444983050673,0.7645512382514545,2.2110242598124406,0.6827057950656965,0.9912180382411866,1.406445065917,1.1450523428163057,0.6884573020848282,0.3246256926778205,0.5232471051374624,0.5290628587416367,-3.157442808151245,2.699923276901245,1.6356258392333984,-4.74,0.39,1.65
1743704153.403749,2c08d2cc-7a1c-9d34-25ea-6265acb43d72,b3e53252-f7df-f8d3-2b4a-c944053ea754,23,-71.0,-76.0,-71.0,-66.0,nan,-60.0,-38.0,-2.7516028056680066,-0.9049131099530432,-2.8423225892532287,-0.004697017214572752,nan,2.170540520423088,0.7198230197903684,0.9972399780980737,1.3075475135724715,1.0946483573400574,0.6341010523928478,nan,0.6256275948912715,0.5155092784431092,-3.160111427307129,2.747610330581665,1.5144991874694824,-4.74,0.39,1.65
1743704154.382336,2c08d2cc-7a1c-9d34-25ea-6265acb43d72,ae4d219b-bb16-063b-7c65-c9af7e9e8e3a,26,-75.0,-79.0,-70.0,-69.0,-64.0,-56.0,-38.0,-2.6529284262228265,-0.9090985339222118,-2.8824891837621305,0.0059660134739955096,0.6958946030779044,2.1439081308701784,0.7317400038495749,0.982478741966037,1.2953999037342387,1.0920497113273853,0.6124360371879715,0.6378112687643595,0.6237523707793927,0.4955644320473586,-3.21666693687439,2.715169668197632,1.3566687107086182,-4.74,0.39,1.65
1743704155.382794,2c08d2cc-7a1c-9d34-25ea-6265acb43d72,4f10ff8b-83ca-19e5-f5db-8226fdf4fc90,14,-84.0,-95.0,-69.0,-68.0,-63.0,-52.0,-36.0,-2.597986613986165,-0.8932913412720466,-2.88753081402176,0.021501297376863737,-0.219716341030035,2.2022566132088093,0.7148118576106433,0.9454174598671947,1.203473308701047,1.130282584568781,0.7705387897792422,0.8781875833930886,0.5032163483755813,0.5488778613372913,-3.288567543029785,2.6227691173553467,1.208396553993225,-4.74,0.39,1.65
1743704156.383007,2c08d2cc-7a1c-9d34-25ea-6265acb43d72,ed50d41e-052b-8227-cbf5-bb032c32ada5,11,-72.0,-76.0,-68.0,-69.0,-60.0,-52.0,-35.0,-2.538131535854416,-0.9134159175233937,-2.8860650101577803,0.006434729825849455,0.6403392569135513,2.2189778276530165,0.696092999535917,0.9259070751422469,1.2279602759759984,1.1022096043070102,0.8523917782521273,0.4801137821079253,0.5127650549970963,0.5559994733960484,-3.375791549682617,2.448814630508423,1.0099449157714844,-4.74,0.39,1.65
1743704157.390192,2c08d2cc-7a1c-9d34-25ea-6265acb43d72,bab3d684-20d0-2694-8d3a-e32d9ad192cc,26,-75.0,-79.0,-70.0,-69.0,nan,-56.0,nan,-2.4935105381062472,-0.9019687190518517,-2.923897610287337,0.011790346777998803,nan,2.167541384000756,nan,0.9045047807789067,1.3110642177919212,1.1051922781488717,0.7806825706342723,nan,0.5738777189471881,nan,nan,nan,nan,-4.74,0.39,1.65
1743704158.383125,2c08d2cc-7a1c-9d34-25ea-6265acb43d72,c5ccd8d1-ee4d-7e96-5fc6-bef866842d3d,28,-80.0,-75.0,-69.0,-72.0,-64.0,-56.0,-38.0,-2.4861985630173256,-0.8458593769932992,-2.9365806486627304,0.06039303667194489,0.7903796669553276,2.142084604613788,0.7381647523751068,0.9585681493300061,1.2619023972271133,1.175569505747524,0.7550421882912073,0.5967902241402202,0.42593883086263645,0.5085125931300649,-3.4378087520599365,2.3440663814544678,0.8652448654174805,-4.74,0.39,1.65
1743704159.398277,2c08d2cc-7a1c-9d34-25ea-6265acb43d72,388e612b-1dab-8980-b30c-5e04b1ab4568,33,-71.0,-79.0,-69.0,-70.0,-57.0,-58.0,-36.0,-2.5631359553291704,-0.8256262769275311,-2.955673116833617,0.043427901579813126,0.8159695607154474,2.1411721995400717,0.7679621374981878,1.1297956255634598,1.2404710078288639,1.2681796010744841,0.5793694301452205,0.7560944595411255,0.2795763378801945,0.481581183670704,-3.5001893043518066,2.1962499618530273,0.7244462966918945,-4.74,0.39,1.65
1743704160.397347,2c08d2cc-7a1c-9d34-25ea-6265acb43d72,9974bdc0-ef12-1b07-d14b-5aa04ba7b712,18,-74.0,-78.0,-72.0,-64.0,nan,nan,nan,-2.5412442385365006,-0.8619736321171506,-2.8867622257311627,0.1272724684948868,nan,nan,nan,1.1776430429722595,1.3482419466094273,1.166222875585782,0.6063911941457094,nan,nan,nan,nan,nan,nan,-4.74,0.39,1.65
1743704161.383454,2c08d2cc-7a1c-9d34-25ea-6265acb43d72,c1bd8f4d-d922-481f-660b-f86fe713341e,30,-74.0,-75.0,-69.0,-71.0,-59.0,-56.0,-37.0,-2.503444661604461,-0.8597371094337021,-2.9036107143675496,0.2248046181485317,0.9406288334505379,2.1327739721487573,0.77964722689708,1.1474104388035162,1.2845382012283504,1.2786649989183443,0.5871362731483276,0.7560944595477039,0.20176293436833634,0.46201484450400554,-3.565680503845215,1.9957774877548218,0.6014786958694458,-4.74,0.39,1.65
1743704162.391729,2c08d2cc-7a1c-9d34-25ea-6265acb43d72,79e98466-fb18-624d-85aa-58fcf8c55abe,11,-72.0,-75.0,-67.0,-69.0,nan,nan,nan,-2.5131167300514106,-0.8534296787079585,-2.9446790552215525,0.11928937681126528,nan,nan,nan,1.0956349919449044,1.3216693247267801,1.1760624568652973,0.705643080073273,nan,nan,nan,nan,nan,nan,-4.74,0.39,1.65
1743704163.383678,2c08d2cc-7a1c-9d34-25ea-6265acb43d72,ef143ca8-e4a4-5908-34cb-1516b21fb01a,10,-70.0,-73.0,-68.0,-69.0,-62.0,-52.0,-35.0,-2.580247031649038,-0.8845135623191454,-2.9551210435396436,0.03934261246763158,0.990823897083504,2.1895824263547254,0.7072715593519646,1.083822274613749,1.3641500730649065,1.152824512141593,0.7860741402611379,0.37890702927515907,0.3857995085459252,0.4891166663534025,-3.6476058959960938,1.804195761680603,0.514677345752716,-4.74,0.39,1.65
1743704164.403919,2c08d2cc-7a1c-9d34-25ea-6265acb43d72,df3d53fb-bf55-7370-362f-ba49a12ce960,18,-74.0,-79.0,-72.0,-64.0,-61.0,-54.0,-36.0,-2.5648323889435503,-0.8829047467046285,-2.9244326393503335,0.08082321065837877,0.7290933567157764,2.210922309541697,0.7013368089722897,1.1500056892857986,1.3160286163799375,1.1496683999337398,0.7239114996238625,0.3919975356165604,0.4229330807854587,0.522360531236157,-3.775012254714966,1.5365102291107178,0.4556731879711151,-4.74,0.39,1.65
1743704165.402861,2c08d2cc-7a1c-9d34-25ea-6265acb43d72,70113a2c-3755-681a-42dc-4e5280f5d79a,25,-74.0,-79.0,-71.0,-68.0,-66.0,-58.0,-36.0,-2.5743095139987062,-0.8910481606858727,-2.964572868564444,0.05824253409170592,0.5567264493433391,2.1856912568050775,0.7134264230439054,1.057650525054186,1.2240928334409855,1.1349993091754202,0.7183903006309372,0.738547576755019,0.55399845876599,0.5023488123424976,-3.8922131061553955,1.3107904195785522,0.38921913504600525,-4.74,0.39,1.65
1743704166.390775,2c08d2cc-7a1c-9d34-25ea-6265acb43d72,2daf7fe0-7264-91c9-cc09-ef44d565cd0a,29,-77.0,-75.0,-69.0,-71.0,-63.0,-55.0,-37.0,-2.490106219284799,-0.8255610294808243,-2.961442855335274,0.09684105935076937,0.7886771030378574,2.1775653372994532,0.7499183878592163,1.0133507711125083,1.2442593544795015,1.216839980528264,0.6669195859800576,0.7886557401403771,0.33008555168494247,0.4886407861110112,-3.95643949508667,1.0978344678878784,0.4130837321281433,-4.74,0.39,1.65
1743704167.398148,2c08d2cc-7a1c-9d34-25ea-6265acb43d72,651634e2-c2af-f59f-277f-8696843557b0,4,-71.0,-69.0,-71.0,-69.0,-61.0,-51.0,-36.0,-2.519631621026072,-0.8595986250570179,-2.9565516936772345,0.0955283872494693,0.77964722689708,2.2171205910353424,0.6216772593296588,0.9879478095806238,1.2355392329642008,1.1974126198502992,0.6971175024756024,0.46201484450400554,0.4124647387402153,0.4857217718907823,-3.9883599281311035,0.9106760621070862,0.45511719584465027,-4.74,0.39,1.65
1743704168.391007,2c08d2cc-7a1c-9d34-25ea-6265acb43d72,eafacc02-18e5-957a-7452-b4c1e38e76b8,25,-75.0,-78.0,-71.0,-68.0,nan,nan,-38.0,-2.504211651998404,-0.8832629418712442,-2.9368930374585966,-0.014064153716708456,nan,nan,0.6888608915223651,0.9042583717990472,1.2072620548258481,1.188198082478625,0.6543959377959055,nan,nan,0.4955509710579196,nan,nan,nan,-4.74,0.39,1.65
1743704169.399782,2c08d2cc-7a1c-9d34-25ea-6265acb43d72,eef0b0d4-82bb-7476-3249-aea57ad7fdc4,28,-85.0,-75.0,-69.0,-71.0,-64.0,-56.0,-41.0,-2.4702603428415286,-0.8766708192249709,-2.9137320580903956,-0.01203961865603022,0.8795071335623581,2.1324964092366256,0.7255552026937158,0.9423871154418209,1.1441888128328475,1.1952741014949655,0.648800103713431,0.5518521410116621,0.4072047091804439,0.4825427476666032,-4.008718967437744,0.7496546506881714,0.4680977165699005,-4.74,0.39,1.65
1743704170.403405,2c08d2cc-7a1c-9d34-25ea-6265acb43d72,f8874112-b584-d121-3f33-58626060fda3,10,-72.0,-72.0,-69.0,-69.0,-62.0,-53.0,-35.0,-2.478619472871069,-0.8965981883975979,-2.9082973452538705,0.0723477004892016,1.0212978997730435,2.1779283011735417,0.6888608915223651,0.8525260015710673,1.2322311874161587,1.1539259955684498,0.7250209725339893,0.2817898752092266,0.5035640688355347,0.4955509710579196,-4.00211477279663,0.7157611846923828,0.5189091563224792,-4.74,0.39,1.65
1743704171.384139,2c08d2cc-7a1c-9d34-25ea-6265acb43d72,b7fd11bc-0a6d-e707-9d8a-9789efd77067,6,-71.0,-71.0,-70.0,-74.0,-62.0,-51.0,nan,-2.5276197727157643,-0.8954463712261387,-2.908307731582122,-0.06110969332128523,0.452778304672219,2.2098956681943043,nan,0.8791474258806901,1.2917670856912613,1.1612833775539573,0.7754237595877473,1.205107526769251,0.4928592705180706,nan,-3.991802930831909,0.8174750804901123,0.5375552773475647,-4.74,0.39,1.65
1743704172.390937,2c08d2cc-7a1c-9d34-25ea-6265acb43d72,ed79a45e-2cd7-5be7-242b-313eb9b4b9e4,2,-73.0,-69.0,-71.0,-71.0,-65.0,-51.0,-36.0,-2.5737784796773444,-0.8656866113089391,-2.9269724960819423,-0.019075956572128575,0.7070435432090169,2.2189778276530165,0.6164224688998949,0.9294850320667684,1.2959993812956156,1.1748824101862831,0.7087774209392146,0.6167259971114346,0.5127650549970963,0.47150711366494336,-3.982544183731079,0.89325749874115,0.5284640192985535,-4.74,0.39,1.65
1743704173.383305,2c08d2cc-7a1c-9d34-25ea-6265acb43d72,e5dab433-5709-3a2c-9c31-f752e54d13d1,29,-78.0,-75.0,-69.0,-71.0,-62.0,-56.0,-37.0,-2.5382551065289958,-0.8491526419972912,-2.965805912149151,0.006588660536856036,0.8386652577676581,2.1442993425296453,0.701352412841905,0.9251596589823161,1.2861456852623225,1.2024674327573244,0.7160116983033332,0.6900823640466791,0.31514848939668305,0.4758160588358846,-3.974520683288574,0.946174144744873,0.501261830329895,-4.74,0.39,1.65
1743704174.395256,2c08d2cc-7a1c-9d34-25ea-6265acb43d72,e0db2b7e-a799-da33-dae7-53eaf8c0feb1,27,-82.0,-76.0,-70.0,-70.0,-63.0,-56.0,-37.0,-2.5271246910691185,-0.8742508047424159,-2.9533812003994955,-0.023803600139237237,0.881452703594792,2.126030792714784,0.7196046315850885,0.8724391228318623,1.3124241610025698,1.1697200055712191,0.7085541814608387,0.8138248490680631,0.4164531985578593,0.4694507935092942,-3.9660110473632812,0.9897098541259766,0.47406816482543945,-4.74,0.39,1.65
1743704175.391455,2c08d2cc-7a1c-9d34-25ea-6265acb43d72,aa6145a8-cc08-1932-c837-e8b26e4b2d89,8,-70.0,-71.0,-69.0,-70.0,nan,-52.0,-36.0,-2.686702901483321,-0.8565903182896645,-3.0075259285218965,0.0630077282301847,nan,2.1693382088360313,0.6588912060633353,0.9517373408710345,1.439898230791976,1.1620189426470373,0.6837160098171329,nan,0.48377215338577373,0.47436395980008567,-3.9363858699798584,1.0031318664550781,0.48799440264701843,-4.74,0.39,1.65
1743704176.404955,2c08d2cc-7a1c-9d34-25ea-6265acb43d72,48ca10e0-0a37-56f6-61ff-e6fc718d94ab,0,-78.0,-69.0,-70.0,-69.0,-69.0,-52.0,-37.0,-2.7577387288195494,-0.7915490002510953,-3.0171505927014426,0.08193774357457694,0.862580141564384,2.211044667253713,0.6029058749826565,0.839469654589872,1.4000437587628314,1.2304391463186446,0.6326267929924071,0.45575418621767066,0.5539984587670695,0.4911851341043162,-3.878042459487915,1.1036698818206787,0.5339879989624023,-4.74,0.39,1.65
1743704177.402983,2c08d2cc-7a1c-9d34-25ea-6265acb43d72,e63b7390-9208-c37c-659e-28c7cc34d7c1,25,-74.0,-78.0,-71.0,-68.0,-64.0,-59.0,-38.0,-2.6422406281361206,-0.9705244776229439,-2.9982613237217284,0.11783182874666491,0.6376969467833804,2.1543198495946507,0.6644915328253151,0.8174373228916465,1.372086026797234,1.2121911665294216,0.5812371050176931,0.7814837131715083,0.6142118236055638,0.48813399235614524,-3.7930238246917725,1.3165409564971924,0.56830632686615,-4.74,0.39,1.65
1743704178.391623,2c08d2cc-7a1c-9d34-25ea-6265acb43d72,20db86cd-b370-411e-c679-8f49e256ca0f,1,-76.0,-69.0,-71.0,-72.0,-64.0,-54.0,-37.0,-2.7339132907593733,-0.8930508578256123,-3.0228641385040986,0.061807974159103996,0.8208811525955748,2.217304759395112,0.597722795753883,0.8704835636434172,1.3832642459986775,1.1807552130221264,0.4084099344964558,0.4167006953268758,0.6060027455670415,0.47678324361400476,-3.6977665424346924,1.5344724655151367,0.6123481392860413,-4.74,0.39,1.65
1743704179.391852,2c08d2cc-7a1c-9d34-25ea-6265acb43d72,db0f068a-56d5-8438-a9d0-9c86d8047e81,31,-73.0,-75.0,-69.0,-71.0,nan,-57.0,nan,-2.5899100453482817,-0.8769403311272869,-3.019113076108722,0.034620295222703074,nan,2.2229358844876086,nan,0.9459806518587193,1.257134539927544,1.276372816168113,0.4157229415602998,nan,0.36247040334062763,nan,nan,nan,nan,-4.74,0.39,1.65
1743704180.384212,2c08d2cc-7a1c-9d34-25ea-6265acb43d72,e8a4a87e-c5b4-5715-27ae-bda006fd7e49,4,-73.0,-69.0,-71.0,-69.0,-61.0,-51.0,-36.0,-2.8070926964570067,-0.8881831319851655,-3.0069970247294067,0.03945925892337705,0.8652031912943179,2.2277488610673433,0.5552196058973632,0.9577608120455484,1.2654523909601882,1.2617624481118292,0.4153470696619488,0.28108030858252153,0.43130411483625636,0.47209331883671274,-3.59640884399414,1.7488105297088623,0.691759467124939,-4.74,0.39,1.65
1743704181.3976,2c08d2cc-7a1c-9d34-25ea-6265acb43d72,caba242b-7cbb-ee4b-695c-db6054fd521a,30,-76.0,-75.0,-69.0,-70.0,-60.0,-56.0,-37.0,-2.5454238035512713,-0.8515122027231014,-2.957171144946787,0.08413591673832833,0.8886300327859179,2.199956393633,0.6644915328253151,0.8724029704200646,1.2500746330357986,1.2674359133400792,0.3869457882167987,0.5314960206853888,0.27950084813042325,0.48813399235614524,-3.507351875305176,1.8571771383285522,0.7381739616394043,-4.74,0.39,1.65
1743704182.396524,2c08d2cc-7a1c-9d34-25ea-6265acb43d72,67e0d7c3-137a-83bb-e02e-a6262a26a687,34,-71.0,-81.0,-71.0,-71.0,-55.0,-57.0,-36.0,-2.5807937786208317,-0.8435434921093664,-3.0218843615390583,0.03712632980846763,0.9664437344195802,2.102763939674355,0.7255552026937158,1.0686479156176136,1.2396499552647922,1.278175110435824,0.36408195104722313,0.7000856601613333,0.2322568933428604,0.4825427476666032,-3.456949472427368,1.7136318683624268,0.7815881967544556,-4.74,0.39,1.65
1743704183.392428,2c08d2cc-7a1c-9d34-25ea-6265acb43d72,76c8936b-2199-19a3-b956-a019982b72bc,22,-74.0,-75.0,-72.0,-65.0,-72.0,-59.0,-38.0,-2.528449880027542,-0.8564054949100129,-2.9779509919843483,0.000587227020362472,0.5829957985388102,2.181351375820998,0.7381647523751068,0.9003544439571002,1.2524029016188,1.2093772705216437,0.3239678873908229,0.69561332033982,0.43465503169736164,0.5085125931300649,-3.417524814605713,1.6157972812652588,0.8400267362594604,-4.74,0.39,1.65
1743704184.392013,2c08d2cc-7a1c-9d34-25ea-6265acb43d72,d5003803-d25c-1564-6090-136fdfbd032d,22,-75.0,-75.0,-72.0,-65.0,-71.0,nan,-38.0,-2.5354755652992798,-0.8612417954495969,-2.9087767142500853,0.017172329024939936,0.3910894470141252,nan,0.7264675944734252,0.8826665935241481,1.2422095193884675,1.1635589155473753,0.324524354900595,0.625532290377586,nan,0.5285947190192561,-3.378861665725708,1.6581594944000244,0.907698154449463,-4.74,0.39,1.65
1743704185.384666,2c08d2cc-7a1c-9d34-25ea-6265acb43d72,89a3f4ca-a411-e8be-237c-32b35b88fe8c,20,-75.0,-75.0,-72.0,-63.0,-63.0,-58.0,-38.0,-2.55909327679443,-0.8537718949080337,-2.82942090535234,0.04710093335525041,0.3278788276341541,2.19326773897359,0.7079460653409663,0.9896576921585093,1.29801819055995,1.1385769997838326,0.30886663216661037,0.4325820580565221,0.4834281148661098,0.5356574292716433,-3.3429360389709473,1.711890459060669,0.975651204586029,-4.74,0.39,1.65
1743704186.392368,2c08d2cc-7a1c-9d34-25ea-6265acb43d72,f79c151e-14e7-cc61-5d5e-518238e4ed7d,36,-69.0,-83.0,-70.0,-77.0,-55.0,nan,-36.0,-2.5971823393369613,-0.8577245585979292,-2.876813987479172,0.04290459042561256,0.6021993848373798,nan,0.756362540682201,1.026146461202012,1.3841630628665795,1.2464873550474618,0.30702858496126495,0.848224611446336,nan,0.5013739587438996,-3.2959017753601074,1.8552230596542358,1.0459551811218262,-4.74,0.39,1.65
1743704187.392349,2c08d2cc-7a1c-9d34-25ea-6265acb43d72,3da50280-7e3f-a629-3813-8700f86bf489,36,-68.0,-82.0,-71.0,-77.0,-55.0,nan,nan,-2.7076611803139174,-0.8633382358597074,-2.8662116768634576,0.016397881779944893,1.1037239513572852,nan,nan,1.0188400787513794,1.4555895759347228,1.3008922740083635,0.32073041561166804,0.745485311708094,nan,nan,nan,nan,nan,-4.74,0.39,1.65
1743704188.40476,2c08d2cc-7a1c-9d34-25ea-6265acb43d72,a3569090-d61b-2b8e-3ede-d89933b73884,33,-74.0,-78.0,-70.0,-70.0,-56.0,-58.0,-36.0,-2.5984137850250137,-0.8366997007400807,-2.8593071654213182,0.011802331002904159,1.1042275335225369,2.1411721995400717,0.785871994721283,1.084995729969065,1.3850140759929144,1.355527290087448,0.28266142664585325,0.7674079530583443,0.2795763378801945,0.47438892243630865,-3.250300884246826,1.9503564834594727,1.1313748359680176,-4.74,0.39,1.65
1743704189.395696,2c08d2cc-7a1c-9d34-25ea-6265acb43d72,3ec07e6d-75a3-f2c7-cbe0-309043a0b59d,21,-73.0,-75.0,-72.0,-64.0,-67.0,-61.0,-38.0,-2.5413401123357433,-0.8344330843363141,-2.866628727890164,0.02161661225206417,0.6010192264162039,2.1979080686822488,0.7381647523751068,0.9508547692857822,1.3673262921389897,1.2363371160267882,0.2719063005178387,0.6387591928695339,0.4436018497751216,0.5085125931300649,-3.2197647094726562,1.9541213512420654,1.2133588790893555,-4.74,0.39,1.65
1743704190.392672,2c08d2cc-7a1c-9d34-25ea-6265acb43d72,2ba2af4f-2fa6-6e58-1861-291595376d6d,5,nan,nan,nan,nan,nan,nan,-36.0,nan,nan,nan,nan,nan,nan,0.6271566725570815,nan,nan,nan,nan,nan,nan,0.4998818758958695,nan,nan,nan,-4.74,0.39,1.65
1743704191.40482,2c08d2cc-7a1c-9d34-25ea-6265acb43d72,74a2e315-6357-2dca-1604-f4d892933c25,5,-70.0,-70.0,-71.0,-72.0,nan,nan,nan,-2.834264662742976,-0.9033439754387687,-2.904624846110652,0.006567088932026393,nan,nan,nan,0.9567802361321812,1.3414221236899524,1.2299828136658595,0.2662218164605782,nan,nan,nan,nan,nan,nan,-4.74,0.39,1.65
1743704192.384535,2c08d2cc-7a1c-9d34-25ea-6265acb43d72,4fb157d1-d319-8986-b7b4-789e1c78e6de,3,-73.0,-69.0,-73.0,-70.0,-63.0,-52.0,-36.0,-3.1215691443018145,-0.8640948399253988,-2.905752961148409,0.0019523633951370896,0.7823401135538764,2.2266918480002578,0.56002206867696,0.915244111032706,1.2555253248388636,1.1726285769557492,0.24480311036702054,0.37458943563937985,0.502174009311346,0.48690287331083826,-3.19121789932251,1.956574559211731,1.2819472551345825,-4.74,0.39,1.65
1743704193.384655,2c08d2cc-7a1c-9d34-25ea-6265acb43d72,833930c9-f0a5-18dc-0715-6b66c5a3b94e,15,-84.0,-88.0,-69.0,-67.0,-63.0,-53.0,-36.0,-3.1132792564606158,-0.8682032985390641,-2.86346489251515,0.017522002076067338,-0.08622000578812808,2.2400535754573747,0.6259440327875946,0.8827584060027285,1.3259807162155093,1.1153031689644393,0.3794800155749251,0.6265498450576562,0.40981502051909435,0.5482413139534016,-3.164951801300049,2.0576822757720947,1.347124695777893,-4.74,0.39,1.65
1743704194.404795,2c08d2cc-7a1c-9d34-25ea-6265acb43d72,2b213c36-dfbb-06b8-a54e-3e354b4e3f66,25,-76.0,-78.0,-71.0,-68.0,nan,nan,nan,-2.900854342639317,-0.8780069271438637,-2.853951015836951,0.018235462932099565,nan,nan,nan,0.9269018323884187,1.3034443812809864,1.0904477533526753,0.2615345530734979,nan,nan,nan,nan,nan,nan,-4.74,0.39,1.65
1743704195.404275,2c08d2cc-7a1c-9d34-25ea-6265acb43d72,8d104123-f170-b311-7aae-d0811a4e5c3a,2,-74.0,-69.0,-70.0,-71.0,-65.0,-50.0,-36.0,-2.9078014646588977,-0.8780647177395184,-2.8200335288259195,0.0208008860101729,0.4751909380164328,2.2584995389297746,0.5840259475720937,0.7923878959944701,1.27187180760977,1.1492516152231427,0.2129731921107184,0.3930658123085204,0.4894098502433027,0.49650109619674226,-3.142672061920166,2.1058874130249023,1.3934524059295654,-4.74,0.39,1.65
1743704196.404382,2c08d2cc-7a1c-9d34-25ea-6265acb43d72,6d4b8b9f-f48b-9b02-f2ed-1c23ff994190,31,-75.0,-75.0,-70.0,-71.0,-58.0,-57.0,-36.0,-2.646787176749104,-0.9203000557831941,-2.871565695918953,-0.004790760484943542,0.7706823538173678,2.2298190400365794,0.6949772713942042,0.8687085667768794,1.2750215282310067,1.2065757582129348,0.2482077953731187,0.6389584837983057,0.3024339459997411,0.5089906099446901,-3.121272087097168,2.18873143196106,1.440659523010254,-4.74,0.39,1.65
1743704197.39678,2c08d2cc-7a1c-9d34-25ea-6265acb43d72,e6832742-29c9-9501-4b8c-7665e51ad4b4,20,-73.0,-77.0,-72.0,-64.0,-64.0,-58.0,-37.0,-2.54082558961314,-0.8871450317922527,-2.9089953597755804,0.10517648724660836,0.5510847716362313,2.2340046785300975,0.7013368089722897,0.9081216864343706,1.2530049091832127,1.1141671310224388,0.23836446902332004,0.5215729113155952,0.4206018760782276,0.522360531236157,-3.100893020629883,2.240447521209717,1.4515734910964966,-4.74,0.39,1.65
1743704198.405245,2c08d2cc-7a1c-9d34-25ea-6265acb43d72,6d418731-b30c-8405-fd97-ed8a359066eb,28,-87.0,-75.0,-69.0,-71.0,-62.0,-56.0,-38.0,-2.530607040510506,-0.8660408117339197,-2.910586864843012,0.10007493586245256,0.8634700168209208,2.1725645666276168,0.7317400038495749,0.8334101641616148,1.3402259648863433,1.2307893520019897,0.2520087753941775,0.5293811299923863,0.34000202223316206,0.4955644320473586,-3.08667802810669,2.199244260787964,1.449094295501709,-4.74,0.39,1.65
1743704199.389782,2c08d2cc-7a1c-9d34-25ea-6265acb43d72,6ea02741-d34f-ec82-5fd7-b1b61810858b,3,-72.0,-69.0,-72.0,-70.0,-65.0,-51.0,-36.0,-2.7404470901777738,-0.857983684171994,-2.908213455679533,0.04006033438140793,0.8474827249760208,2.2171205910353424,0.6029058749826565,0.9180599378322739,1.291705699828135,1.2093157515004629,0.2704518816675192,0.3383875617594706,0.4124647387402153,0.4911851341043162,-3.075352191925049,2.1698250770568848,1.4586788415908813,-4.74,0.39,1.65
1743704200.404473,2c08d2cc-7a1c-9d34-25ea-6265acb43d72,921ec8a9-fa6f-7c4b-f3cf-79cb9e12860e,1,-73.0,-69.0,-70.0,-72.0,-72.0,-52.0,-37.0,-2.8651554671751325,-0.9113951108882414,-2.9305033150551694,0.07739518970322877,0.8405445554958689,2.260802178661797,0.5650385070425609,0.8837857203932267,1.2982172618514336,1.2278913001037655,0.26098083194859995,0.26325377986269966,0.5204388676117685,0.5016669121624692,-3.072110652923584,2.1220688819885254,1.462717056274414,-4.74,0.39,1.65
1743704201.398155,2c08d2cc-7a1c-9d34-25ea-6265acb43d72,1e6645d8-6c78-535f-4899-e61b79b34471,17,-75.0,-82.0,-72.0,-65.0,-61.0,-54.0,-37.0,-2.9130047487966952,-0.8810860739962133,-2.9188546484471627,0.055304268461021495,0.764674238491198,2.2414153559784937,0.6450091642387287,0.9476587762406053,1.3678489375029177,1.2035135224335074,0.34517270835933356,0.38050103415286407,0.4806805476136677,0.542006746161767,-3.078622341156006,2.0816450119018555,1.430433750152588,-4.74,0.39,1.65
1743704202.404405,2c08d2cc-7a1c-9d34-25ea-6265acb43d72,a43f4412-02c9-f3f4-22a1-ae4b9a4df585,32,-74.0,-76.0,-70.0,-71.0,nan,-58.0,-37.0,-2.7017889101102925,-0.8696059854852087,-2.9573202819678315,0.09169876160193535,nan,2.2084356844494004,0.7134264230439054,0.984779047357593,1.3478173055736142,1.285214510987176,0.3654555762479724,nan,0.3065491892108318,0.5023488123424976,-3.0827198028564453,2.0934901237487793,1.4181928634643555,-4.74,0.39,1.65
1743704203.391776,2c08d2cc-7a1c-9d34-25ea-6265acb43d72,c6a713b6-9f04-f80b-e396-f54d8c874dd2,32,-74.0,-76.0,-69.0,-70.0,-58.0,-58.0,-37.0,-2.5837666653456868,-0.8968836792664544,-2.9353816935399766,0.17431880704779057,0.8529843493760895,2.1667999245125857,0.7499183878592163,0.9935963742526819,1.252869354283728,1.2943612709091077,0.39870817180335166,0.5817958087816293,0.2122330760107542,0.4886407861110112,-3.0835695266723633,2.0865869522094727,1.4098185300827026,-4.74,0.39,1.65
1743704204.384201,2c08d2cc-7a1c-9d34-25ea-6265acb43d72,2eaafacc-0655-9300-111d-719d2a5b7f1c,35,-70.0,-86.0,-70.0,-73.0,-56.0,-56.0,-37.0,-2.561154563478151,-0.9038039033590252,-2.8859939037566753,0.062344601118754964,1.079644423501405,2.064912039898206,0.7679621374981878,0.9922546736954999,1.2895263019500687,1.2916843945394145,0.41032021994636964,0.5927697101802546,0.34323026056335804,0.481581183670704,-3.0770719051361084,2.042168140411377,1.3997013568878174,-4.74,0.39,1.65
1743704205.391721,2c08d2cc-7a1c-9d34-25ea-6265acb43d72,4b88c24e-d8ff-569f-3ae5-90d219c1627f,32,-75.0,-76.0,-70.0,-70.0,nan,-58.0,nan,-2.5845605536666394,-0.8942037402615076,-2.869770192712022,0.059515258776654784,nan,2.11579453370984,nan,0.9535019514093209,1.3368907550951823,1.3355116371246851,0.32923938174203937,nan,0.2476579426980899,nan,nan,nan,nan,-4.74,0.39,1.65
1743704206.392999,2c08d2cc-7a1c-9d34-25ea-6265acb43d72,089c15a1-31e0-f381-45e8-e014dd1e034f,23,-73.0,-76.0,-71.0,-67.0,-70.0,-62.0,-38.0,-2.5375637499100114,-0.8906390991424366,-2.85896574816957,0.09523410794901555,0.7236293953992904,2.144358646708766,0.7499183878592163,0.8648760782311735,1.1851486298724299,1.2711519551671215,0.2735382523443256,0.7826393274939828,0.4544733413015111,0.4886407861110112,-3.0608489513397217,2.052366018295288,1.4001719951629639,-4.74,0.39,1.65
1743704207.364666,2c08d2cc-7a1c-9d34-25ea-6265acb43d72,49c689aa-7d65-3422-81da-0446b185c05c,15,nan,-91.0,-69.0,-66.0,-62.0,-53.0,nan,nan,-0.9215509425472044,-2.8464100088942828,0.1031580774564373,-0.30577242637864166,2.1837120426203707,nan,nan,1.2652835465470778,1.1803789083600977,0.44060615391594155,0.7268496724299472,0.39588167474115876,nan,-3.042587995529175,2.09491491317749,1.3916395902633667,-4.74,0.39,1.65
1743704208.392475,2c08d2cc-7a1c-9d34-25ea-6265acb43d72,567ae39a-df2a-7836-0dbe-e3b0ddea01ea,25,-76.0,-78.0,-70.0,-69.0,-63.0,-58.0,nan,-2.5115579818653875,-0.9310881218849415,-2.82243330328419,0.10583455435196694,0.032037902678010745,2.1693382088328312,nan,0.7856358505247379,1.398627223379018,1.1084259549234732,0.44670229609870105,0.994603186992242,0.5435120867468028,nan,-3.0216383934021,2.285289764404297,1.396672248840332,-4.74,0.39,1.65
1743704209.39863,2c08d2cc-7a1c-9d34-25ea-6265acb43d72,953ca789-4711-2868-b53f-d5e8a0d54cf1,14,-90.0,-93.0,-68.0,-68.0,-61.0,-53.0,-36.0,-2.5265441219514813,-0.9349538333652461,-2.816656906879808,0.09014161131256603,0.733366622180026,2.2244870500958513,0.7148118576106433,0.7842898889098117,1.3459300564671295,1.0805785444060325,0.6212895164948579,0.5416016547673599,0.47183267373534676,0.5488778613372913,-2.999530792236328,2.3802905082702637,1.3800292015075684,-4.74,0.39,1.65
1743704210.405339,2c08d2cc-7a1c-9d34-25ea-6265acb43d72,0c04c92c-4c56-4c11-8066-99bf75db3718,12,-80.0,-78.0,-67.0,-70.0,nan,-52.0,nan,-2.52058503269632,-0.9815192050252816,-2.8502801145903858,0.14557610835089235,nan,2.2414153559784937,nan,0.9091097857778174,1.4160424326953729,1.085324963258826,0.7751244202812223,nan,0.4806805476136677,nan,nan,nan,nan,-4.74,0.39,1.65
1743704211.404477,2c08d2cc-7a1c-9d34-25ea-6265acb43d72,17cb8faa-32cb-919f-e102-3eb801569579,23,-74.0,-76.0,-71.0,-66.0,-71.0,-61.0,-37.0,-2.6377382879972324,-0.9957609915866984,-2.8324289458035845,0.1156874514369331,0.4973493445422896,2.174308533466988,0.7264675944734252,0.8872134750322676,1.3384914480683747,1.1248193759085923,0.6755477618587237,0.721006526623162,0.5946869064853756,0.5285947190192561,-2.965456962585449,2.4715416431427,1.3337041139602661,-4.74,0.39,1.65
1743704212.386183,2c08d2cc-7a1c-9d34-25ea-6265acb43d72,69b62ee8-48f3-8cfa-9754-15b0596971d7,33,-73.0,-78.0,-70.0,-70.0,-57.0,-58.0,-36.0,-2.583395154373621,-0.9816803262712314,-2.8876176330732966,0.1271518272975062,0.8281715878327617,2.1394353320895,0.756362540682201,1.0024493209273506,1.3444836936791076,1.1766262480680674,0.6971784888645651,0.7679754008897024,0.32458277477575564,0.5013739587438996,-2.933444023132324,2.507965087890625,1.2766101360321045,-4.74,0.39,1.65
1743704213.404041,2c08d2cc-7a1c-9d34-25ea-6265acb43d72,a6916d34-82b6-97f5-e379-57abcdedd0a4,25,-73.0,-78.0,-70.0,-68.0,nan,nan,nan,-2.5497098950096446,-0.9422229315606174,-2.9294148811176544,0.10977017381088605,nan,nan,nan,0.8413358647237451,1.3683051369976482,1.176368320916493,0.5333833293117909,nan,nan,nan,-2.9616873264312744,2.5207738876342773,1.2555911540985107,-4.74,0.39,1.65
1743704214.397063,2c08d2cc-7a1c-9d34-25ea-6265acb43d72,f01c33db-56f1-9a85-eda1-519db86614fc,17,-77.0,-81.0,-73.0,-65.0,nan,nan,nan,-2.5281598617848324,-0.9328902829945982,-3.0049695601915287,0.09018874926386042,nan,nan,nan,0.9355914607092383,1.3514115077807851,1.1373082698405188,0.5571296381980777,nan,nan,nan,nan,nan,nan,-4.74,0.39,1.65
1743704215.392088,2c08d2cc-7a1c-9d34-25ea-6265acb43d72,e8fdf310-3346-aa24-450d-89e3980eaa3f,10,-77.0,-73.0,-68.0,-69.0,nan,nan,nan,-2.555856204489438,-0.9103899007347912,-3.014469854748169,0.10053459746660023,nan,nan,nan,0.8087724619689648,1.3891478346369355,1.128526629304037,0.545147743558675,nan,nan,nan,nan,nan,nan,-4.74,0.39,1.65
1743704216.40566,2c08d2cc-7a1c-9d34-25ea-6265acb43d72,95774058-3114-46ee-4934-37bc1b7b33a7,31,-76.0,-75.0,-69.0,-72.0,-58.0,-57.0,-37.0,-2.5071978545287097,-0.8730784812305631,-3.030180640966873,0.1269739281366889,0.9971167310318013,2.173698545804805,0.7679621374981878,0.8387521324131775,1.3259787188446919,1.2132387209442042,0.3956877809425519,0.7956513839856076,0.24729301260292552,0.481581183670704,-2.9965004920959473,2.446974277496338,1.2226825952529907,-4.74,0.39,1.65
1743704217.386435,2c08d2cc-7a1c-9d34-25ea-6265acb43d72,27860e40-f7ad-2db2-5f52-1210dc3dbf40,13,nan,-84.0,-68.0,-69.0,-61.0,-52.0,-38.0,nan,-0.8685042357422429,-2.9636367674412813,0.15714754328728672,1.013224151599224,2.2298190400365794,0.733366622180026,nan,1.2883025794291774,1.1968200665077566,0.7371454128707385,0.4446133602898985,0.3024339459997411,0.5416016547673599,-3.0386478900909424,2.394679069519043,1.1941535472869873,-4.74,0.39,1.65
1743704218.387092,2c08d2cc-7a1c-9d34-25ea-6265acb43d72,7811c664-75f4-b724-e70d-3824e2e81513,3,nan,-70.0,-72.0,-70.0,nan,-52.0,-36.0,nan,-0.8727168239545304,-2.9452250032450182,0.1520190939761211,nan,2.244704708899615,0.6083126757866042,nan,1.2667315072317535,1.1711770210036017,0.6788586703049374,nan,0.4395667969317272,0.5055346234840555,-3.108081579208374,2.2194199562072754,1.1533782482147217,-4.74,0.39,1.65
1743704219.392344,2c08d2cc-7a1c-9d34-25ea-6265acb43d72,47357bb4-4715-95cb-dd4f-85d818d5ca32,11,nan,-76.0,-67.0,-69.0,-57.0,-52.0,-35.0,nan,-0.8639494313298803,-2.9262188214934497,0.1209708967235413,1.0378078809405933,2.261791935925062,0.6388156602357045,nan,1.3427136236605863,1.1390903240839452,0.869622696821049,0.2745378250608759,0.44771790632629405,0.5280272987461898,-3.1929821968078613,2.104543685913086,1.1143150329589844,-4.74,0.39,1.65
1743704220.399098,2c08d2cc-7a1c-9d34-25ea-6265acb43d72,887626e4-ccc4-c5ca-792b-63076a7d1fa2,21,nan,-75.0,-70.0,-64.0,-66.0,nan,-38.0,nan,-0.8732755551512289,-2.9159296986219285,0.10874325889455148,0.6660601242496793,nan,0.6827057950656965,nan,1.3570583413981343,1.0879729443306918,0.7651323064502722,0.38104125614956075,nan,0.5290628587416367,-3.2798349857330322,2.0886988639831543,1.1045781373977661,-4.74,0.39,1.65
1743704221.387498,2c08d2cc-7a1c-9d34-25ea-6265acb43d72,b3227e7f-3016-6ce8-7991-03e9daef98b3,26,nan,-77.0,-70.0,-69.0,-61.0,-57.0,-38.0,nan,-0.8590143275138545,-2.9048054084325585,0.10827454254269754,0.7704410370272067,2.1767446755257396,0.7134264230439054,nan,1.289648940518267,1.1153421176953817,0.7532409592879323,0.6728964673175767,0.5640031836366075,0.5023488123424976,-3.350747585296631,1.9310874938964844,1.0705233812332153,-4.74,0.39,1.65
1743704222.393639,2c08d2cc-7a1c-9d34-25ea-6265acb43d72,f320076a-4d59-efac-881e-1ee856deee9b,19,-75.0,-78.0,-71.0,-63.0,-62.0,-56.0,-37.0,-2.5611391171438287,-0.86880836873873,-2.8656018129738294,0.10477594781866044,0.5650385070425609,2.2098956681943043,0.7013368089722897,1.0761007719282003,1.2737579914518187,1.0702432156895985,0.6194723751040697,0.5016669121624692,0.4928592705180706,0.522360531236157,-3.474544048309326,1.801140308380127,1.0011098384857178,-4.74,0.39,1.65
1743704223.391773,2c08d2cc-7a1c-9d34-25ea-6265acb43d72,c3e95a52-d4ba-e8cd-0f10-d006a2b024ee,23,-72.0,-76.0,-71.0,-67.0,-68.0,-61.0,-38.0,-2.5663035191297103,-0.895425332253527,-2.8426560170217066,0.10736454039821745,0.4121775650476458,2.164452210529228,0.7013368089722897,0.9225307195122444,1.2575932694253102,1.068444050636168,0.4571230124175857,0.689797540876551,0.6045216601027816,0.522360531236157,-3.6744320392608643,1.666369915008545,0.9925928711891174,-4.74,0.39,1.65
1743704224.399965,2c08d2cc-7a1c-9d34-25ea-6265acb43d72,0dce59f0-2376-0663-7f97-99e42a87fde7,15,-91.0,-90.0,-69.0,-67.0,-61.0,-52.0,-36.0,-2.678651100243575,-0.9155722790580308,-2.8395182806253754,0.10283397075177467,-0.34260949995156476,2.2341698485322734,0.7148118576106433,0.9145395051872981,1.306461742796046,1.0902146601782658,0.5993234309287482,0.5149982896131469,0.49147789715249046,0.5488778613372913,-3.904219627380371,1.5375486612319946,0.936757743358612,-4.74,0.39,1.65
1743704225.403193,2c08d2cc-7a1c-9d34-25ea-6265acb43d72,882a3c94-c469-2b22-7da6-20f78dabb174,11,-75.0,-76.0,-67.0,-70.0,-58.0,-52.0,-35.0,-2.6184444848479353,-0.9029857802721529,-2.8175999322218055,0.07134368875824172,0.4320731533285392,2.2584995389297746,0.696092999535917,0.938647904113295,1.2784318391649077,1.0959937863227653,0.7526552635851966,0.3679140947100855,0.4894098502433027,0.5559994733960484,-4.092334270477295,1.3803924322128296,0.8424840569496155,-4.74,0.39,1.65
1743704226.394652,2c08d2cc-7a1c-9d34-25ea-6265acb43d72,151f2b4f-9448-2239-056b-30594137bd99,6,-71.0,-71.0,-70.0,-73.0,nan,nan,-36.0,-2.996006691542868,-0.8986924982788361,-2.812151637263721,0.0766601572423669,nan,nan,0.613949894221556,0.9779321933530538,1.2832646775950745,1.0870562177044594,0.7287784930950094,nan,nan,0.5198290361293555,-4.2781243324279785,1.2607932090759277,0.7472955584526062,-4.74,0.39,1.65
1743704227.393351,2c08d2cc-7a1c-9d34-25ea-6265acb43d72,4d020f6e-c7de-fcaf-654b-90f84bce8af0,8,-73.0,-72.0,-69.0,-71.0,nan,nan,nan,-3.103398129868095,-0.9302424350807869,-2.8360279417007175,0.11324932745896556,nan,nan,nan,0.8958513714489125,1.3855624208613617,1.0976733088642237,0.6444527595499856,nan,nan,nan,-4.506998538970947,1.2147743701934814,0.7317463159561157,-4.74,0.39,1.65
1743704228.400681,2c08d2cc-7a1c-9d34-25ea-6265acb43d72,9e267631-cb7d-edc5-c0f7-f2ca9e8ea3e1,27,-82.0,-74.0,-70.0,-70.0,nan,nan,nan,3.1031200958502905,-0.9308874526968041,-2.858266934699533,0.08677564201081488,nan,nan,nan,0.8796278601413404,1.3253986823592725,1.1453872353233832,0.5371042979868496,nan,nan,nan,nan,nan,nan,-4.74,0.39,1.65
1743704229.405819,2c08d2cc-7a1c-9d34-25ea-6265acb43d72,163fb434-6fe7-914c-35d9-041b2b7dfc7c,30,-79.0,-73.0,-69.0,-72.0,-58.0,-55.0,nan,-3.1122254436172714,-0.8702965431558664,-2.864468637930001,0.05044240157497283,0.7261191987728731,2.2254254766423407,nan,0.8468703129430933,1.1504182129386522,1.1753439360031939,0.38099042738716354,0.6089078645029108,0.31309123137199024,nan,-4.606515884399414,1.3410567045211792,0.752069056034088,-4.74,0.39,1.65
1743704230.386683,2c08d2cc-7a1c-9d34-25ea-6265acb43d72,8b09d1ef-c9c1-6b0f-7dc6-d406e603a946,19,-74.0,-79.0,-71.0,-63.0,-63.0,-55.0,-37.0,-3.1028625681728794,-0.895524934478296,-2.8510148807351383,0.09603784996600145,0.5648820659704986,2.2330813316811495,0.6576717538705488,0.9724464809816542,1.1466650200144033,1.1439227630399482,0.35953064203379137,0.43788398855271354,0.3411439131756796,0.5218331722708194,-4.687617301940918,1.4272401332855225,0.7759448289871216,-4.74,0.39,1.65
1743704231.392946,2c08d2cc-7a1c-9d34-25ea-6265acb43d72,651383a8-5e7e-f634-a35f-99ea9482df4e,11,-77.0,-78.0,-67.0,-69.0,nan,nan,-36.0,-3.099761849715701,-0.8973489335088912,-2.8114235290216936,0.09048675698984028,nan,nan,0.6704399948692894,0.9992312902241534,1.2133467121264068,1.1091777652992028,0.5513343999289836,nan,nan,0.5493236940030419,nan,nan,nan,-4.74,0.39,1.65
1743704232.38864,2c08d2cc-7a1c-9d34-25ea-6265acb43d72,33232668-4ef7-45c1-82a3-2e7ef3b56942,12,-81.0,-80.0,-67.0,-70.0,-57.0,-52.0,-34.0,-3.0473875910859842,-0.9021530097992851,-2.860274958161453,0.013086773596649377,0.8266403790489907,2.2458983095525893,0.6772095983992931,0.9956396180200179,1.2265554585009817,1.1013285640393848,0.8790274504735821,0.42855983799059943,0.39894676315430255,0.5629626216804887,-4.717205047607422,1.4032236337661743,0.746810019016266,-4.74,0.39,1.65
1743704233.387608,2c08d2cc-7a1c-9d34-25ea-6265acb43d72,60de884a-569b-1193-bb97-3a12bd8b07a4,31,-74.0,-74.0,-69.0,-71.0,-58.0,-57.0,-37.0,-2.68493669304838,-0.8729570410848554,-2.863324277609594,0.05996266983978809,0.9316745439246398,2.24194954724333,0.7381647523751068,0.9905358695279628,1.2011760659447444,1.2820051355575215,0.8403917741173123,0.6695795333460122,0.27011601536635615,0.5085125931300649,-4.744097709655762,1.3543864488601685,0.753110647201538,-4.74,0.39,1.65
1743704234.399735,2c08d2cc-7a1c-9d34-25ea-6265acb43d72,439cb9f3-3f00-d33b-d36b-626e872564f0,18,-75.0,-79.0,-71.0,-64.0,-63.0,-54.0,-36.0,-2.5553627207394465,-0.8505840910832089,-2.8558557086485754,0.05153056919637921,0.7105431321169748,2.2380793558201253,0.7264675944734252,1.073371298126978,1.2452507161952833,1.206993341871859,0.7797874821918965,0.5826245662395102,0.28094375522315485,0.5285947190192561,-4.7303643226623535,1.3344899415969849,0.7695825695991516,-4.74,0.39,1.65
1743704235.400182,2c08d2cc-7a1c-9d34-25ea-6265acb43d72,252a7286-0782-d13c-2c54-8b012797d7b1,2,-76.0,-70.0,-71.0,-70.0,-68.0,-51.0,-36.0,-2.6582614063057104,-0.8610524446960923,-2.8546295892827027,0.03799585190437851,0.8301262659412234,2.251011303590342,0.6083126757866042,1.029954714981798,1.2017742119255763,1.1470814052508371,0.7054953412118009,0.3444824519579614,0.4286319892260177,0.5055346234840555,-4.66416835784912,1.279892921447754,0.716398775577545,-4.74,0.39,1.65
1743704236.399455,2c08d2cc-7a1c-9d34-25ea-6265acb43d72,71348f41-a776-9652-82cb-c68beef83d2f,34,-72.0,-79.0,-70.0,-71.0,-56.0,-57.0,-36.0,-2.602111584198589,-0.872101900058831,-2.8670282020536764,0.04234665817724096,1.0119722890084897,2.1411721995400717,0.6949772713942042,1.0440965664233095,1.339597592027139,1.2325959073274448,0.6530142232433451,0.4731999053218543,0.2795763378801945,0.5089906099446901,-4.544349670410156,1.2670066356658936,0.7525325417518616,-4.74,0.39,1.65
1743704237.405368,2c08d2cc-7a1c-9d34-25ea-6265acb43d72,2bb7638a-f47d-b363-050f-646c1b36907a,11,-75.0,-78.0,-67.0,-70.0,-59.0,-53.0,-36.0,-2.576541775624411,-0.8467842928398838,-2.871126008022981,0.022953519119283946,1.0542502288712636,2.195261393164023,0.689270286926972,1.014726759868725,1.26011275297458,1.171523365103366,0.842380023608138,0.26721493771556476,0.3756352426683144,0.5425683144369463,-4.41445016860962,1.28570282459259,0.7932180762290955,-4.74,0.39,1.65
1743704238.392545,2c08d2cc-7a1c-9d34-25ea-6265acb43d72,746a4812-7a9a-684e-5ae9-4802c1f04d28,13,-93.0,-84.0,-68.0,-69.0,-61.0,-52.0,-35.0,-2.64258976855503,-0.8813715648650698,-2.8666931763885444,0.024494157809894782,1.1127704964278406,2.2340046785300975,0.7031813716205279,1.014493267220152,1.1804448215970773,1.146525204057174,0.9583810622634279,0.17678657116293964,0.4206018760782276,0.5693527907460093,-4.297107696533203,1.3050557374954224,0.8207374811172485,-4.74,0.39,1.65
1743704239.399239,2c08d2cc-7a1c-9d34-25ea-6265acb43d72,6bf1d5d6-92ac-d696-7924-0c59942809b9,22,-73.0,-76.0,-72.0,-66.0,-70.0,-60.0,-37.0,-2.6343326375952394,-0.8829699941513354,-2.8659922323896354,0.05864254088743582,0.7678765533541423,2.211044667253713,0.7079460653409663,1.0603102906138753,1.2542122532634001,1.1264568205048275,0.8992966363721208,0.43704495402874605,0.5539984587670695,0.5356574292716433,-4.1555023193359375,1.241105079650879,0.7465257048606873,-4.74,0.39,1.65
1743704240.399283,2c08d2cc-7a1c-9d34-25ea-6265acb43d72,bd35c1a0-b991-7bdf-093b-9c202c35223f,26,-76.0,-76.0,-71.0,-69.0,-60.0,-57.0,-38.0,-2.5956297164214446,-0.8754731956827624,-2.8777711275749462,0.05675009861682551,0.8723022940698557,2.167541384000756,0.7134264230439054,1.0199871688119038,1.2112658512086734,1.111494315973408,0.8493057737599707,0.6369164018316316,0.5738777189471881,0.5023488123424976,-4.09245204925537,1.1781424283981323,0.623695135116577,-4.74,0.39,1.65
1743704241.386139,2c08d2cc-7a1c-9d34-25ea-6265acb43d72,85a71ef2-db09-39b8-860f-5375aac4c825,18,-73.0,-79.0,-71.0,-64.0,-62.0,-55.0,-36.0,-2.539404793171583,-0.8688323371885408,-2.8713462514451304,0.025329325127743635,0.6888608915223651,2.200600322102512,0.7079460653409663,1.0244621449705913,1.2338911357236049,1.11971143293782,0.7959788358293058,0.4955509710579196,0.4731999053728592,0.5356574292716433,-4.0096306800842285,1.1957833766937256,0.519522488117218,-4.74,0.39,1.65
1743704242.405609,2c08d2cc-7a1c-9d34-25ea-6265acb43d72,c1401e7b-6c5e-fef2-0271-30495e461279,16,-76.0,-85.0,-70.0,-66.0,-61.0,-53.0,-36.0,-2.5158310238344197,-0.8902556039454652,-2.8598278134144284,0.00677268496818051,-0.13465791990611903,2.2212833348560594,0.7148118576106433,1.0032850874564447,1.3821451857086267,1.1322195016295953,0.7700646139471535,0.43285933160829315,0.44191844582072254,0.5488778613372913,-3.9478306770324707,1.3200944662094116,0.5160459876060486,-4.74,0.39,1.65
1743704243.392017,2c08d2cc-7a1c-9d34-25ea-6265acb43d72,5bd61b32-a182-9cc1-585c-491d7e8c0345,8,-73.0,-73.0,-69.0,-72.0,-64.0,-52.0,-36.0,-2.567865196792933,-0.9014009331074468,-2.8648326920510145,-0.046814909854175905,-0.48319589743131214,2.2189778276530165,0.663929872368188,0.9572497514323621,1.4287106905267166,1.1382405093801014,0.7423838507349245,0.571696049325897,0.5127650549970963,0.5356127631433164,-3.8896210193634033,1.51846182346344,0.53561133146286,-4.74,0.39,1.65
1743704244.392603,2c08d2cc-7a1c-9d34-25ea-6265acb43d72,710e296c-3203-23ce-2f09-98605068fc55,1,-74.0,-69.0,-71.0,-73.0,-68.0,-52.0,-36.0,-2.612361025969868,-0.8980362953862406,-2.853745952433014,-0.026236397795024624,0.34688840711445007,2.2365227465996376,0.5893519832192728,0.9277595034174786,1.41666468028407,1.1669164958916929,0.6709580034570538,0.43004943393529776,0.5532824127904231,0.5110359832394201,-3.781517505645752,1.7020186185836792,0.60054612159729,-4.74,0.39,1.65
1743704245.405112,2c08d2cc-7a1c-9d34-25ea-6265acb43d72,2aa4960a-81ce-2f84-f011-cf1a5a82d0d5,31,-73.0,-74.0,-69.0,-70.0,-59.0,-56.0,-37.0,-2.5300855935690687,-0.9003223528659646,-2.860191068587115,0.03715402668380446,0.6604968976927253,2.28452070565885,0.701352412841905,0.9159603682078827,1.2546898912049058,1.2600518997436714,0.6172676771956476,0.61809553350672,0.3613671239298534,0.4758160588358846,-3.657313108444214,1.858966588973999,0.6937592029571533,-4.74,0.39,1.65
1743704246.387573,2c08d2cc-7a1c-9d34-25ea-6265acb43d72,b90c4c9b-ac93-3a3b-267b-691c1d395420,35,-69.0,-80.0,-70.0,-73.0,-55.0,-55.0,-37.0,-2.572846905928035,-0.9116174848392633,-2.9375244729530543,-0.006802512372389398,1.050032550859219,2.166117457865369,0.7499183878592163,0.9924228523183385,1.2692475286716058,1.2977165875664989,0.5645780337138386,0.6177812822599735,0.2669786576536397,0.4886407861110112,-3.5606801509857178,1.9540773630142212,0.7508191466331482,-4.74,0.39,1.65
1743704247.403918,2c08d2cc-7a1c-9d34-25ea-6265acb43d72,42422879-6518-8d7c-a76a-1436af062044,5,-71.0,-71.0,-71.0,-71.0,-64.0,-47.0,-36.0,-2.6099372830617864,-0.9150300594600909,-2.9258667515973413,-0.067521253645651,0.9184763186614033,2.2062932414835896,0.6271566725570815,0.9671496533105683,1.2935041325122658,1.2009353161822012,0.502789434051665,0.40191144680946783,0.3939052941192637,0.4998818758958695,-3.4639134407043457,2.043654203414917,0.8141645789146423,-4.74,0.39,1.65
1743704248.392248,2c08d2cc-7a1c-9d34-25ea-6265acb43d72,d65c59b7-937a-6062-966f-3a1bce0aa0ff,16,-77.0,-80.0,-70.0,-65.0,-62.0,-53.0,nan,-2.5972893984127823,-0.9145918363027182,-2.931695612275198,0.025839853108711827,0.8274745199963088,2.2289120343258335,nan,0.9296562733248604,1.3900543746719984,1.1350953161327175,0.7496626694682746,0.3862042946568501,0.3912763828232947,nan,-3.3608169555664062,2.1611533164978027,0.880678653717041,-4.74,0.39,1.65
1743704249.399616,2c08d2cc-7a1c-9d34-25ea-6265acb43d72,864376e6-b592-05a7-d76a-21354f30e514,16,-77.0,-82.0,-70.0,-66.0,-62.0,-53.0,-36.0,-2.5026260058853707,-0.9080116978813504,-2.913279054388973,0.0651483771143904,0.06240796462200505,2.2400535754573747,0.663929872368188,0.9426220062499657,1.3821727494259088,1.1129801601245906,0.7725438171849356,0.5750689194937805,0.40981502051909435,0.5356127631433164,-3.232701301574707,2.3128676414489746,0.9804364442825317,-4.74,0.39,1.65
1743704250.387824,2c08d2cc-7a1c-9d34-25ea-6265acb43d72,af8c2da1-9c15-28dd-9db7-e16f1f75af0a,5,-70.0,-70.0,-71.0,-70.0,-63.0,-51.0,-36.0,-2.9598332407724306,-0.9418350421478473,-2.935500736840703,0.11118883972357124,0.527100291416515,2.217304759402123,0.5893519832192728,0.9717921423018218,1.3696910460289256,1.0836658138997068,0.7179340345571794,0.36733247292274596,0.48239679065902946,0.5110359832394201,-3.1257266998291016,2.46913743019104,1.081815242767334,-4.74,0.39,1.65
1743704251.398193,2c08d2cc-7a1c-9d34-25ea-6265acb43d72,bc3e5fa9-5757-3577-8cdf-1426aba25ac8,29,-77.0,-74.0,-69.0,-70.0,-57.0,-55.0,-37.0,-2.4404808755322627,-0.894048744286065,-2.956769806570512,0.10360176009404451,0.6408696287335385,2.174667016105405,0.6888608915223651,0.9714940014177873,1.2496702320242699,1.1001399952448825,0.7341345761003495,0.6251696136442106,0.29321923992277543,0.4955509710579196,-3.0473837852478027,2.5271170139312744,1.1512387990951538,-4.74,0.39,1.65
1743704252.39272,2c08d2cc-7a1c-9d34-25ea-6265acb43d72,686471b4-8966-9e18-40c1-ec3141eea04d,20,-71.0,-74.0,-71.0,-63.0,-61.0,-58.0,-37.0,-2.7232526569157858,-0.8919424501799214,-2.91283696964802,0.015151788705896818,0.5030987761462153,2.223116334755693,0.7013368089722897,0.8867970232168065,1.2732104455316984,1.1006349437334737,0.62783829619439,0.5668395204540146,0.40191144685695945,0.522360531236157,-2.9852123260498047,2.4850528240203857,1.146492600440979,-4.74,0.39,1.65
1743704253.392066,2c08d2cc-7a1c-9d34-25ea-6265acb43d72,35f8f66c-5853-dcab-6b20-8d92713b982f,23,-71.0,-75.0,-71.0,-66.0,-73.0,-61.0,-38.0,-2.550028941708236,-0.902849426424341,-2.8642904724530744,0.008816661104816326,0.31331811322032027,2.17792830117192,0.7013368089722897,0.8250065593418698,1.3042426638177376,1.161489905696493,0.6183606385070161,0.8304238710362803,0.5336161290224654,0.522360531236157,-2.943453311920166,2.4682810306549072,1.1128244400024414,-4.74,0.39,1.65
1743704254.394675,2c08d2cc-7a1c-9d34-25ea-6265acb43d72,3658c8c5-2ed7-aebc-04bf-bf82b199c8c9,23,-73.0,-76.0,-71.0,-67.0,nan,nan,nan,-2.486629196165592,-0.8714478276951076,-2.8450549925316504,-0.00038935415136958463,nan,nan,nan,0.7180788439414526,1.2404678120355557,1.0999685542497086,0.5331765015636325,nan,nan,nan,nan,nan,nan,-4.74,0.39,1.65
1743704255.404283,2c08d2cc-7a1c-9d34-25ea-6265acb43d72,00820e8d-2f96-f8c4-0161-647dbbe2b37f,12,-81.0,-76.0,-68.0,-70.0,-61.0,-52.0,-35.0,-2.469738363267873,-0.8680443078219864,-2.843147902875044,-0.01116477023793919,0.809473826629447,2.2028276286165465,0.7148118576106433,0.8442998298589488,1.248086183807891,1.143548455748738,0.6527799982254727,0.6881115979399957,0.5336161290234964,0.5488778613372913,-2.9458844661712646,2.409691572189331,1.0658478736877441,-4.74,0.39,1.65
1743704256.398411,2c08d2cc-7a1c-9d34-25ea-6265acb43d72,5cccd465-b0ea-e811-1f61-c4fcfa8312ad,20,-73.0,-75.0,-72.0,-64.0,-59.0,-58.0,-38.0,-2.496583027055872,-0.8632575420786779,-2.816375943384805,-0.01110325121675836,0.56002206867696,2.2189778276530165,0.689270286926972,0.8903668575000032,1.2003391675721868,1.0900705831632929,0.6074182422200985,0.48690287331083826,0.5127650549970963,0.5425683144369463,-2.9528698921203613,2.435624361038208,1.0022743940353394,-4.74,0.39,1.65
1743704257.393115,2c08d2cc-7a1c-9d34-25ea-6265acb43d72,21779914-62ab-9df6-19d1-d9b5545f467c,23,-72.0,-75.0,-71.0,-66.0,nan,nan,nan,-2.49019463623299,-0.9072327232625024,-2.8052021183991593,0.008822253743105492,nan,nan,nan,0.8039040703382454,1.305191281798024,1.0919236772287972,0.5626985743535424,nan,nan,nan,nan,nan,nan,-4.74,0.39,1.65
1743704258.388175,2c08d2cc-7a1c-9d34-25ea-6265acb43d72,0b408055-3d26-0b86-3335-c23da0e5fe46,29,-78.0,-74.0,-69.0,-69.0,-61.0,-56.0,-37.0,-2.4878329449783076,-0.8832104775977696,-2.876478429181822,0.018482337965149913,0.8898876149047552,2.1702450435137415,0.7381647523751068,0.8693410009567458,1.2613304833830183,1.1693391735353378,0.49307249134034736,0.6267548652798182,0.3030981989073268,0.5085125931300649,-2.9654014110565186,2.454432487487793,0.9442277550697327,-4.74,0.39,1.65
1743704259.40376,2c08d2cc-7a1c-9d34-25ea-6265acb43d72,287fb1b6-41d2-d2eb-cf60-a061c7021866,5,-69.0,-70.0,-70.0,-70.0,-63.0,-50.0,-36.0,-2.4929046689582544,-0.8913214010137148,-2.908174307211509,-0.011645737130807502,0.8846065250834388,2.2062932414835896,0.6271566725570815,0.9763470132932115,1.2524537679956207,1.1703182847101055,0.419703768178723,0.3769785346428155,0.3939052941192637,0.4998818758958695,-2.9803307056427,2.471309185028076,0.900878667831421,-4.74,0.39,1.65
1743704260.40706,2c08d2cc-7a1c-9d34-25ea-6265acb43d72,cb3933ea-fe16-c688-c2bd-5dadafb9889c,1,-73.0,-69.0,-70.0,-71.0,-73.0,-52.0,-36.0,-2.547103192934675,-0.8892534564272683,-2.8331021929271567,-0.035447206741172674,0.8824498481062623,2.2266918480002578,0.5789223177233132,0.9745326682215676,1.1992178435952094,1.1479324183771717,0.3062504425802573,0.2756369895247414,0.502174009311346,0.4819160253822494,-3.043562889099121,2.3925395011901855,0.8394572734832764,-4.74,0.39,1.65
1743704261.399563,2c08d2cc-7a1c-9d34-25ea-6265acb43d72,ef274df4-10eb-ab98-c8af-82e6c8b6b394,30,-75.0,-75.0,-69.0,-72.0,nan,-54.0,nan,-2.4675316679886334,-0.8613922640511864,-2.8067901613571733,-0.03314836608821628,nan,2.2254254766423407,nan,0.9760259692238022,1.208631452258367,1.2000074708584179,0.25235099159425267,nan,0.31309123137199024,nan,nan,nan,nan,-4.74,0.39,1.65
1743704262.39993,2c08d2cc-7a1c-9d34-25ea-6265acb43d72,f47855dc-ccc6-84a0-27b4-a898ababf1f1,24,-75.0,-77.0,-72.0,-68.0,-64.0,-62.0,-39.0,-2.47918033459664,-0.8450234107271233,-2.7831945540990715,-0.03763499357667277,0.6958946030779044,2.231445704834686,0.6516584721111741,0.8589621961355164,1.2138765480252778,1.2264336188811107,0.2220405898321657,0.6378112687643595,0.461170593821747,0.507988122236652,-3.096646547317505,2.331364870071411,0.7828825116157532,-4.74,0.39,1.65
1743704263.393359,2c08d2cc-7a1c-9d34-25ea-6265acb43d72,18715bf3-4280-52ea-8e10-914acf3c8702,31,-74.0,-75.0,-69.0,-71.0,-60.0,-56.0,-37.0,-2.4329878054892156,-0.8263325472486203,-2.7465244237853343,-0.05862096928260617,0.9316745439246398,2.246917375469555,0.7255552026937158,0.8536274184188969,1.2460030592032307,1.2545175846823777,0.20239584863022347,0.6695795333460122,0.3086565388635803,0.4825427476666032,-3.146651029586792,2.195457935333252,0.7841835618019104,-4.74,0.39,1.65
1743704264.388863,2c08d2cc-7a1c-9d34-25ea-6265acb43d72,c3ca6f72-0a37-4459-6a0c-6e80b2735f0c,14,-82.0,-87.0,-68.0,-68.0,-62.0,-53.0,-36.0,-2.456517366352284,-0.8275999456113889,-2.726954983463214,-0.012958675548216565,1.0277356122267396,2.2569861283399355,0.7148118576106433,0.8370509716878621,1.40281038366126,1.1690193278884193,0.3819593852602753,0.46286982984463115,0.3769785346894622,0.5488778613372913,-3.206632375717163,2.064318895339966,0.7883772253990173,-4.74,0.39,1.65
1743704265.393542,2c08d2cc-7a1c-9d34-25ea-6265acb43d72,08189859-72d6-301a-e77a-1aae3210a380,7,-69.0,-73.0,-69.0,-74.0,-78.0,-50.0,-36.0,-2.4977782537530997,-0.8695175685370182,-2.7410100824322163,-0.013279320143462104,0.2601196379313552,2.2484318844849844,0.6328672044170077,0.9367307610235741,1.401247241259438,1.1550507816548448,0.413003487902679,0.6294050539581088,0.46978569167294576,0.5139846753474042,-3.279106855392456,1.9230304956436157,0.8131213784217834,-4.74,0.39,1.65
1743704266.389203,2c08d2cc-7a1c-9d34-25ea-6265acb43d72,8ee39812-78d7-1d3b-8875-28ac2f1772a1,27,-88.0,-75.0,-70.0,-72.0,-62.0,-56.0,-38.0,-2.528626447607814,-0.895190175129273,-2.782329559377014,0.03593163574345809,0.6621989918708917,2.1943844439805593,0.682981361377579,0.9334709186912626,1.3074566997792998,1.2304248984068125,0.43984242589433403,0.7020011894106667,0.5134641669963593,0.4820447900148958,-3.31485390663147,1.7694923877716064,0.83218252658844,-4.74,0.39,1.65
1743704267.406901,2c08d2cc-7a1c-9d34-25ea-6265acb43d72,b7fd5ec0-4c39-583f-307a-fa650c3de732,21,-73.0,-74.0,-72.0,-64.0,-65.0,-61.0,-38.0,-2.5541379329541196,-0.8946649997623093,-2.788348569756702,0.08032812901173304,0.4978575375747706,2.2279137086734875,0.6949772713942042,0.877296994976276,1.2515325805745623,1.1485622559749757,0.421839223898803,0.5515266759666568,0.5640031836388151,0.5089906099446901,-3.343764543533325,1.7225487232208252,0.8707553148269653,-4.74,0.39,1.65
1743704268.39888,2c08d2cc-7a1c-9d34-25ea-6265acb43d72,87a9db4a-0f48-a544-8f4f-564e4f2d262c,34,-71.0,-81.0,-69.0,-71.0,-56.0,-57.0,-36.0,-2.5713563346659174,-0.9036180147149377,-2.7837610084629314,0.07451604624874411,0.7118992346147497,2.075520401153318,0.7499183878592163,0.9359151679397373,1.2944150667631271,1.2054204789320582,0.3520130709087157,0.699169544175765,0.4504141357505837,0.4886407861110112,-3.351461410522461,1.6610218286514282,0.9282878637313843,-4.74,0.39,1.65
1743704269.405774,2c08d2cc-7a1c-9d34-25ea-6265acb43d72,18b850a6-6e52-430b-962b-f301a7207ea5,5,-68.0,-70.0,-71.0,-70.0,-62.0,-50.0,-35.0,-2.608971088218306,-0.914619533178055,-2.819974939281938,0.009508017723800897,1.953382975574994,2.1616517129369415,0.6271566725570815,1.0070897459687589,1.3885673986773526,1.152160985556,0.22092878665608487,0.8846081912956882,0.49355076280385596,0.4998818758958695,-3.3500149250030518,1.6606217622756958,0.9852949380874634,-4.74,0.39,1.65
1743704270.393744,2c08d2cc-7a1c-9d34-25ea-6265acb43d72,9016bb6f-5a1d-b2d6-cd55-18aa72bc1d7c,18,-78.0,-79.0,-72.0,-64.0,nan,nan,nan,-2.574771039815617,-0.8825481494346668,-2.7966941176646833,0.051808603214183485,nan,nan,nan,1.119580272254134,1.3091029328071322,1.1276809424998824,0.2618085590601534,nan,nan,nan,nan,nan,nan,-4.74,0.39,1.65
1743704271.38952,2c08d2cc-7a1c-9d34-25ea-6265acb43d72,933d66e3-4f10-12d5-3cfa-90b2cb12947e,6,-72.0,-72.0,-70.0,-75.0,-64.0,-51.0,-36.0,-2.6434278653500782,-0.9024382343520326,-2.7934493221925307,0.037497574464424685,-0.14324769218030176,2.2022566132088093,0.6029058749826565,1.068580604221062,1.421624684656288,1.1393590370379345,0.2531701466560474,1.0602735434235697,0.5032163483755813,0.4911851341043162,-3.3430774211883545,1.677170753479004,1.0332980155944824,-4.74,0.39,1.65
1743704272.405286,2c08d2cc-7a1c-9d34-25ea-6265acb43d72,6be4ad90-cae0-5992-a45b-1b0e1e28df7c,1,-79.0,-69.0,-71.0,-71.0,nan,-52.0,-36.0,-2.652676757499814,-0.9084027830874286,-2.7755675270531937,0.06519418348513975,nan,2.2365227465996376,0.56002206867696,0.976595286485834,1.3715593866916707,1.2154510088617325,0.2399288764266598,nan,0.5532824127904231,0.48690287331083826,-3.2822253704071045,1.77116334438324,1.1092474460601807,-4.74,0.39,1.65
1743704273.393322,2c08d2cc-7a1c-9d34-25ea-6265acb43d72,4cbf3979-f19a-2db5-8643-66f49713e7f8,27,-80.0,-75.0,-69.0,-71.0,-65.0,nan,nan,-2.682140640219906,-0.9228624162260138,-2.7362973525672123,0.04746951485011738,0.43977187041280713,nan,nan,0.9810784518648734,1.2734495973975875,1.2179816776875805,0.25657922587794424,0.9664213797168764,nan,nan,nan,nan,nan,-4.74,0.39,1.65
1743704274.401318,2c08d2cc-7a1c-9d34-25ea-6265acb43d72,f2eaa73b-42ee-5967-1742-4c12ca03e21f,24,-74.0,-77.0,-70.0,-67.0,-66.0,-62.0,-38.0,-2.622850951187581,-0.9245837503965866,-2.7449164071191445,0.035480762570907674,0.4325709271091925,2.1974161271042862,0.6644915328253151,0.912321025420235,1.2889924713095626,1.2276476208640232,0.21828706401278078,1.0043796253420652,0.6267548653511337,0.48813399235614524,-3.2307865619659424,1.8399155139923096,1.1713722944259644,-4.74,0.39,1.65
1743704275.393172,2c08d2cc-7a1c-9d34-25ea-6265acb43d72,b126147e-9e42-8954-5282-349cdf814d9b,13,-74.0,-82.0,-68.0,-69.0,-59.0,-52.0,-35.0,-2.626810272780202,-0.9044598399355117,-2.748189432098852,-0.027845479725650497,-0.5206993147538828,2.251198608543294,0.6704399948692894,0.8639402434241197,1.319675416018638,1.186590598444653,0.5414630604534685,0.983563509447259,0.5004395108672411,0.5493236940030419,-3.17180609703064,1.9460382461547852,1.189235806465149,-4.74,0.39,1.65
1743704276.40468,2c08d2cc-7a1c-9d34-25ea-6265acb43d72,393006cf-f514-32f8-221a-5c1f463b9c07,22,-74.0,-75.0,-71.0,-65.0,-67.0,-62.0,-38.0,-2.6210562469289767,-0.9316042425041989,-2.7939803565138925,-0.06289773967716442,nan,2.217304759395112,0.7013368089722897,0.8560182047084881,1.281107383954056,1.1420269918179757,0.5539496574089551,0.6806784082148566,0.6060027455670415,0.522360531236157,-3.108393907546997,2.100165367126465,1.228148102760315,-4.74,0.39,1.65
1743704277.406479,2c08d2cc-7a1c-9d34-25ea-6265acb43d72,52c8e15e-5cc9-7470-9d85-ecde1d1acfe3,3,-72.0,-71.0,-72.0,-70.0,nan,nan,nan,-2.675151706571211,-0.9103868380995377,-2.7443329085243082,-0.0503201624809382,nan,nan,nan,0.8980110619349121,1.2799186820014987,1.154888861460568,0.42777334601874484,nan,nan,nan,nan,nan,nan,-4.74,0.39,1.65
1743704278.393342,2c08d2cc-7a1c-9d34-25ea-6265acb43d72,97441f5f-92ea-af8c-0a9f-8804c1fd9c5f,26,-74.0,-77.0,-69.0,-69.0,-66.0,nan,nan,-2.5851427206809308,-0.9047828813757384,-2.717942047386059,-0.07295250437275859,0.2677302696156937,nan,nan,0.81263258081098,1.346281061098802,1.174758173721431,0.39821638581855495,0.8547494953731092,nan,nan,nan,nan,nan,-4.74,0.39,1.65
1743704279.388945,2c08d2cc-7a1c-9d34-25ea-6265acb43d72,133fa046-85f5-cd1c-8d46-d7d48f88fb54,9,-69.0,-73.0,-69.0,-69.0,-60.0,-52.0,-35.0,-2.623133246263129,-0.9140675930421364,-2.735616648592588,-0.127145169394781,-0.40093188260697027,2.2343784439713783,0.663929872368188,0.8170004313148191,1.439734446384936,1.1431208852357257,0.3523224636483557,0.9564935124659045,0.6164485823484799,0.5356127631433164,-3.045285701751709,2.23131251335144,1.2553483247756958,-4.74,0.39,1.65
1743704280.393299,2c08d2cc-7a1c-9d34-25ea-6265acb43d72,ccccc008-3912-e85b-59cd-06d529eb4740,8,-69.0,-73.0,-69.0,-71.0,-62.0,-54.0,-36.0,-2.693482244354226,-0.9192148176389867,-2.7883440423828487,-0.1489308923760652,-0.7351056581210555,2.217304759395112,0.6388156602357045,0.9523826248031606,1.4976394248084748,1.1195621627587216,0.2970600733954757,0.9488697611106236,0.6060027455670415,0.5280272987461898,-3.0211355686187744,2.2943692207336426,1.2907804250717163,-4.74,0.39,1.65
1743704281.389342,2c08d2cc-7a1c-9d34-25ea-6265acb43d72,f6f98634-693c-5cad-3731-3f646be8dee4,16,nan,-81.0,-70.0,-65.0,-60.0,-53.0,-37.0,nan,-0.9108797892173114,-2.7695439892996525,0.09395099693581536,0.14755944814955396,2.243659612113966,0.6772095983992931,nan,1.4806195617559414,1.091123264163174,0.45477263959753633,0.7799349548063508,0.5113685064354669,0.5629626216804887,-2.9997732639312744,2.3462350368499756,1.3059897422790527,-4.74,0.39,1.65
1743704282.394162,2c08d2cc-7a1c-9d34-25ea-6265acb43d72,2bdf2003-aff5-ac45-85e1-b39965a3d39b,13,nan,-81.0,-68.0,-69.0,-60.0,-52.0,-35.0,nan,-1.1712519889882873,-2.780594243610718,0.07622792619744705,0.7196046315850885,2.2414153559784937,0.6772095983992931,nan,1.4519620842139258,1.1005788841925275,0.8560096825929998,0.4694507935092942,0.4806805476136677,0.5629626216804887,-3.0089282989501953,2.371192455291748,1.2993954420089722,-4.74,0.39,1.65
1743704283.393964,2c08d2cc-7a1c-9d34-25ea-6265acb43d72,df1c4a16-b1e4-ccf0-13e0-f92f1a812107,22,nan,-75.0,-71.0,-65.0,-81.0,-61.0,-39.0,nan,-1.0465509356839264,-2.777264759615901,0.040318661007145616,0.5604629010225453,2.226816013267113,0.7148118576106433,nan,1.3794680430228243,1.1472072396123434,0.587473562500386,0.6011963030733732,0.5954224059164759,0.5488778613372913,-3.00307822227478,2.432232618331909,1.280357837677002,-4.74,0.39,1.65
1743704284.401806,2c08d2cc-7a1c-9d34-25ea-6265acb43d72,61b6ff2f-0abe-1bdc-9c0f-a2b62480c888,29,nan,-74.0,-69.0,-72.0,-60.0,-55.0,-37.0,nan,-0.9726673901940761,-2.795780387094677,0.04322896344638421,0.9375202938167212,2.189263079668957,0.7381647523751068,nan,1.4172397899214724,1.1740938481875107,0.5723738385938003,0.7016785693416083,0.3475821416366512,0.5085125931300649,-3.0130419731140137,2.4325554370880127,1.2557525634765625,-4.74,0.39,1.65
1743704285.393854,2c08d2cc-7a1c-9d34-25ea-6265acb43d72,74f5d0ce-e4aa-c047-36ea-09bab9efcfd1,34,nan,-81.0,-70.0,-71.0,-57.0,-58.0,-36.0,nan,-1.0394420266281232,-2.8516050372327,-4.793689962142629e-06,0.9506870416915137,2.008971352197372,0.774417117641459,nan,1.3811575524183706,1.2220916010398455,0.37367868532483733,0.7886557401491499,0.41397280130350994,0.4940968454500311,-3.02076244354248,2.3968067169189453,1.2192577123641968,-4.74,0.39,1.65
1743704286.406472,2c08d2cc-7a1c-9d34-25ea-6265acb43d72,a9dc52d1-58c7-4535-46e8-976457444818,5,-70.0,-69.0,-69.0,-71.0,-70.0,-51.0,-36.0,-2.673649151084188,-1.0244677376088804,-2.913646037987186,-0.012069712376348114,0.7811127485178635,2.0982561684289873,0.6458831627065542,1.0651717580257605,1.4048289266094858,1.1511680259435637,0.311068966519565,0.5065322559001006,0.45244150025885405,0.4940806792332463,-3.02966833114624,2.37058424949646,1.2017658948898315,-4.74,0.39,1.65
1743704287.393501,2c08d2cc-7a1c-9d34-25ea-6265acb43d72,74b35893-d5f1-bb38-11b9-60ed8fb18a38,12,-73.0,-78.0,-67.0,-70.0,-64.0,-53.0,-36.0,-2.623386512882796,-0.9942644282121282,-2.924232635952469,-0.03747467127905,0.9016795149539428,2.1857113292849295,0.663929872368188,1.000933316476823,1.3218794481367873,1.1289555313975943,0.6065278143096305,0.36977330545509,0.49355076280479493,0.5356127631433164,-3.075775146484375,2.2961223125457764,1.1640369892120361,-4.74,0.39,1.65
1743704288.406502,2c08d2cc-7a1c-9d34-25ea-6265acb43d72,f17eb7a7-db16-c70e-e6a4-321fc6114257,12,-75.0,-78.0,-67.0,-71.0,-65.0,-53.0,-36.0,-2.621411246302284,-0.9764529405255691,-2.9266435956873176,-0.09491213177322497,0.9795643556258375,2.2341698485322734,0.696092999535917,1.0278951593527852,1.2606938547244348,1.1119800765562384,0.9411111949635638,0.3596124464220347,0.49147789715249046,0.5559994733960484,-3.136486768722534,2.1759121417999268,1.1061632633209229,-4.74,0.39,1.65
1743704289.401366,2c08d2cc-7a1c-9d34-25ea-6265acb43d72,23f9efe3-640e-4483-6b64-9c91cfe32331,6,-69.0,-70.0,-69.0,-72.0,-69.0,-51.0,-36.0,-2.713635183271183,-0.9430378588541816,-2.9115847513034647,-0.12465538009166593,0.8131381547996035,2.2189778276530165,0.613949894221556,1.057001912170697,1.2934764356369288,1.1648020791442244,0.982232732460341,0.29692573326474814,0.5127650549970963,0.5198290361293555,-3.1898303031921387,2.081048011779785,1.0528589487075806,-4.74,0.39,1.65
1743704290.393843,2c08d2cc-7a1c-9d34-25ea-6265acb43d72,e7801a4e-8abc-8014-3811-0ee7faf4f88c,31,-73.0,-75.0,-69.0,-71.0,nan,nan,-37.0,-2.6829691496350296,-0.8511473496537606,-2.888664788013916,-0.17032193488379965,nan,nan,0.7134264230439054,1.0020204854128205,1.2877549003510027,1.2225497979053939,1.032166536846136,nan,nan,0.5023488123424976,nan,nan,nan,-4.74,0.39,1.65
1743704291.393604,2c08d2cc-7a1c-9d34-25ea-6265acb43d72,eb836919-faec-ff82-5521-9233b2f702f5,10,-69.0,-72.0,-68.0,-69.0,-58.0,-54.0,-35.0,-2.7550212392432325,-0.8637539553058685,-2.8823040940663702,-0.1835354749483368,0.024680177338466846,2.243659612113966,0.6763923720181647,0.9796515967318362,1.3634197011359523,1.1812227309514893,1.0967897385935628,0.7852458700791891,0.5113685064354669,0.51548650367213,-3.177173614501953,2.0818569660186768,1.0501651763916016,-4.74,0.39,1.65
1743704292.406049,2c08d2cc-7a1c-9d34-25ea-6265acb43d72,3067db26-547f-3cd7-86c1-6e8a1bf3801d,30,-76.0,-75.0,-69.0,-72.0,nan,nan,nan,-2.7284807084517206,-0.8305097154184095,-2.918568358629979,-0.20605889355157297,nan,nan,nan,1.0132992389454152,1.2938175865725678,1.2410635611714065,1.019010654219199,nan,nan,nan,nan,nan,nan,-4.74,0.39,1.65
1743704293.390731,2c08d2cc-7a1c-9d34-25ea-6265acb43d72,64aa2526-2a58-4798-98a2-30cabefe5f8f,34,-72.0,-81.0,-69.0,-71.0,nan,-57.0,-36.0,-2.634154472118313,-0.8481984313787158,-2.9063162197189607,-0.13699167489313097,nan,2.1125286251775215,0.7437120575793186,1.0102787482160744,1.317374045362646,1.2933316928316831,0.7979842627091628,nan,0.4346550316949318,0.47583237058646466,-3.2003417015075684,2.0432984828948975,1.0085482597351074,-4.74,0.39,1.65
1743704294.389458,2c08d2cc-7a1c-9d34-25ea-6265acb43d72,32dfe7f1-a809-2b1e-e010-1a4e9fcaa1ce,17,-75.0,-81.0,-74.0,-64.0,-61.0,-53.0,-37.0,-2.5740858084671396,-0.8385143787068606,-2.882833796807187,-0.09438322798073523,0.37843162553304865,2.1776482472833774,0.7198230197903684,1.0831591475023192,1.2725511800038494,1.2080964231953697,0.7227533574448142,0.49241947144535525,0.4058786524488542,0.5155092784431092,-3.2569477558135986,1.9720977544784546,0.9470888376235962,-4.74,0.39,1.65
