1740406627.162118,1d5ab4ef-0f65-dd99-0b6e-312f5d6add59,b34cf30c-07a5-af90-20c4-51c153bef5e0,15,-71.0,-69.0,nan,nan,-53.0,-57.0,-52.0,1.6957784767523152,1.6379740326599275,nan,nan,0.774417117641459,1.5445037299552016,-1.1959499440349755,0.09581352857843271,0.7784793374644496,nan,nan,0.4940968454500311,0.6453128578210311,0.7883557617942453,-1.6501349210739136,1.48903751373291,0.768423616886139,-1.14,0.39,1.92
1740406628.16043,1d5ab4ef-0f65-dd99-0b6e-312f5d6add59,a7f9615a-6b1f-aeae-0d3c-32addfeddfb8,25,-72.0,nan,-78.0,nan,-63.0,-51.0,-55.0,1.664589131961961,nan,1.0253298028537392,nan,0.8026986045286139,1.3217167474893932,-0.8362454857653498,0.07502423564138007,nan,0.125241575137106,nan,0.5433209627071369,0.6213327751925111,0.5586150362182087,-1.6483678817749023,1.3934334516525269,0.8467352986335754,-1.14,0.39,1.92
1740406629.162602,1d5ab4ef-0f65-dd99-0b6e-312f5d6add59,c62dd67b-7a0b-41dc-606d-4b570292ec9c,5,-76.0,nan,-69.0,nan,-59.0,-54.0,-53.0,1.65923937396421,nan,0.9840875575805539,nan,0.699154841276842,1.2834858746019897,0.039905607683646885,0.09186280400270584,nan,0.09580448215310486,nan,0.6034116483211126,0.25834526606742675,0.5058078445218618,-1.643251657485962,1.331991195678711,0.945245862007141,-1.14,0.39,1.92
1740406630.160888,1d5ab4ef-0f65-dd99-0b6e-312f5d6add59,739005b3-72f0-9309-43c2-ccc1fc86b3e2,27,-70.0,nan,-77.0,-75.0,-55.0,-51.0,-53.0,1.663972343853499,nan,1.0387641189726438,0.8336732844773146,0.7290933567157764,1.1893754593229653,-0.41094595835940334,0.16836534372043208,nan,0.08450786047407152,0.3760567883097372,0.3919975356165604,0.36791409472935854,0.35472146586225667,-1.6390992403030396,1.2902956008911133,1.0373965501785278,-1.14,0.39,1.92
1740406631.16083,1d5ab4ef-0f65-dd99-0b6e-312f5d6add59,6fcb6072-a4aa-0fd9-05b7-ab03ff0911a7,36,-75.0,nan,-75.0,-72.0,-56.0,-51.0,-60.0,1.6611600457423752,nan,1.0572989212112682,1.0154556004800523,0.6936286676794488,1.0014890109621517,-0.9406288334505379,0.17979847737246718,nan,0.10269994716991643,0.18603664926511196,0.3442788693271463,0.3609133793006874,0.7560944595477039,-1.6385774612426758,1.2487843036651611,1.1108801364898682,-1.14,0.39,1.92
1740406632.160318,1d5ab4ef-0f65-dd99-0b6e-312f5d6add59,088d3fe7-5577-0917-11e0-bcf8bee8c2dd,3,-81.0,nan,-71.0,-74.0,-57.0,-63.0,-55.0,1.5492785178192745,nan,1.0636399077667469,1.1405919474645865,0.6849525093541441,0.9855524924420376,2.8115061791764426,0.2441375364763393,nan,0.07870479916927525,0.2677487398715751,0.43553386991295684,1.039103248172186,1.1853259067889022,-1.6046483516693115,1.1521787643432617,1.1043015718460083,-1.14,0.39,1.92
1740406633.162147,1d5ab4ef-0f65-dd99-0b6e-312f5d6add59,e93989a8-ea3d-d4db-a472-7154710e9042,30,-86.0,nan,-78.0,-77.0,-53.0,-51.0,-55.0,1.5033171510944687,nan,1.0956764040998552,1.1329039340297458,0.7743597238043891,0.8967217243562249,-2.7955403459758124,0.3161509436697087,nan,0.14853734374597874,0.31087578747199335,0.29461328251005825,0.5424452602864597,0.7027656857816622,-1.573320984840393,1.0591391324996948,0.966101050376892,-2.34,0.39,1.92
1740406634.160863,1d5ab4ef-0f65-dd99-0b6e-312f5d6add59,0c36a61f-e102-e57a-bb00-750976c1afd5,34,-87.0,nan,-84.0,-71.0,-62.0,-50.0,-61.0,1.788971005409676,nan,1.1375583406668774,1.1368243734704515,0.9500761034283888,1.8332788274303222,2.7889780533935933,0.37550521435846823,nan,0.17829294247397495,0.3028112363485291,0.29992444719111727,0.80534575730177,0.46284322619154084,-1.5630592107772827,0.9863635301589966,0.8546846508979797,-2.34,0.39,1.92
1740406635.161755,1d5ab4ef-0f65-dd99-0b6e-312f5d6add59,b4516671-c34e-6724-2f08-f5918762b678,36,-81.0,-62.0,-78.0,-72.0,-79.0,-50.0,-60.0,1.82755328538609,2.38936203104041,1.1490735829042709,1.1587448524028934,0.9267714677745533,2.2365227465996376,2.170347838506173,0.2352008500301445,1.1710535834870763,0.15825360402226704,0.2212020103391702,0.23798774607428497,0.5532824127904231,0.7540057477234919,-1.5708801746368408,0.9662699699401855,0.709441602230072,-2.34,0.39,1.92
1740406636.162371,1d5ab4ef-0f65-dd99-0b6e-312f5d6add59,3721aa66-99c0-958c-5774-e9a7faa7f5e6,33,-75.0,-64.0,-84.0,-68.0,nan,-58.0,-57.0,1.9034784101675948,2.3357765667469255,1.1596894756415448,1.1840219795732716,nan,2.1537427306127848,2.534857565188266,0.21448977912773448,1.0872090165720028,0.1683798413036162,0.2098258849792196,nan,0.50321634837366,0.5543129824075231,-1.5872597694396973,0.977065920829773,0.6261286735534668,-2.34,0.39,1.92
1740406637.161763,1d5ab4ef-0f65-dd99-0b6e-312f5d6add59,9a8709a7-4804-2e75-c7cf-a027d00228f1,7,-69.0,-57.0,-73.0,-76.0,-55.0,-51.0,-46.0,1.948751616066724,2.5182872573077995,1.2493772843043611,1.2303588520117783,0.9101469485787667,2.034443935703327,1.3312608874974023,0.20072742814155925,0.9412819035894379,0.19676421167584424,0.23222361902376085,0.46117059376713443,0.2526802551532591,0.884396690251861,-1.6301896572113037,0.99919331073761,0.634929060935974,-2.34,0.39,1.92
1740406638.162227,1d5ab4ef-0f65-dd99-0b6e-312f5d6add59,fee5cd89-5873-55cf-82ad-bfce991ff3fd,2,-71.0,-62.0,-74.0,-65.0,-57.0,-49.0,-45.0,1.9104106184850713,2.9154647106956015,1.2846290150215223,1.1174757092026988,0.9761331169778928,2.1066509596331606,0.8883147518120261,0.19783057466582557,0.6835544225179924,0.13581967595403593,0.24798588747528785,0.876638263164813,0.3795626958329338,0.5946869064182432,-1.6795319318771362,1.028659701347351,0.6355095505714417,-3.54,0.39,1.92
1740406639.162389,1d5ab4ef-0f65-dd99-0b6e-312f5d6add59,e1900fd2-31e1-5f4c-6639-65c93e2ceeb9,6,-73.0,-63.0,-75.0,-68.0,-57.0,-54.0,-43.0,1.9465161586477115,2.9727663499741817,1.2615748284130328,1.1435344741530153,0.848446834399372,2.355299648366956,0.30577242637864166,0.2331620504128775,0.6166004887635554,0.14230125244793557,0.2545616816151275,0.506498067113555,0.3318294786313438,0.7268496724299472,-1.7473987340927124,1.0503196716308594,0.6115620732307434,-3.54,0.39,1.92
1740406640.162594,1d5ab4ef-0f65-dd99-0b6e-312f5d6add59,d905b651-8757-96b1-5aa3-335f3cffa197,5,-70.0,-60.0,nan,-69.0,nan,nan,nan,1.982693071527566,2.954847536895693,nan,1.2622571302843115,nan,nan,nan,0.2079694120280822,0.49812806990618563,nan,0.29444784526124423,nan,nan,nan,nan,nan,nan,-3.54,0.39,1.92
1740406641.161391,1d5ab4ef-0f65-dd99-0b6e-312f5d6add59,977d6c04-0e46-f4b4-d806-da429c8fdda6,8,-68.0,-61.0,nan,-72.0,-53.0,-52.0,-43.0,2.0594709404901144,2.9451669463332544,nan,1.363264172528292,0.9288052476537959,2.3491747619468515,0.6019453209733664,0.1984552856785309,0.42795141162713024,nan,0.3169010562802431,0.2961285545227437,0.39922474622009196,0.428561642015407,-1.8250480890274048,1.047522783279419,0.5768648982048035,-3.54,0.39,1.92
1740406642.15983,1d5ab4ef-0f65-dd99-0b6e-312f5d6add59,586c857b-879d-5c30-b9f4-7bd3ce9170bf,16,-68.0,-71.0,nan,-77.0,-53.0,nan,-45.0,2.0955967206770394,2.926890204404259,nan,1.427707344586029,0.8890528258584616,nan,0.10171496025123683,0.20337479335742298,0.4700369135699753,nan,0.3040794336596247,0.23733228314763752,nan,0.5387671784808613,-1.91906201839447,1.0294314622879028,0.558398962020874,-3.54,0.39,1.92
1740406643.162633,1d5ab4ef-0f65-dd99-0b6e-312f5d6add59,ea707562-5c71-4584-cdd7-ab4f56e2da4d,34,-80.0,-63.0,nan,-70.0,-56.0,-57.0,-47.0,2.0987914487206982,2.905777728546547,nan,1.5282150441256195,1.0339515229070506,2.3148252680769024,0.4688962807789763,0.21725026211089932,0.5087429639580507,nan,0.34291484709765074,0.34387714217523574,0.27993026697924117,0.36197577320679747,-2.03546929359436,1.0107617378234863,0.5679520964622498,-4.74,0.39,1.92
1740406644.160584,1d5ab4ef-0f65-dd99-0b6e-312f5d6add59,1ed75016-f18b-a5e2-d99f-b26849f4ebf7,34,-78.0,-68.0,nan,-77.0,-62.0,-63.0,-40.0,2.107918634408618,2.8998527277533386,nan,1.770786941486615,1.1134112210760083,1.4986866295517534,0.5606058397408276,0.15240412049071927,0.6586781010916712,nan,0.31742023953475407,0.2998885196505309,0.8003322394185632,0.4231219515440247,-2.1903016567230225,1.0125808715820312,0.713156759738922,-4.74,0.39,1.92
1740406645.16259,1d5ab4ef-0f65-dd99-0b6e-312f5d6add59,17702d22-187e-95ac-7dc0-58a920b56a54,32,-79.0,-70.0,nan,-75.0,nan,nan,-41.0,2.1200514637028007,2.9217529666614963,nan,1.9558425487851692,nan,nan,0.6203562190559058,0.20742657657413993,0.6759030275481402,nan,0.35591483493227716,nan,nan,0.42370635396906065,nan,nan,nan,-4.74,0.39,1.92
1740406646.161807,1d5ab4ef-0f65-dd99-0b6e-312f5d6add59,73ad9c78-9833-dcfa-15ba-4cbb4996cd7b,34,-90.0,-72.0,-77.0,-75.0,-60.0,nan,-44.0,2.06490272384944,2.957810569924515,1.4424404843685654,1.9392574467805916,1.03882871373832,nan,0.6403392569135513,0.22160577884993984,0.6976996029108666,0.5086752530873355,0.37964403300856037,0.23225689331951013,nan,0.4801137821079253,-2.408160924911499,1.0310333967208862,0.8002923727035522,-4.74,0.39,1.92
1740406647.15949,1d5ab4ef-0f65-dd99-0b6e-312f5d6add59,b4944243-a806-acdc-0446-06ef2c174029,0,-73.0,-66.0,-80.0,-83.0,-50.0,-57.0,-39.0,2.117030373762215,3.0069032814590355,1.5618859224197092,1.8976471526447574,1.2706778239443128,1.9959974421278206,0.701352412841905,0.2106988858293044,0.51362310678708,0.3995656763848436,0.5078751396273348,0.4572405373095475,0.5488778613982149,0.4758160588358846,-2.6581599712371826,1.01460063457489,0.9141724705696106,-4.74,0.39,1.92
1740406648.161454,1d5ab4ef-0f65-dd99-0b6e-312f5d6add59,5f358bd8-ada0-9d4a-3c22-22b467ffee56,3,-79.0,-71.0,-85.0,-71.0,-50.0,-58.0,-36.0,2.1398755022251326,3.009670305831628,1.5977160917256357,2.0382285023712066,1.6667554588978393,2.243659612113966,1.1313572203033606,0.2555696880877224,0.5164085402607076,0.39775332868401736,0.5065267811674277,0.49774374820782474,0.5113685064354669,0.7172787115361559,-2.9114456176757812,0.9755826592445374,0.828363537788391,-5.94,0.39,1.92
1740406649.161781,1d5ab4ef-0f65-dd99-0b6e-312f5d6add59,5f1113a3-811b-9693-1ec4-e893ed749493,11,-79.0,-80.0,-79.0,-76.0,nan,nan,nan,2.122413154957483,3.0302618673801205,1.5706631687403927,2.1456859870914675,nan,nan,nan,0.259244567431166,0.4942869260869371,0.2638334270159679,0.5647427502272601,nan,nan,nan,nan,nan,nan,-5.94,0.39,1.92
1740406650.163007,1d5ab4ef-0f65-dd99-0b6e-312f5d6add59,343d1b12-86e7-cd73-f4ec-eb4c975d78fb,8,-75.0,-66.0,-73.0,-72.0,-50.0,-59.0,-40.0,2.090621935760771,3.0564913409563115,1.5687733896308724,2.073111118961282,2.302944756023923,1.3340882143901311,1.710497867637532,0.2509464737248585,0.5360398324991449,0.2613266267713899,0.5186494904494684,0.9404624095857889,0.7932102870561948,0.6684363431304141,-3.1573562622070312,0.9465855360031128,0.541281819343567,-5.94,0.39,1.92
1740406651.161548,1d5ab4ef-0f65-dd99-0b6e-312f5d6add59,aae1392f-991f-f15d-3ee7-e244fd310b97,18,-75.0,-69.0,-78.0,-76.0,-57.0,-51.0,-36.0,2.466302885461671,-3.1372101556999583,1.5743340699869577,2.133838648666141,2.158276477223186,2.0464018923246563,1.9314771878171608,0.2275151169269871,0.43149311627131304,0.250106828967427,0.4178665865007319,0.4353266578312729,0.6511591895637656,0.4820447900672171,-3.414031744003296,0.936236023902893,0.407665729522705,-5.94,0.39,1.92
1740406652.161485,1d5ab4ef-0f65-dd99-0b6e-312f5d6add59,8a34d055-ab71-d7b6-9840-f3efefa0a412,3,-80.0,-70.0,-73.0,-70.0,-55.0,nan,-33.0,2.3964503005977646,3.114608440160674,1.5617804612405422,2.2003777285017705,1.3919916670135049,nan,2.036202961704549,0.2691056537364841,0.5636120386074397,0.2008004653344547,0.416637204762524,0.6967421934710997,nan,0.491131619886606,-3.687671661376953,0.9234215021133423,0.3138132393360138,-5.94,0.39,1.92
1740406653.161953,1d5ab4ef-0f65-dd99-0b6e-312f5d6add59,ca77ceae-768d-d198-583d-9e2dd24b8409,4,-72.0,-72.0,-68.0,-77.0,nan,-48.0,nan,2.417276752954402,-3.111042733777167,1.597799714983864,2.2193612733840737,nan,2.3610968687794323,nan,0.3101542705536637,0.6855736312564904,0.2683336532707406,0.45094827369315527,nan,0.6177812823299504,nan,nan,nan,nan,-7.14,0.84,1.92
1740406654.160422,1d5ab4ef-0f65-dd99-0b6e-312f5d6add59,a854ae66-05ab-9bc7-02de-7ef59d792bb7,29,-78.0,-79.0,-81.0,-67.0,-47.0,-47.0,-41.0,2.5346177611121656,-3.0251523265126945,1.7008496681000442,2.268799130595869,1.6268609530142784,1.2614427472958245,1.2994202751465482,0.3656961595629475,0.7295984138156175,0.19543339678961802,0.44775947118292164,0.8188362601250667,0.8490685756243569,0.6897975409178008,-4.017461776733398,0.9468515515327454,0.20448589324951172,-7.14,0.84,1.92
1740406655.162351,1d5ab4ef-0f65-dd99-0b6e-312f5d6add59,c71092e9-1872-ce82-9cfa-0112d75187b7,27,-76.0,-72.0,-79.0,-74.0,-43.0,-47.0,-39.0,2.516376172909559,-3.000667223450506,1.7518444092850993,2.300779966862194,1.914906352509352,0.8879178515861844,2.113830410035172,0.38410699165282874,0.814904057483736,0.15312595365942847,0.3462140709245818,0.7210065267034491,0.5629227754480076,0.8366513899779603,-4.361998081207275,0.9963178634643555,0.11169004440307617,-7.14,0.84,1.92
1740406656.162821,1d5ab4ef-0f65-dd99-0b6e-312f5d6add59,9ec2b7e6-f110-7e47-72be-8f9a92d1c558,21,-74.0,-74.0,-73.0,-73.0,-43.0,nan,nan,2.3474055259628654,-3.0307212626681594,1.7800398283779861,2.3321498739744557,2.1140472574272993,nan,nan,0.3846172533176879,0.7791611732825372,0.1321972941735806,0.3668238418370279,0.4914778971478252,nan,nan,nan,nan,nan,-7.14,0.84,1.92
1740406657.162188,1d5ab4ef-0f65-dd99-0b6e-312f5d6add59,67ee82e2-0f80-b285-25c8-29b40bd82019,23,-72.0,-73.0,-78.0,-70.0,-46.0,-58.0,-42.0,2.366354982383215,-2.948758219063227,1.7269646257493612,2.356747895066863,2.12121297204064,1.6904679918397667,2.7191647746954337,0.42943678972512195,0.6905713859371604,0.14963669664396345,0.40332213168142755,0.45379556211315375,0.8489321322235825,0.65324640829701,-4.693472385406494,1.0561082363128662,0.014587357640266418,-7.14,2.04,1.92
1740406658.168156,1d5ab4ef-0f65-dd99-0b6e-312f5d6add59,10574f02-ab45-3348-dd71-3a13cb9ea55f,33,-76.0,-77.0,-75.0,-69.0,-46.0,-53.0,-58.0,2.3927522351080808,-2.8887164533390637,1.7995602665360493,2.3994122683621506,2.1368738505283797,2.879068533106521,-3.098988062224282,0.4510126223229943,0.5574468872629335,0.15837224784883006,0.47683127001152636,0.2889688133603582,1.2283040371199558,0.6104387544088928,-5.00874137878418,1.1097218990325928,-0.41529643535614014,-7.14,2.04,1.92
1740406659.162728,1d5ab4ef-0f65-dd99-0b6e-312f5d6add59,dc956069-92a9-34d9-c432-d13613d84fbc,2,-67.0,-69.0,-81.0,-67.0,-43.0,-52.0,-45.0,2.4289957270151867,-2.770331752350098,1.834581900135027,2.4740862400635364,2.197708120779456,2.6368809994091293,-2.759618094318326,0.36972292571017457,0.4876150750555297,0.21326464180251395,0.49836545742785254,0.23272595909758056,0.6845673092373997,0.5086264940497297,-5.265850067138672,1.146006464958191,-0.8016732335090637,-7.14,2.04,1.92
1740406660.161654,1d5ab4ef-0f65-dd99-0b6e-312f5d6add59,967f4c48-72e6-b059-62dd-2d3c1793d6af,33,-72.0,-72.0,-74.0,-72.0,-46.0,-56.0,-43.0,2.4825364502023577,-2.7432961399119407,1.8439040292147404,2.5036654376588285,2.2242484182898785,2.4304146235195567,-2.636044642436974,0.41757117535681487,0.4867891289329553,0.14107468367362913,0.5275330301871592,0.20634792800022445,0.3975777676640607,0.35559049985216074,-5.501037120819092,1.2210837602615356,-2.4752790927886963,-7.14,2.04,1.92
1740406661.161865,1d5ab4ef-0f65-dd99-0b6e-312f5d6add59,640b6575-8db3-94cf-9f52-b0be48dc4267,36,-74.0,-72.0,-75.0,-81.0,-45.0,-61.0,-45.0,2.465291416879659,-2.753184723355514,1.836159024132572,2.4916082421396037,2.16083509743038,2.335855239679225,-2.5877347905615062,0.4317852983324083,0.5047239875570122,0.16614884467942956,0.5075549943747937,0.16849364840146386,0.2728420409462208,0.31556723699172085,-5.738832473754883,1.3125054836273193,-3.8105664253234863,-7.14,2.04,1.92
1740406662.160376,1d5ab4ef-0f65-dd99-0b6e-312f5d6add59,e0159f98-65d1-d8b6-e66c-7b24168d3dc6,6,-72.0,-72.0,-77.0,-66.0,nan,nan,nan,2.463010685722115,-2.836712374100868,1.8748132094584182,2.5215022253757433,nan,nan,nan,0.25401463503771154,0.38968461637134977,0.2423533184145271,0.5236560002722219,nan,nan,nan,nan,nan,nan,-7.14,2.04,1.92
1740406663.162206,1d5ab4ef-0f65-dd99-0b6e-312f5d6add59,8449f2fe-1c92-2af6-f3f3-f843d7e75f8a,9,-65.0,-80.0,-73.0,-66.0,-52.0,-57.0,-47.0,2.4782711314004873,-2.851929410253472,1.9062859145887563,2.569351240681197,2.2495452902983666,1.4472484780514838,-2.4616720776652454,0.3000415488148466,0.3690878283692179,0.27094955989622777,0.5324778878306776,0.17811659117328632,1.4300904274370996,0.4219892663489362,-6.01582956314087,1.464150071144104,-3.707700252532959,-7.14,3.24,1.92
1740406664.163614,1d5ab4ef-0f65-dd99-0b6e-312f5d6add59,91101dff-a3bf-c8a7-efbe-c0dda9a82123,31,-75.0,-73.0,-81.0,-68.0,-39.0,-61.0,-52.0,2.484820909785428,-2.8313929761395435,1.980413938266676,2.5906203104110057,2.285622463019579,2.580102117116591,-2.4060230205400406,0.2683880483360055,0.39251831963973505,0.26266578068077945,0.5400046135720004,0.3094325508712855,1.20428416816207,0.29105738656828967,-6.294132232666016,1.6189451217651367,-3.7048778533935547,-7.14,3.24,1.92
1740406665.163502,1d5ab4ef-0f65-dd99-0b6e-312f5d6add59,6a2197a5-ae6d-97c5-81aa-9f6e468cc0bf,36,-75.0,-73.0,-78.0,-70.0,-41.0,-61.0,-55.0,2.540816534865434,-2.79983318564156,1.9137907025405998,2.6204594325286896,2.289410898632529,2.4223890267654244,-2.40247442280921,0.226176012951868,0.37631717888531974,0.204888534121024,0.5110357459195272,0.3499088370913043,0.9956202433563413,0.41791474165396536,-6.539391040802002,1.784368872642517,-3.72803282737732,-7.14,3.24,1.92
1740406666.16174,1d5ab4ef-0f65-dd99-0b6e-312f5d6add59,7661bc6c-44c9-aa7c-6aab-9d3a2ac538d7,4,-67.0,-73.0,-78.0,-72.0,-44.0,-65.0,-45.0,2.602825045054621,-2.680478028751369,1.988989849608949,2.6752784730390986,2.2801380241223854,3.0481452204687267,-2.280200706964698,0.13955243743929666,0.5217882588207221,0.22565333429842632,0.4792451592235742,0.26973703439420743,0.9753556325029602,0.41397280131264486,-6.69929552078247,1.9822784662246704,-3.716641426086426,-7.14,3.24,1.92
1740406667.161285,1d5ab4ef-0f65-dd99-0b6e-312f5d6add59,6371c132-4cd6-79fb-0dd3-8dfe9d89b210,10,-73.0,-72.0,-68.0,-63.0,-37.0,-51.0,-48.0,2.5529355157219484,-2.603991509612076,2.017147451814357,2.713297228128852,2.2801380241223854,2.9212403003221303,-2.3070854834327648,0.18268477807238143,0.5341200262483341,0.3378537757620642,0.48339436420191767,0.26973703439420743,0.7731610709353323,0.30347293437275163,-6.845301628112793,2.1490509510040283,-3.73102068901062,-7.14,3.24,1.92
1740406668.162309,1d5ab4ef-0f65-dd99-0b6e-312f5d6add59,b2259cb8-9a4f-8f71-f004-4f5ea6b4b7ad,31,-73.0,-72.0,-69.0,-63.0,-40.0,-48.0,-50.0,2.603229312908095,-2.4408840781213006,2.0383728457022885,2.7734138286796464,2.5074365797856237,2.6286829267403244,-2.303295235565591,0.18037275477202913,0.43260635089647975,0.3692526447511802,0.47121582840552617,0.40468800106088104,0.46609024941547855,0.5265693390225165,-7.005666732788086,2.3180747032165527,-3.7736504077911377,-7.14,4.44,1.92
1740406669.162373,1d5ab4ef-0f65-dd99-0b6e-312f5d6add59,ac0dd942-06b6-2ef8-8fd7-02623ab3eec3,4,-69.0,-74.0,-69.0,-68.0,-37.0,-58.0,-51.0,2.5617319368024805,-2.415620533072482,2.065748011179431,2.845300003351938,2.5485692811531395,2.291095009997532,-2.1379934129482714,0.20951268059026948,0.3539153335858457,0.4113462360458363,0.4743465074249688,0.32328638399599724,0.9989866317493773,0.654482302791345,-7.13431215286255,2.4991345405578613,-3.424196243286133,-7.14,4.44,1.92
1740406670.162367,1d5ab4ef-0f65-dd99-0b6e-312f5d6add59,78a0eced-921d-075f-dc14-be71c4ce854c,30,-74.0,-73.0,-67.0,-66.0,-40.0,-53.0,-47.0,2.658105345065832,-2.372865878616241,2.048346916616853,2.847836397974129,2.6419985018409355,2.3936375640954384,-2.24487092905112,0.2968151957332429,0.13023451948305698,0.6368729370344294,0.5502561525826378,0.32499936186879014,0.5673653865268347,0.5424452603509033,-7.26667308807373,2.696932077407837,-3.2008981704711914,-7.14,4.44,1.92
1740406671.16212,1d5ab4ef-0f65-dd99-0b6e-312f5d6add59,65678ca4-240a-aa9f-04c0-0176b245ea0f,12,-62.0,nan,-68.0,-62.0,-36.0,nan,-51.0,2.7059447729913613,nan,2.1268276107803983,2.8475098944244848,2.769758155754873,nan,-2.1102520507668836,0.3435721152546823,nan,0.45772219037333994,0.4799362495264497,0.4599397102378498,nan,0.7473633333479002,nan,nan,nan,-7.14,4.44,1.92
1740406672.164162,1d5ab4ef-0f65-dd99-0b6e-312f5d6add59,30539281-e29d-90ce-2f65-96e4ed5b448f,34,-83.0,-75.0,-69.0,-63.0,-42.0,-47.0,-47.0,2.7026728132760898,-2.3586339457508574,2.013429678932606,2.9606154111845866,2.7124464883725117,2.6384938773292723,-2.097038448479878,0.2933937328122772,0.13129292627928174,0.4522990289980434,0.4341192927117538,0.4503564304369082,0.5668395205481014,0.8455448410742525,-7.373351097106934,2.908400058746338,-1.5973491668701172,-5.94,4.44,1.92
1740406673.162483,1d5ab4ef-0f65-dd99-0b6e-312f5d6add59,96752adb-7e22-d948-4fc8-4756ffb696f8,9,nan,-80.0,-74.0,-65.0,-32.0,-50.0,-57.0,nan,-2.367625310223183,1.921995369226916,3.0253504656977963,2.599065065664431,2.773340288509443,-1.6567262702043952,nan,0.13326660328551787,0.536387841074591,0.42024748580477633,0.5565946051498261,0.6986827255346806,0.8871153332194185,-7.370361804962158,3.131788730621338,-0.15826936066150665,-5.94,4.44,1.92
1740406674.16206,1d5ab4ef-0f65-dd99-0b6e-312f5d6add59,398d8539-bd4d-4fc8-71ef-55143e868c7d,31,nan,-72.0,-78.0,-70.0,-35.0,-51.0,-54.0,nan,-2.4375905468011996,1.8341195753697892,3.0437097656205845,2.5294461996071624,2.9295722975609295,-1.7775684664875648,nan,0.17218335132771054,0.3820447395732123,0.37560897777244046,0.7030380373657031,0.6002666408489803,0.7268496725069593,-7.301697731018066,3.295175790786743,-0.00713046919554472,-5.94,4.44,1.92
1740406675.162868,1d5ab4ef-0f65-dd99-0b6e-312f5d6add59,a81f04fd-a271-25e8-4f95-4f2d467c997c,33,nan,-70.0,-78.0,-70.0,-34.0,-53.0,-55.0,nan,-2.589036794826845,1.784835116236783,3.049368982937003,2.4933665038158686,2.940733297718599,-1.8784819102570118,nan,0.2062213630228246,0.3184357028584013,0.44030847908509796,0.7954523165691167,0.5148495139529916,0.597327492819649,-7.223807334899902,3.43571138381958,0.0857415795326233,-5.94,4.44,1.92
1740406676.162761,1d5ab4ef-0f65-dd99-0b6e-312f5d6add59,7ce41e50-25c8-6721-ec0f-a28f88dd68c2,9,nan,-68.0,-87.0,-64.0,-34.0,nan,-54.0,nan,-2.495075145246669,1.7289444197037258,3.0895768564428017,2.405810462589863,nan,-1.5707963266662204,nan,0.22607421361919972,0.4359973539124776,0.34806330340650554,0.8896595186870562,nan,0.6806784082777885,-7.091444492340088,3.58120059967041,0.19177913665771484,-5.94,4.44,1.92
1740406677.162683,1d5ab4ef-0f65-dd99-0b6e-312f5d6add59,c851a3cc-7b34-0756-ebc7-3882572eeec5,22,nan,-67.0,-75.0,-68.0,-36.0,-51.0,-52.0,nan,-2.5786696413353845,1.7257427674412327,3.0428628803939395,2.1651009997080752,2.8396110315420966,-1.4491794938832272,nan,0.2219196490291625,0.412979452873841,0.3345169680742494,0.9457453146311051,0.3850385529270196,0.6536419219618638,-6.944849967956543,3.6767520904541016,0.294339120388031,-4.74,4.44,1.92
1740406678.162493,1d5ab4ef-0f65-dd99-0b6e-312f5d6add59,23aa6f12-8fd9-0cb0-6570-eecf57b9ab14,5,-64.0,-67.0,-68.0,-54.0,nan,nan,nan,2.6609085884292494,-2.519744006424073,1.683736194935195,3.059751050130568,nan,nan,nan,0.25115952661206487,0.23624907023519964,0.4076846225735728,0.332042958000593,nan,nan,nan,nan,nan,nan,-4.74,4.44,1.92
1740406679.16241,1d5ab4ef-0f65-dd99-0b6e-312f5d6add59,a9490d92-6998-ad02-ab55-83299acb883b,0,-67.0,-72.0,-82.0,-53.0,-49.0,nan,nan,2.619230650001727,-2.504659595693755,1.6267850276560685,3.1336116924350437,1.1177903806638516,nan,nan,0.3660314848337021,0.2284041466778828,0.4285874077849548,0.3269913075973626,1.0214421028742455,nan,nan,nan,nan,nan,-4.74,4.44,1.92
1740406680.162426,1d5ab4ef-0f65-dd99-0b6e-312f5d6add59,638fabc5-815d-85ff-5c66-e9e30307fff7,12,-63.0,-86.0,-71.0,-59.0,-43.0,-49.0,-55.0,2.6518676891606483,-2.4613560637368486,1.5198633709471312,-3.128312001865786,0.7581748493658803,2.9773625539509174,-0.529916702819002,0.4122193201197052,0.25319601260813485,0.4677464618744527,0.30339493468044715,0.8794947603473153,0.5524356483403188,0.8709490977567711,-6.7479448318481445,3.777461528778076,0.36593157052993774,-4.74,4.44,1.92
1740406681.159793,1d5ab4ef-0f65-dd99-0b6e-312f5d6add59,a9e87d4d-6ce3-4b00-2c80-411c26e53d87,27,-65.0,-71.0,-71.0,-57.0,-45.0,-52.0,-60.0,2.6375505351403823,-2.409163965325694,1.5013133886902934,-3.067951189443031,0.6447483814871487,2.352453641125173,0.06733922224432505,0.3584520285027957,0.24397534996595346,0.5252132171406185,0.34275835309409497,0.6742840766610897,1.3982330196595074,1.308429131071556,-6.53933334350586,3.8779795169830322,0.4959005117416382,-4.74,4.44,1.92
1740406682.160953,1d5ab4ef-0f65-dd99-0b6e-312f5d6add59,85354691-6b7f-8ee9-b918-9d24b552efd8,35,-73.0,-69.0,-84.0,-58.0,-48.0,-51.0,-55.0,2.5681027507621677,-2.3319197768562723,1.420379390530567,-3.125303961414541,0.29895019250348037,2.917162115592326,-1.138652759633867,0.2537500000491418,0.2552332476182614,0.5051910727226985,0.22879055470729648,0.6069020884992875,0.8952123414769405,1.0670037840433946,-6.2813544273376465,4.0043110847473145,0.5706353187561035,-4.74,4.44,1.92
1740406683.164325,1d5ab4ef-0f65-dd99-0b6e-312f5d6add59,b52320dc-a6be-c8be-2582-55cf7f283087,28,-66.0,-66.0,-74.0,-44.0,-47.0,-47.0,-58.0,2.5170739211151596,-2.266225984350634,1.300489470893489,-3.103207181217936,0.48215210553479554,2.7946011823497554,-1.5227981840499447,0.27194418398434506,0.22265824346798233,0.613711624771092,0.3723952081269873,0.42405001766874223,0.9129944561735533,0.9416398245427403,-6.056410789489746,4.127026081085205,0.773166835308075,-3.54,4.44,1.92
1740406684.16246,1d5ab4ef-0f65-dd99-0b6e-312f5d6add59,e22203b7-95fa-3f6b-29f1-c8aa675e86ea,28,-68.0,-68.0,-88.0,-42.0,-53.0,nan,-57.0,2.516819322914948,-2.2318656136503225,1.2884123016660887,-3.103974970560206,0.14227671200042571,nan,-0.9991612195580466,0.2904119577872836,0.1688858918450017,0.6759630818307214,0.3589363243470266,0.5365793394046332,nan,0.6760062650590845,-5.7981276512146,4.222350120544434,0.90579891204834,-3.54,4.44,1.92
1740406685.163359,1d5ab4ef-0f65-dd99-0b6e-312f5d6add59,4402a40a-0870-1b99-ca6e-e74cebae5230,14,-70.0,-69.0,-86.0,nan,-51.0,-50.0,-63.0,2.4526776206926075,-2.2170419263907233,1.2645652920010833,nan,0.3765370375311111,1.1439391836400994,-0.8183959835773484,0.44087956069135176,0.13463354561640667,0.5923402230763969,nan,0.37596162406589395,1.2824870144403624,0.5673771814272649,-5.611566543579102,4.276123046875,1.0179424285888672,-3.54,4.44,1.92
1740406686.164183,1d5ab4ef-0f65-dd99-0b6e-312f5d6add59,95e22f68-906d-d34b-a88e-bfa52c2475a7,8,-68.0,-62.0,-80.0,nan,-51.0,-43.0,nan,2.401398453903132,-2.17014312696221,1.1973409808169762,nan,0.47858590908730464,-2.796924360756936,nan,0.4507785970422036,0.1481469076854163,0.45952957793663585,nan,0.40857190240598434,1.201795771471993,nan,-5.423956394195557,4.328579425811768,1.068547010421753,-3.54,4.44,1.92
1740406687.164167,1d5ab4ef-0f65-dd99-0b6e-312f5d6add59,b01f0e90-c975-edc8-48c3-b7a894e285fd,24,-69.0,-81.0,-74.0,nan,-53.0,-45.0,-58.0,2.3737031764629615,-2.1186049677567245,1.1382771278450896,nan,0.5933109883591533,-3.1132485213469656,-0.8734503193867235,0.48042177708268485,0.12410048551141271,0.38515707607064703,nan,0.3997041302439881,0.9073762941186333,0.436551967359347,-5.217029094696045,4.390028953552246,1.0602567195892334,-2.34,4.44,1.92
1740406688.161539,1d5ab4ef-0f65-dd99-0b6e-312f5d6add59,112a969d-dc20-d3d2-20bb-afec956a40a5,32,-75.0,-67.0,-75.0,nan,-48.0,nan,-56.0,2.3207760455909447,-1.97816862715163,1.0921834020141072,nan,-0.01941809812749841,nan,-0.8171082019997791,0.4714553464560652,0.11447336623023643,0.35171156778380513,nan,0.45371132278464493,nan,0.30889501488387455,-5.050163745880127,4.436315059661865,1.045445203781128,-2.34,4.44,1.92
1740406689.173271,1d5ab4ef-0f65-dd99-0b6e-312f5d6add59,6082ac90-26b1-de54-69e3-8ece69e2390f,9,nan,nan,nan,nan,-49.0,-38.0,nan,nan,nan,nan,nan,-0.3305411018946112,0.7061043204837345,nan,nan,nan,nan,nan,0.44909813324884745,1.1887359196205711,nan,nan,nan,nan,-2.34,4.44,1.92
1740406690.163446,1d5ab4ef-0f65-dd99-0b6e-312f5d6add59,20218bac-5917-b911-0520-535ee5c7bd51,26,-69.0,-79.0,-73.0,nan,-61.0,-47.0,nan,2.3261700120627915,-1.9164880852506867,1.0359179987156761,nan,0.22386278743196272,2.6200502656610962,nan,0.43800680882348336,0.1728110583966422,0.35146326130166883,nan,0.3581441569311395,1.2514058245381663,nan,-4.9079766273498535,4.458308696746826,1.0313620567321777,-2.34,4.44,1.92
1740406691.162678,1d5ab4ef-0f65-dd99-0b6e-312f5d6add59,4237ccad-613b-11b3-9750-80db34cd17f9,25,-69.0,-67.0,-75.0,nan,-52.0,-43.0,nan,2.381466291040543,-1.8530742249542647,1.0232197803220693,nan,0.5097818776239716,2.809156527858299,nan,0.35466850883163376,0.16679782374756824,0.3937864503718035,nan,0.2763498421942981,0.8800815374858973,nan,-4.78993272781372,4.482946872711182,1.041068196296692,-2.34,4.44,1.92
1740406692.163831,1d5ab4ef-0f65-dd99-0b6e-312f5d6add59,6d77e9d9-2e93-7b51-3adb-a2c3b6f70cfa,32,-69.0,-75.0,-75.0,nan,-54.0,-42.0,-63.0,2.3350740248513624,-1.773890722579048,0.917641155750859,nan,0.6472166491622838,2.8026007495899647,-0.861391946459344,0.3658710293780248,0.1917068354762701,0.46707354764601694,nan,0.2248860728023472,0.7561183299763314,0.41397280126024116,-4.665266513824463,4.4910888671875,0.980863630771637,-1.14,4.44,1.92
1740406693.162995,1d5ab4ef-0f65-dd99-0b6e-312f5d6add59,b6738a79-78f6-be9f-a8c9-fda3ade0507e,11,-72.0,-68.0,-84.0,-62.0,-51.0,-34.0,-62.0,2.3046047988197658,-1.7790656440512354,0.9141641326316515,0.02864309647212923,0.6472166491622838,2.756337407469306,-1.2705137380156295,0.3612756117590385,0.21641098353811763,0.504276376756797,0.21293569147361874,0.2248860728023472,0.7473735456213177,0.8704258490256833,-4.66252613067627,4.440669536590576,0.88505220413208,-1.14,4.44,1.92
1740406694.161658,1d5ab4ef-0f65-dd99-0b6e-312f5d6add59,578c7160-be78-19df-caca-3bf033b5e5b3,16,-68.0,nan,nan,nan,nan,-32.0,nan,2.277112986886878,nan,nan,nan,nan,2.442826066802357,nan,0.31720099479801334,nan,nan,nan,nan,0.8862887343157855,nan,nan,nan,nan,-1.14,4.44,1.92
1740406695.163858,1d5ab4ef-0f65-dd99-0b6e-312f5d6add59,4c68d9c1-823d-3545-16b0-89921dbfbd08,6,-75.0,-63.0,-74.0,-69.0,-54.0,nan,-58.0,2.143567708760419,-1.726908033576197,0.9256319706016417,0.10239241864303952,0.6625111916064436,nan,0.0985709540450556,0.4203681602916705,0.1523215125626564,0.19841688622456333,0.25898427672412433,0.20820303824741412,nan,0.782965170911335,-4.56365203857422,4.368404388427734,0.7976081371307373,-1.14,4.44,1.92
1740406696.163671,1d5ab4ef-0f65-dd99-0b6e-312f5d6add59,cc5bace3-1db4-f192-4f84-69b5d81da6be,17,-70.0,-63.0,-88.0,-73.0,-58.0,nan,nan,1.6861404967673186,-1.448136985940245,-0.24333515932941205,0.22817058745028287,0.08733512776125875,nan,nan,0.30577280463875167,0.20006619853240623,0.2503735611953552,0.24654824653983584,0.643937470155018,nan,nan,-4.471648693084717,4.308878421783447,0.720741331577301,-1.14,4.44,1.92
1740406697.162659,1d5ab4ef-0f65-dd99-0b6e-312f5d6add59,434bc04d-1ac2-6b2f-3328-d51e8c167e8f,2,-70.0,-82.0,nan,-62.0,-45.0,nan,-51.0,1.663768345713999,-1.421971028756053,nan,0.2044170547395391,0.3978631140036888,nan,0.49392909338529994,0.36020765087240314,0.13820414555841679,nan,0.28487175048207813,0.48911666634580253,nan,0.4703001772441026,-4.349642276763916,4.24765920639038,0.6421969532966614,-2.34,4.44,1.92
1740406698.165209,1d5ab4ef-0f65-dd99-0b6e-312f5d6add59,fa90c29b-b53f-400d-5559-262629f09607,24,-83.0,-75.0,nan,-64.0,-51.0,-38.0,-54.0,1.7254428955024896,-1.5286792331036203,nan,0.17890956413486916,0.6144014854947664,2.627303602056259,-0.16088006833240467,0.31565852518415305,0.1633400253224798,nan,0.2845367581064598,0.33386250713244126,0.5973274928515834,0.5179890971436173,-4.2381181716918945,4.1518874168396,0.6372132301330566,-2.34,4.44,1.92
1740406699.167252,1d5ab4ef-0f65-dd99-0b6e-312f5d6add59,d5291be7-b222-1b78-40b0-90e528ad863e,31,-75.0,-80.0,nan,-70.0,-54.0,-43.0,-62.0,1.8353733916109987,-1.6313645994665686,nan,0.11075740762697842,-0.16088006833240467,2.7188285843965563,-1.860837546933078,0.3091472294769638,0.24041768299998706,nan,0.2470865046856545,0.5179890971436173,0.5851656320872249,1.1140396786058928,-4.13064432144165,4.079794883728027,0.6783396005630493,-2.34,4.44,1.92
1740406700.163607,1d5ab4ef-0f65-dd99-0b6e-312f5d6add59,21b3f62d-cf3d-96eb-6540-1ffd06022fcb,27,-83.0,-72.0,nan,-62.0,nan,nan,nan,1.7768472308631993,-1.650194746270083,nan,0.10717119490307771,nan,nan,nan,0.3045163252364523,0.20854257422893765,nan,0.23400833642827742,nan,nan,nan,nan,nan,nan,-2.34,4.44,1.92
1740406701.162527,1d5ab4ef-0f65-dd99-0b6e-312f5d6add59,b3e571ba-fbda-db45-daca-919be921448f,27,-73.0,-76.0,nan,-64.0,-48.0,-50.0,-58.0,1.845138670696101,-1.6787502247423485,nan,0.1280895263173231,0.35794970623346034,2.780278527631009,-0.834507169949473,0.342115366138409,0.1935741441640928,nan,0.2625123826019909,0.37841012441892696,0.5969249171030492,0.9638504580343694,-4.03043270111084,3.9924685955047607,0.6960530281066895,-2.34,4.44,1.92
1740406702.162538,1d5ab4ef-0f65-dd99-0b6e-312f5d6add59,0a6becb5-04e6-8cba-eac1-cb8bb3cad9fe,36,-83.0,-72.0,nan,-67.0,-48.0,-47.0,-53.0,1.8640748113110006,-1.7079123713109343,nan,0.2246000873768136,0.5839820887606363,2.825457523029843,0.2485006951378564,0.3332347225884035,0.15332510817469597,nan,0.28045250096920066,0.2797313525838144,0.5872000986774557,0.6828129296479158,-3.9434022903442383,3.913423776626587,0.7083348631858826,-3.54,4.44,1.92
1740406703.163463,1d5ab4ef-0f65-dd99-0b6e-312f5d6add59,2b3806a5-ad67-d593-5a4f-9b2c94cff19f,6,-66.0,-69.0,nan,-47.0,-55.0,-46.0,-56.0,2.118776342172871,-1.7212799752445325,nan,0.3079722095145072,0.7026243291755837,2.896009745786391,-0.4645263500139591,0.28870783429525554,0.24472777619768493,nan,0.42340143419424353,0.22921742780146856,0.5449078132959977,0.6436185274079279,-3.8630871772766113,3.844984769821167,0.7225018739700317,-3.54,4.44,1.92
1740406704.162466,1d5ab4ef-0f65-dd99-0b6e-312f5d6add59,10abda92-0e22-a44a-b6cf-a2839077b237,27,-73.0,-80.0,nan,-47.0,-47.0,-47.0,-53.0,2.073213384347141,-1.7988710404459365,nan,0.33277050032088906,0.07700314208985921,1.5707963264528664,-0.6389486776970532,0.27038333855896324,0.21957666648113805,nan,0.4486016292986319,0.4351967113667874,1.2740903539558606,0.5763979952627191,-3.7195491790771484,3.82667350769043,0.827310025691986,-3.54,4.44,1.92
1740406705.163218,1d5ab4ef-0f65-dd99-0b6e-312f5d6add59,7ce00841-e5cd-d51f-e407-1bb292dd3573,18,-72.0,-70.0,nan,nan,-50.0,-47.0,-58.0,2.2292357420738695,-1.8020604421674156,nan,nan,-0.3695356335651779,2.454024754152574,-0.8998616826484003,0.33603826555744354,0.18193486519892876,nan,nan,0.3272010156531654,1.2370386841417418,0.6376742394827583,-3.513829231262207,3.8444783687591553,0.971038281917572,-3.54,4.44,1.92
1740406706.163447,1d5ab4ef-0f65-dd99-0b6e-312f5d6add59,f0f2c71b-009a-faa5-d2eb-cabc691c8886,7,-74.0,-72.0,-64.0,nan,-50.0,-44.0,-50.0,2.3881476295833335,-1.7758561354635263,0.9871256917521164,nan,nan,-3.1056042411946962,-0.903408774472184,0.40873580554534067,0.19652401119027588,0.23913373974894622,nan,0.3839724354012918,1.0643761466546389,0.4504141357025876,-3.348832368850708,3.912485122680664,1.0703697204589844,-3.54,4.44,1.92
1740406707.164463,1d5ab4ef-0f65-dd99-0b6e-312f5d6add59,1de3107b-d781-c136-ab2d-74a438f05fed,6,-69.0,-66.0,-76.0,nan,-53.0,-45.0,-58.0,2.4039742633094567,-1.7168189141025407,0.9765689211910422,nan,-0.07427765600478736,3.0807852070222737,-1.2410606850586898,0.45378094498661803,0.20896252144332952,0.2451227396321005,nan,0.3481793800604291,0.9590616391894055,0.6069415971612575,-3.2204108238220215,3.970120429992676,1.1563009023666382,-4.74,4.44,1.92
1740406708.163156,1d5ab4ef-0f65-dd99-0b6e-312f5d6add59,a90bda92-9b04-1f9e-117d-88a1d7b00e20,0,-69.0,-78.0,-87.0,nan,-41.0,-48.0,-57.0,2.4465209248845623,-1.9685048145040598,0.938107815044227,nan,0.23624001952678123,1.0502028122687965,-1.261101796608576,0.3614247820695966,0.3303253855450601,0.3013151390271498,nan,0.47710847729425,1.3287796760190822,0.38432845039427216,-3.141737222671509,4.04245138168335,1.1951978206634521,-4.74,4.44,1.92
1740406709.163059,1d5ab4ef-0f65-dd99-0b6e-312f5d6add59,dfe001f2-ea5f-6c2a-984e-4e837147e3b0,4,-69.0,-80.0,-70.0,nan,-42.0,-46.0,-49.0,2.5374002318190803,-2.2103838905074706,0.9535480240961793,nan,0.3228242387149019,2.7415851508766673,-1.5707963266816396,0.3503738619682583,0.36672350724295916,0.4322291141280701,nan,0.5179342406144124,1.1574173118344862,0.4886921905584124,-3.0655875205993652,4.1375885009765625,1.170188307762146,-4.74,4.44,1.92
1740406710.164704,1d5ab4ef-0f65-dd99-0b6e-312f5d6add59,2cf029cc-e5f3-c28f-874d-7e7dcd3241d3,18,-66.0,-82.0,-66.0,-58.0,-43.0,-52.0,-61.0,2.538140590602122,-2.1631600522679135,0.97656146433999,2.386418705403654,0.4136917611797084,3.0034571562780736,-1.7158551662979598,0.36747298735273465,0.19057745543699478,0.43736365542022915,0.8996715428745765,0.5532667799163778,0.8854323010083227,0.5594026222726127,-2.9954111576080322,4.191739082336426,1.1363427639007568,-4.74,4.44,1.92
1740406711.163525,1d5ab4ef-0f65-dd99-0b6e-312f5d6add59,cc97264b-8a00-02ac-1bc6-126be495a76c,29,-70.0,-71.0,-71.0,-59.0,nan,nan,nan,2.5826745029826452,-2.1961361118336016,0.9335575380057176,2.6002183429796513,nan,nan,nan,0.3656906335036856,0.16290373295689756,0.31532223451750324,0.8286223997328976,nan,nan,nan,nan,nan,nan,-4.74,4.44,1.92
1740406712.163672,1d5ab4ef-0f65-dd99-0b6e-312f5d6add59,a4dbc2f9-9256-769a-236a-146ab7ff6abb,11,-70.0,-89.0,-70.0,-63.0,-39.0,-47.0,-54.0,2.6391351159889793,-2.1778423256736295,0.9823522418142583,2.5830132570733038,0.4489380922516205,2.889793768423772,-1.7500775479196906,0.3743326245305063,0.14679713442118006,0.2938447391428821,0.7592499162345052,0.5293593959307017,0.8919681733782775,0.5872000986346778,-2.9320478439331055,4.245479106903076,1.12561559677124,-5.94,4.44,1.92
1740406713.163715,1d5ab4ef-0f65-dd99-0b6e-312f5d6add59,b94d9ead-19f6-6371-04ae-c0f79bbb1f53,27,-69.0,-73.0,nan,-66.0,nan,-51.0,-59.0,2.7427198318520474,-2.245598736443534,nan,2.9259048348009298,nan,3.0462695739715664,-2.060371967100796,0.32667342603174804,0.19891566300722152,nan,0.5671491160092283,nan,0.7482224173979936,0.4395667969251825,-2.8688793182373047,4.3085355758667,0.9990869164466858,-5.94,4.44,1.92
1740406714.16334,1d5ab4ef-0f65-dd99-0b6e-312f5d6add59,941116d5-53c2-31b0-05ad-c73a7cd48aa8,19,-73.0,-76.0,nan,-81.0,nan,nan,-50.0,2.5974758196890875,-2.288072427404772,nan,3.003724532381917,nan,nan,-1.8532388171751997,0.5036827581498184,0.24196993973085337,nan,0.5848751162247958,nan,nan,0.6279921816975977,-2.8680508136749268,4.374940872192383,0.895030379295349,-5.94,4.44,1.92
1740406715.16283,1d5ab4ef-0f65-dd99-0b6e-312f5d6add59,e1bf85b1-aea9-0468-e149-c25bd365ce03,22,-67.0,-94.0,nan,-89.0,nan,-58.0,-53.0,2.5769252708213823,-2.325485579662641,nan,2.9808208143750177,nan,2.213297673734133,-1.580075669444048,0.4139077309613018,0.46729219317151244,nan,0.5264535178392956,nan,1.483555400517324,0.4886112103803442,-2.936279773712158,4.407615661621094,0.7587616443634033,-5.94,4.44,1.92
1740406716.162846,1d5ab4ef-0f65-dd99-0b6e-312f5d6add59,113bc058-9bc0-3a3d-69ee-8c533f603ef4,12,-72.0,-76.0,nan,-66.0,nan,-53.0,-48.0,2.6036905724088966,-2.3062194733886807,nan,3.0457875639030645,nan,3.141592653589793,-1.9643958665165402,0.3346102452914294,0.5939135520693885,nan,0.561313397691565,nan,1.1170107213662503,0.45632265811048445,-3.010375738143921,4.434884071350098,0.609435498714447,-5.94,4.44,1.92
1740406717.162732,1d5ab4ef-0f65-dd99-0b6e-312f5d6add59,dec3b419-c915-522f-f9b4-2fa135e36500,25,-75.0,-76.0,nan,-80.0,nan,-50.0,-58.0,2.578762319341319,-2.3148039068464423,nan,3.014331903003703,nan,0.3709210134032523,-2.0646770367514287,0.30838083829426627,0.7028488914575619,nan,0.5745760064991868,nan,1.3279700899721614,0.3094746472900171,-3.0989081859588623,4.432096004486084,0.4895620346069336,-7.14,4.444,1.92
1740406718.163051,1d5ab4ef-0f65-dd99-0b6e-312f5d6add59,85aeaecf-2d55-4d18-6b10-5edb9e1a691c,35,-79.0,-85.0,-73.0,-71.0,nan,-57.0,-55.0,2.621409115773412,-2.2876889322078005,1.9002277557410443,3.087132074562109,nan,0.10768156956870284,-1.9328732210064765,0.4095368511117229,0.6522812547323281,0.11810569325288751,0.6073322221168889,nan,1.0621839457184012,0.3869382423239156,-3.189331531524658,4.42862892150879,0.35580766201019287,-7.14,4.444,1.92
1740406719.162552,1d5ab4ef-0f65-dd99-0b6e-312f5d6add59,91c40887-149e-aa12-5a7c-0901c144dc84,32,-79.0,-79.0,-68.0,-68.0,-42.0,-57.0,-47.0,2.559775578665708,-2.241212510128174,1.9546031136138462,-2.892305062907945,1.7636882943881216,2.508495696993534,-2.1611960776625416,0.22718032428845047,0.7987118383189724,0.1145034682729327,0.5055771645017326,1.3039301760727415,1.086163474015724,0.39720150935601894,-3.308522939682007,4.449546813964844,0.2792051136493683,-7.14,4.444,1.92
1740406720.162314,1d5ab4ef-0f65-dd99-0b6e-312f5d6add59,6c6d0b5f-4d1a-97ac-8132-af21ed46e0fd,0,-67.0,-72.0,-79.0,-72.0,-43.0,-61.0,-47.0,2.7708657161486587,-2.202590415893463,1.9647044836285166,-2.8222348977829794,2.7601286968290517,2.8032248057848954,-2.2458983095525893,0.1826537189561684,0.8587819001297179,0.14327968118767384,0.43410105005828675,0.9782408694328835,0.8262072322370346,0.39894676315430255,-3.4024460315704346,4.4516215324401855,0.238558828830719,-7.14,4.444,1.92
1740406721.163303,1d5ab4ef-0f65-dd99-0b6e-312f5d6add59,e9e29a0c-5843-2980-cd0a-473b22968f49,22,-72.0,-74.0,-73.0,-68.0,-42.0,-59.0,-46.0,2.737624672054508,-2.1880251884176563,1.9925691381140158,-2.843427268473394,2.83114134640392,-3.04126701520758,-2.3315991728477115,0.19291153304012426,0.8442359139927869,0.24063230049433382,0.32357154244159186,0.6568519537401133,0.8003322394951311,0.3927688406677779,-3.4945716857910156,4.4713544845581055,0.19269725680351257,-7.14,4.444,1.92
1740406722.16465,1d5ab4ef-0f65-dd99-0b6e-312f5d6add59,920081fe-0dca-1cbf-f102-230686a46e31,23,-69.0,-83.0,-67.0,-67.0,-54.0,-52.0,-52.0,2.74591083147018,-2.188690978690176,2.0344324325534076,-2.8382980202139008,3.0169202000776547,-2.905794969203799,-2.4402402406027117,0.2257015541589136,0.6973984659706057,0.2780660922506511,0.31170293201705834,0.5724052229767469,0.6150336198079586,0.47581605890587403,-3.5870165824890137,4.501468658447266,0.11541882157325745,-7.14,5.64,1.92
1740406723.1639,1d5ab4ef-0f65-dd99-0b6e-312f5d6add59,d1a5527a-da11-718e-0a87-abb215a3f087,24,-70.0,-76.0,-71.0,-76.0,-46.0,-58.0,-54.0,2.796075199027349,-2.272614375173516,2.0452390076247307,-2.7867501404704362,-2.7294150884382793,-2.921876312491493,-2.4163317481372695,0.16525265768310424,0.568948081325577,0.24129506142111368,0.45612219647993396,0.6897975409931677,0.8781875835433051,0.3216092814380589,-3.68486475944519,4.54252290725708,0.11788322031497955,-7.14,5.64,1.92
1740406724.16457,1d5ab4ef-0f65-dd99-0b6e-312f5d6add59,339da4f9-42db-9cf3-6c83-a092aebda5de,3,-77.0,-80.0,-68.0,-68.0,-48.0,-57.0,-56.0,2.8158848564797943,-2.2951497780016576,2.1714893548932452,-2.7813154276339116,-2.449771811346164,-2.032797271284027,-2.3114663874917536,0.15182483301935665,0.385910251316435,0.427740222952687,0.521566284343864,0.7075437887278349,1.453758925908954,0.34448245200353755,-3.7426860332489014,4.5986528396606445,0.14332552254199982,-7.14,5.64,1.92
1740406725.163141,1d5ab4ef-0f65-dd99-0b6e-312f5d6add59,984f109f-4f0a-47fb-77c7-3ff3ccffa6d8,16,-72.0,-76.0,-64.0,-73.0,nan,nan,nan,2.8378138575277245,-2.267138915972313,2.189537597600712,-2.7793678579287366,nan,nan,nan,0.1464144714620493,0.25725423734573843,0.4449049619685202,0.5520786535851199,nan,nan,nan,nan,nan,nan,-7.14,5.64,1.92
1740406726.161916,1d5ab4ef-0f65-dd99-0b6e-312f5d6add59,cd929d07-157d-c10b-7d44-da3541d008fb,34,-74.0,-75.0,-69.0,-73.0,nan,nan,nan,2.936408342140202,-2.282493104921056,2.1936495183237947,-2.8440871997915154,nan,nan,nan,0.16995039062221998,0.501497934081031,0.35727544393319866,0.4782035969212442,nan,nan,nan,nan,nan,nan,-7.14,5.64,1.92
1740406727.163424,1d5ab4ef-0f65-dd99-0b6e-312f5d6add59,b53bb6b2-aff6-ace2-a9a5-a23ebf32b61e,34,-72.0,-73.0,-71.0,-72.0,-43.0,-61.0,-56.0,2.8955155036020357,-2.283003899218133,2.2614312291240553,-2.596380195216629,-2.420433216056197,-2.5481885137777636,-2.341943239906031,0.3245112388322263,0.5581839170946128,0.40645354307017,0.46352188943725997,0.42391020943315527,0.7971486594583334,0.31422912082428944,-3.8222010135650635,4.66642665863037,0.1567767709493637,-7.14,6.84,1.92
1740406728.163229,1d5ab4ef-0f65-dd99-0b6e-312f5d6add59,7987a264-a3ca-1a18-b227-30ffbb351da2,29,-77.0,-77.0,-62.0,-78.0,-49.0,-59.0,-57.0,2.914549115912832,-2.279890131271612,2.297311998490693,-2.4149291764534975,-2.24487092905112,-2.627303602056259,-2.1986642829357645,0.1971098899853365,0.393795305382428,0.3310154771625268,0.41456889399142755,0.5424452603509033,0.5973274928515834,0.6799116074893329,-3.923034906387329,4.744632244110107,0.14457495510578156,-7.14,6.84,1.92
1740406729.163585,1d5ab4ef-0f65-dd99-0b6e-312f5d6add59,145993cf-40d7-170c-acbc-922f2f7a99fc,24,-64.0,-81.0,-54.0,-73.0,-48.0,-54.0,-56.0,2.9615768123381048,-2.12785532464506,2.326316485922746,-2.3129570046304724,-2.2341698485322734,-2.7379548911922047,-1.6672919621419635,0.12207870515798702,0.3806411870997133,0.3315681829572592,0.3967138303315322,0.49147789715249046,0.4216370981809365,0.8335416845814378,-4.074841499328613,4.841434001922607,0.1718614250421524,-7.14,6.84,1.92
1740406730.163305,1d5ab4ef-0f65-dd99-0b6e-312f5d6add59,1b1af47d-f337-0277-cc07-524993f7a50b,13,-70.0,-78.0,-55.0,-65.0,-52.0,-53.0,-54.0,3.010404805660272,-2.0730297593899802,2.3869891545091493,-2.2868191437957806,-2.186276035371003,-2.660160658218702,-2.061948229875754,0.11055727939343737,0.34386915758476705,0.3186801477569569,0.3344966947604512,0.5235987756271665,0.3279457932093891,0.5927697102329521,-4.204785346984863,4.966168403625488,0.215325191617012,-7.14,6.84,1.92
1740406731.163713,1d5ab4ef-0f65-dd99-0b6e-312f5d6add59,40ca4fbe-d258-0ddb-9a9c-d136f49304b2,24,-65.0,-81.0,-57.0,-79.0,-49.0,-52.0,-54.0,3.0082013061743402,-2.1017289154030556,2.4337569264120305,-2.273378169774151,-2.200600322102512,-2.6677319111319604,-1.6839558357511293,0.14514136394769378,0.5246927355950761,0.3262836058271877,0.27356210428083866,0.4731999053728592,0.28144349072058883,0.743563079073678,-4.360089302062988,5.095833778381348,0.261761337518692,-7.14,6.84,1.92
1740406732.164303,1d5ab4ef-0f65-dd99-0b6e-312f5d6add59,ff4773ec-355f-bbf0-47d4-45b03831c629,24,-70.0,-75.0,-57.0,-72.0,-55.0,nan,nan,3.012551846131094,-2.045347664597206,2.487109630426242,-2.2286397266219096,-2.128098555971095,nan,nan,0.1433025344387781,0.4191913094059645,0.366344173235191,0.28369589828178093,0.6119813062544948,nan,nan,-4.533756732940674,5.27806806564331,0.347929984331131,-5.94,6.84,1.92
1740406733.164374,1d5ab4ef-0f65-dd99-0b6e-312f5d6add59,9671cfd7-e2a3-ea60-dbdc-cc07e88490e0,15,-67.0,-71.0,-54.0,-80.0,nan,-50.0,-58.0,3.1119910854413444,-2.0980955647278603,2.404839790663732,-2.1839617372264133,nan,-2.636044642436974,-1.5520830967403334,0.23486515857474,0.2421604389725781,0.5028157327674295,0.3041315317484494,nan,0.35559049985216074,0.8201414357871539,-4.7184319496154785,5.456969738006592,0.4285157024860382,-5.94,6.84,1.92
1740406734.163478,1d5ab4ef-0f65-dd99-0b6e-312f5d6add59,d59d05f8-c3e0-dbe6-320d-0ebbd1afe5c8,32,-71.0,-73.0,-57.0,-68.0,nan,nan,nan,3.1170271230626843,-2.1113740859229955,2.3651879851935425,-2.099550849105534,nan,nan,nan,0.329613955349359,0.24795026769570805,0.5635981901697712,0.2722317554478032,nan,nan,nan,nan,nan,nan,-5.94,6.84,1.92
1740406735.16442,1d5ab4ef-0f65-dd99-0b6e-312f5d6add59,32600e0f-e785-13f0-fff4-6ec687eb93f7,18,-81.0,-69.0,-57.0,-71.0,nan,nan,nan,3.0833940616560733,-2.102424000447566,2.311056040244374,-2.083027532438247,nan,nan,nan,0.4838027266655677,0.20892731778267004,0.6869877697953225,0.243294396319977,nan,nan,nan,nan,nan,nan,-5.94,6.84,1.92
1740406736.164437,1d5ab4ef-0f65-dd99-0b6e-312f5d6add59,3493defb-2287-39b0-628d-0f05b9136521,13,-77.0,-67.0,-58.0,-74.0,-50.0,-52.0,-54.0,3.070197565822513,-2.1112316068046764,2.23712242732603,-2.01491452439838,-2.0102354330462537,-2.539762515548484,-1.2038950198337657,0.5573488163557913,0.14261743624835524,0.7812018870468377,0.31275338261952645,0.7172787115920862,0.2765562991594316,0.7515574485999795,-4.89216136932373,5.67792797088623,0.5201801657676697,-5.94,6.84,1.92
1740406737.164241,1d5ab4ef-0f65-dd99-0b6e-312f5d6add59,01240475-ea06-679f-3370-da6d9d5483b4,7,-66.0,-72.0,-52.0,-65.0,-53.0,nan,-61.0,2.97047975986224,-2.1064132826024506,2.223446562496255,-1.986519368223737,-1.5707963266712899,nan,-1.0193583838175024,0.6462597143496045,0.14426638237154824,0.9052217703233835,0.21821352747718098,0.6283185307179586,nan,0.6423639431709323,-5.032838344573975,5.904879570007324,0.655715525150299,-4.74,6.84,1.92
1740406738.163813,1d5ab4ef-0f65-dd99-0b6e-312f5d6add59,7feaa23a-e72f-ad60-5660-ce5e41da3a6b,34,-67.0,-79.0,-64.0,-67.0,-56.0,nan,-66.0,3.06351409675085,-2.027420728877392,2.232307432075167,-2.0282761362195254,-1.2630107654199783,nan,-1.0177711170071417,0.28287634374582266,0.11620818265382764,0.8758488345545179,0.20204206432416325,0.5364179529224117,nan,0.3524379355478534,-5.107719898223877,6.15166139602661,0.759065330028534,-4.74,6.84,1.92
1740406739.16454,1d5ab4ef-0f65-dd99-0b6e-312f5d6add59,889fd25b-080c-300b-34a1-78d1942fa726,32,-79.0,-73.0,-76.0,-70.0,nan,nan,nan,3.0095557899047547,-1.976441300868605,2.23282461795886,-2.0261121846757817,nan,nan,nan,0.24149316731670195,0.1298971718743496,0.8052002974198142,0.19147973441431362,nan,nan,nan,nan,nan,nan,-4.74,6.84,1.92
1740406740.164713,1d5ab4ef-0f65-dd99-0b6e-312f5d6add59,2606a9bc-e1b4-5c54-1782-88e109184204,11,-61.0,-73.0,-63.0,-63.0,nan,-52.0,nan,3.035143974290454,-1.9489773189691082,2.269671582168978,-1.981856039996954,nan,-2.483426646008002,nan,0.23039900413716347,0.1392639588365922,0.740916781869427,0.14851687069509875,nan,0.280358436748023,nan,nan,nan,nan,-4.74,6.84,1.92
1740406741.163258,1d5ab4ef-0f65-dd99-0b6e-312f5d6add59,53380725-34e9-b6d9-a210-96917ac14830,21,-63.0,-80.0,-67.0,-69.0,-60.0,-52.0,-66.0,3.031502900448097,-1.8537783647464818,2.2149196533180393,-1.9452636739870472,-1.182748359005363,-2.4565811054265545,-1.7313324024411503,0.16372656650994802,0.1718822143874498,0.688300042422459,0.19130564690280646,0.6387591928961469,0.2324805495292073,0.7364164821125774,-5.1430277824401855,6.387022972106934,0.8812513947486877,-4.74,6.84,1.92
1740406742.162957,1d5ab4ef-0f65-dd99-0b6e-312f5d6add59,e8828e9e-932c-0ab2-9412-1c4568ea9aa2,16,-68.0,-73.0,nan,-75.0,nan,-48.0,-62.0,3.037877975465529,-1.4933879544442719,nan,-1.9406414915991057,nan,-2.5159274330941654,-2.023877175463341,0.10932466857240783,0.22917872708093234,nan,0.2672211010806032,nan,0.3016545935313904,0.7314294524520298,-5.15199327468872,6.60267162322998,1.0395827293395996,-3.54,6.84,1.92
1740406743.163855,1d5ab4ef-0f65-dd99-0b6e-312f5d6add59,f2f5af74-571b-314d-15ae-2aa34fa243b8,11,-65.0,-71.0,nan,-68.0,nan,-58.0,nan,3.0209349446104454,-1.768371188061804,nan,-1.9030290017336442,nan,-1.5277256903259036,nan,0.1268001402308044,0.20825277236806658,nan,0.3202019778723691,nan,0.8893660015534688,nan,nan,nan,nan,-3.54,6.84,1.92
1740406744.162824,1d5ab4ef-0f65-dd99-0b6e-312f5d6add59,ca1ac838-d50a-d84e-6f1e-740ac8fa61f8,23,-69.0,-78.0,nan,-68.0,-61.0,-47.0,-62.0,2.976521407111194,-1.589774811671128,nan,-1.8081108778479666,nan,-2.1653490506630964,-1.7189476876845557,0.09495903669792399,0.20375532578768166,nan,0.23752292676361178,0.6806784082148566,0.6567837544498651,0.8099260988667059,-5.04706907272339,6.794437408447266,1.13557505607605,-3.54,6.84,1.92
1740406745.162997,1d5ab4ef-0f65-dd99-0b6e-312f5d6add59,84969cfa-6d51-1c8e-29e0-cd3df8c8f32f,12,-63.0,-72.0,nan,-71.0,-66.0,nan,-61.0,2.9935944002274733,-1.6032496078386023,nan,-1.7900574419763737,-0.45878844514970446,nan,-1.2669731267870314,0.12007480127337848,0.128219263874302,nan,0.22628736637494695,0.6279921816285469,nan,0.7745535091189476,-4.955246925354004,6.952582359313965,1.2262718677520752,-3.54,6.84,1.92
1740406746.162376,1d5ab4ef-0f65-dd99-0b6e-312f5d6add59,1382e03f-8bec-a627-bede-5f66797dbe9a,34,-66.0,-81.0,nan,-70.0,nan,-46.0,-64.0,2.9781390111573076,-1.627644962372055,nan,-1.6672424393560068,nan,-2.3324995855985104,-1.5707963266247664,0.12641491397912447,0.15538418110576113,nan,0.1953985593136084,nan,0.4356813963978915,0.9424777960769379,nan,nan,nan,-3.54,6.84,1.92
1740406747.164886,1d5ab4ef-0f65-dd99-0b6e-312f5d6add59,fbcc299c-56d7-8d82-76aa-bc4c0e2e83dc,5,-66.0,-77.0,-66.0,-67.0,-51.0,-45.0,-68.0,2.955804144359249,-1.6831304589452565,0.30310315209351535,-1.5612081479222841,-0.5789223177233132,-2.3438279099126724,-2.644133357290777,0.16252639631994695,0.15638293309356813,0.12056635423157987,0.2152384436444262,0.4819160253822494,0.4114460850850751,1.274846309045423,-4.789664268493652,7.08561086654663,1.3141281604766846,-2.34,6.84,1.92
1740406748.164194,1d5ab4ef-0f65-dd99-0b6e-312f5d6add59,5b79d96a-d992-457b-7306-e70bd2b1b448,10,-58.0,-76.0,-65.0,-67.0,nan,-51.0,-63.0,2.776327859544411,-1.697153466823123,0.38193458457262386,-1.4138583742853992,nan,-2.2741561181541528,-1.0010578710938824,0.1730273403666703,0.12497705666183387,0.27940168418208267,0.2620125904891671,nan,0.38408343190893957,1.1097575042615242,-4.6076340675354,7.1775336265563965,1.3737943172454834,-2.34,6.84,1.92
1740406749.165057,1d5ab4ef-0f65-dd99-0b6e-312f5d6add59,dfe721a5-c35b-fc42-0f26-67efc5d03634,4,-58.0,-73.0,-74.0,-63.0,nan,nan,-61.0,2.7374611539635767,-1.6341067232829687,0.4308725664478109,-1.3193941862075256,nan,nan,-2.1735527146383635,0.2528601547051622,0.13867442651741116,0.23461164228372128,0.255056247274312,nan,nan,0.7762790307800974,nan,nan,nan,-2.34,6.84,1.92
1740406750.163494,1d5ab4ef-0f65-dd99-0b6e-312f5d6add59,3d85515d-b220-8ca3-afb1-c4fe1e6ee5f1,19,-63.0,-76.0,-70.0,-80.0,-63.0,-47.0,-61.0,2.677463863029618,-1.6337629091862393,0.4898991351644361,-1.2866443621764392,-0.6144014854947664,-2.2414153559784937,-1.2262507379277168,0.24428572474624538,0.11814695560502694,0.22100378793028422,0.2841537622521928,0.33386250713244126,0.4806805476136677,1.048599162797123,-4.390162467956543,7.24157428741455,1.4256772994995117,-2.34,6.84,1.92
1740406751.164404,1d5ab4ef-0f65-dd99-0b6e-312f5d6add59,c550e647-06b4-fc4f-1815-31e6af61a478,23,-62.0,-74.0,-72.0,-76.0,-57.0,-47.0,-59.0,2.6751394560301964,-1.61732734367687,0.461087726911414,-1.2594446990151331,-0.6551775096669383,-2.200600322102512,0.6824802673331705,0.26283201186707084,0.09497910195226206,0.21022986987182782,0.27809204142652255,0.2665347862160349,0.4731999053728592,0.6940511196569388,-4.165894508361816,7.259305953979492,1.4805022478103638,-2.34,6.84,1.92
1740406752.164573,1d5ab4ef-0f65-dd99-0b6e-312f5d6add59,4a89fe3e-a7dd-cb6a-506b-e0850245dd4b,21,-54.0,-69.0,-77.0,nan,-63.0,-50.0,-58.0,2.6839049844420835,-1.676323419199014,0.44229433173094274,nan,-0.1854863347270115,-2.2045189771755713,-0.07272689239457071,0.3644586884729285,0.16901339068218924,0.26415809964236214,nan,0.34354184976264457,0.43331322463890287,0.7666222721426915,-3.931565999984741,7.24254274368286,1.5279422998428345,-1.14,6.84,1.92
1740406753.165315,1d5ab4ef-0f65-dd99-0b6e-312f5d6add59,fdf78766-2a5e-2b69-d6ce-0a42c29e2670,33,-59.0,-70.0,-93.0,-74.0,nan,nan,nan,2.6971254487254543,-1.6125276616022748,0.47010598931074926,-1.2018334672598305,nan,nan,nan,0.40281839476123904,0.1397542551156542,0.22794087316150669,0.29333474379413194,nan,nan,nan,-3.691253185272217,7.231855392456055,1.528390884399414,-1.14,6.84,1.92
1740406754.165164,1d5ab4ef-0f65-dd99-0b6e-312f5d6add59,453ae154-5ad5-c780-fe5c-105e97cdf4af,3,nan,-66.0,-81.0,nan,nan,nan,-51.0,nan,-1.5987255629368302,0.793154087440086,nan,nan,nan,-0.4978575375747706,nan,0.10449598300906586,0.1978391800050979,nan,nan,nan,0.5515266759666568,nan,nan,nan,-1.14,6.84,1.92
1740406755.165298,1d5ab4ef-0f65-dd99-0b6e-312f5d6add59,a92e556f-c78a-09aa-41c5-cab1084ccb7e,30,nan,-67.0,-74.0,nan,-53.0,-57.0,-55.0,nan,-1.5922960262751062,0.03669942508572793,nan,-0.3950876133608541,-2.2683640436879937,-0.6936286676794488,nan,0.1250589821548674,0.13896250564595208,nan,0.37339536550416563,0.3036114303739224,0.3442788693271463,-3.410588264465332,7.2001690864563,1.4663013219833374,-1.14,6.84,1.92
1740406756.16502,1d5ab4ef-0f65-dd99-0b6e-312f5d6add59,9b437505-5785-c773-0992-b714d753bbe3,8,nan,-66.0,-68.0,nan,-61.0,-55.0,-53.0,nan,-1.5129918827025086,0.04428330892194658,nan,-0.2859451795500353,-2.2871162398806506,-0.7605783112908646,nan,0.06117083367424856,0.1362075903339412,nan,0.5400494413671039,0.24690743252152775,0.31200562028282564,-3.11795425415039,7.15077257156372,1.4002797603607178,-1.14,6.84,1.92
1740406757.165983,1d5ab4ef-0f65-dd99-0b6e-312f5d6add59,8df8c092-0e01-5c31-b7fa-83c6581a6e9b,31,nan,-67.0,-72.0,nan,-52.0,-61.0,-57.0,nan,-1.4419688385395122,0.0877815179545378,nan,-0.436514353136588,-1.8686177229718954,-0.8512432196041197,nan,0.09751056972643687,0.15755908489948794,nan,0.4820447900088445,0.541622662751813,0.23542591912909255,-2.8685781955719,7.094854354858398,1.3538930416107178,nan,nan,nan
1740406758.164557,1d5ab4ef-0f65-dd99-0b6e-312f5d6add59,28cef640-0b19-7d10-5aea-a728c284ecdd,20,nan,-73.0,-73.0,nan,-62.0,nan,nan,nan,-1.42921842218854,0.11835460726864745,nan,0.20810970365598555,nan,nan,nan,0.10229103542929158,0.19065150796005575,nan,0.3936397175071791,nan,nan,nan,nan,nan,nan,nan,nan
