1743700865.332375,2c08d2cc-7a1c-9d34-25ea-6265acb43d72,1f73cc6e-a461-36e5-8ede-b0ea0d3c44ee,13,-79.0,-62.0,-79.0,-69.0,-47.0,-65.0,-62.0,3.042508679968959,-1.6142503273533926,-2.8618022810466135,-1.4764625004523821,-2.332118826772909,-2.6330196633243577,-1.9914062004060213,0.6760033621422089,1.4745263823398946,0.5829242175682583,1.0799458439100569,0.6881115980276213,0.5821072812768394,0.48158118372293435,-7.582970142364502,6.1143622398376465,-0.11631796509027481,-7.14,5.64,1.65
1743700866.344382,2c08d2cc-7a1c-9d34-25ea-6265acb43d72,62193a5e-78c7-6b7c-a53e-f21c29f2b35a,29,-79.0,-69.0,-77.0,-72.0,-51.0,-58.0,-62.0,3.0516992488908223,-1.6511175315877953,-2.9153320852733153,-1.5128174456511083,-2.4733320700443477,-2.6630067444021224,-2.0102354330462537,0.6054186742946398,1.3595939370719992,0.5148622756422939,1.2961020461556383,0.6318367467050838,0.40857190247651665,0.7172787115920862,-7.533262729644775,6.0402607917785645,-0.08500617742538452,-7.14,5.64,1.65
1743700867.333551,2c08d2cc-7a1c-9d34-25ea-6265acb43d72,85738327-da1a-7c73-1c28-e42f0c7889b7,9,-74.0,-60.0,nan,-74.0,-47.0,nan,-61.0,3.04423707151642,-1.6700234453243223,nan,-1.6352983547127247,-2.3805389544390687,nan,-1.9953888355599907,0.6151749652110633,1.5226588911433874,nan,1.2750497577385616,0.694537339238645,nan,0.6391198006713578,nan,nan,nan,-7.14,5.64,1.65
1743700868.344649,2c08d2cc-7a1c-9d34-25ea-6265acb43d72,c3199f2d-5b9e-08ba-c30e-013ef3415e7e,13,-75.0,-62.0,-77.0,-69.0,-48.0,-63.0,-67.0,3.051484598106962,-1.803700683082795,-2.911646802956864,-1.6928705711580574,-2.292031561927685,-2.6018246642788005,-1.997765853662892,0.5393143222174518,1.5273798768077709,0.5496458226398189,1.1688358360893127,0.7016785694224318,0.6576784893211437,0.31291221357494314,-7.4817023277282715,5.969200134277344,-0.07216475903987885,-7.14,5.64,1.65
1743700869.333476,2c08d2cc-7a1c-9d34-25ea-6265acb43d72,17493c1a-6c66-b6ab-bf53-19f2521f01f2,30,-76.0,-70.0,-78.0,-72.0,-51.0,-57.0,-64.0,3.0577233192765814,-1.8960901355134427,-2.9009882996421483,-1.6491925987518858,-2.493040721552634,-2.6182016566271185,-2.032334907177921,0.5918298948325105,1.4967303547703759,0.6106045813063238,1.123405770001978,0.6391198006943232,0.4315753518112263,0.6378112688365746,-7.43173360824585,5.909289836883545,-0.08954960107803345,-7.14,5.64,1.65
1743700870.333659,2c08d2cc-7a1c-9d34-25ea-6265acb43d72,3066f74d-1e9e-9222-1321-e3862ae6681a,16,-74.0,-63.0,-80.0,-68.0,-45.0,-60.0,-61.0,3.0686987387610163,-1.7280750307658694,-2.908065117606816,-1.8148536022538837,-2.399881130311142,-2.6433598525524262,-1.4208731064035052,0.6034115829391016,1.473192937582092,0.44252143279289924,1.2691788191154818,0.6690271014598173,0.4856496814790136,0.6125317114843677,-7.37777853012085,5.849214553833008,-0.17537158727645874,-7.14,5.64,1.65
1743700871.345278,2c08d2cc-7a1c-9d34-25ea-6265acb43d72,b9c83e1f-62c8-82e2-5271-16dad3ff655b,13,-78.0,-62.0,-79.0,-68.0,-48.0,-61.0,-64.0,3.054663347184081,-1.7150332645916424,-2.895646531127668,-1.8857934226328148,-2.321550338896888,-2.650074346313074,-2.1505090666817814,0.5068024849192782,1.5355939977159567,0.5700725345168356,1.24007206629757,0.700085660241896,0.6539010294878257,1.3196506283661151,-7.322259902954102,5.78398036956787,0.02191329002380371,-7.14,5.64,1.65
1743700872.267905,2c08d2cc-7a1c-9d34-25ea-6265acb43d72,8f26f219-eb36-6ab1-38da-629575ff86de,5,-76.0,-62.0,-76.0,-69.0,-46.0,-58.0,-65.0,3.065404941124806,-1.6467141278834039,-2.900948618541906,-1.769661090135784,-2.34302125386288,-2.8746129653319152,-1.104352997026364,0.5381839767822814,1.4675339865817827,0.3943315661574291,1.3160089089878713,0.6423639432441198,0.663106792028618,0.5880437282744669,-7.291809558868408,5.746460437774658,0.51900315284729,-7.14,5.64,1.65
1743700873.347814,2c08d2cc-7a1c-9d34-25ea-6265acb43d72,c903ec55-54e7-3e9d-26de-9f39c4d4a7a1,8,-74.0,-61.0,-75.0,-71.0,-47.0,-66.0,-58.0,3.0449550597463055,-1.627839772605794,-2.9604548225708545,-1.6629969611042574,-2.305259688915216,-2.860185644493725,-1.3577053069416822,0.5076294297272613,1.495956040683435,0.30229005572320056,1.2433545454991468,0.6567837544565845,0.6265956528488427,0.5769898829886874,-7.292609214782715,5.713031768798828,0.7115679383277893,-7.14,5.64,1.65
1743700874.348485,2c08d2cc-7a1c-9d34-25ea-6265acb43d72,5e2f937f-8f74-96bd-18da-3991de7589e5,9,-74.0,-61.0,-75.0,-72.0,-47.0,nan,-61.0,3.0206419968905367,-1.502396363147574,-3.0026062710401926,-1.7219203323286418,-2.2770340818350174,nan,-1.5102321083156907,0.4684985385662911,1.49414682219689,0.3211138109400986,1.2477992282004349,0.6583218889042142,nan,0.7134693982834495,-7.30516481399536,5.731797695159912,0.8902339935302734,-7.14,5.64,1.65
1743700875.347771,2c08d2cc-7a1c-9d34-25ea-6265acb43d72,2ea6b5e9-3b6e-8e39-b001-c02190ef6982,36,-72.0,-66.0,-74.0,-74.0,-48.0,-55.0,-61.0,3.038418064534597,-1.3263136113517693,-3.027499903013599,-1.726884065126386,-2.4217696336478793,-2.7379548911922047,-1.41569853202553,0.5216492418118199,1.4532273520478225,0.303045328208347,1.3230119573903436,0.5155092785172455,0.4216370981809365,0.7194419297638793,-7.31858253479004,5.750540733337402,0.9914045333862305,-7.14,5.64,1.65
1743700876.344944,2c08d2cc-7a1c-9d34-25ea-6265acb43d72,ace39503-f6e0-09d4-e8d8-f818ee4c4371,7,-75.0,-61.0,-76.0,-69.0,-45.0,-62.0,-62.0,3.0033309171728035,-1.2773925405495044,-3.011094298066493,-1.7456461681640492,-2.3826537163680555,-2.858528875777037,-1.3067617377471823,0.5666752064932488,1.4823191911636302,0.28519172928705117,1.356505202839725,0.5468815071417692,0.523297705507521,0.28211426106852683,-7.335052490234375,5.770513534545898,1.1044028997421265,-7.14,5.64,1.65
1743700877.34861,2c08d2cc-7a1c-9d34-25ea-6265acb43d72,593bef02-2c74-2e20-3eb6-fe14b5f10d33,19,-73.0,-64.0,-82.0,-71.0,-52.0,-60.0,-62.0,3.0990268172548388,-1.3444810305180175,-3.0425049515434326,-1.784316998246708,-2.3155490417430697,-2.791912652059795,-1.3421396224518944,0.6762499708591503,1.4908494292932086,0.21395173736375442,1.403376305392902,0.6119813062630486,0.44645488962021557,0.5334004470807301,-7.369112491607666,5.795353412628174,1.2017565965652466,-7.14,5.64,1.65
1743700878.344837,2c08d2cc-7a1c-9d34-25ea-6265acb43d72,1cfa4526-9733-4e6b-fc52-3f31cb041e63,21,-77.0,-64.0,-85.0,-73.0,nan,-58.0,-65.0,3.093307412497784,-1.4933587928303356,-3.0077626835428037,-1.7696730743606894,nan,-2.767521206328721,-1.4498005012301278,0.7527564637066196,1.4708851753394838,0.16960925633133764,1.3788053153855582,nan,0.3597230803615187,0.600266640786941,-7.40785312652588,5.829682350158691,1.2903441190719604,-7.14,5.64,1.65
1743700879.33156,2c08d2cc-7a1c-9d34-25ea-6265acb43d72,f3221242-81e8-7ab2-ad21-793ec4a49893,7,-75.0,-61.0,-77.0,-70.0,-45.0,-61.0,-64.0,3.091687677922798,-1.655407218313641,-3.015717013086653,-1.6920055764359998,-2.3244063965616117,-2.866377020417936,-1.3527254520064058,0.8377329406640043,1.463331385223583,0.12450463685158905,1.2958747453565997,0.600094645154443,0.472963270374212,0.2279702159059634,-7.444890975952148,5.865521430969238,1.458385705947876,-7.14,5.64,1.65
1743700880.347774,2c08d2cc-7a1c-9d34-25ea-6265acb43d72,ba3fcd64-848b-2c2d-e6ed-93a7715091f7,2,-78.0,-62.0,-82.0,-69.0,-45.0,-56.0,-59.0,3.0895358437620146,-1.7110865930141992,-2.983476518614045,-1.6644065722692365,-2.401065844852163,-2.805311279569985,-1.3681117678063728,0.8456364704100595,1.4689766209442787,0.12686691899513816,1.3189097572052402,0.5545264661970992,0.48208295800528683,0.5051943009341188,-7.486173152923584,5.915185451507568,1.5586528778076172,-7.14,5.64,1.65
1743700881.334187,2c08d2cc-7a1c-9d34-25ea-6265acb43d72,fd498b93-6d56-ccb8-3cc3-7947e1924703,35,-72.0,-65.0,-75.0,-75.0,-47.0,-57.0,-64.0,3.058762484733931,-1.3438539892393584,-2.9510067259715806,-1.6921650997852957,-2.4748881446370397,-2.693914525942492,-1.2804879446356334,0.7678067193959571,1.4160428321695366,0.11795215369366605,1.2747874363711889,0.44115693144888446,0.3492787032683259,0.8542239111611121,-7.543217658996582,5.977731704711914,1.5661439895629883,-7.14,5.64,1.65
1743700882.347834,2c08d2cc-7a1c-9d34-25ea-6265acb43d72,f292724b-3dd9-8618-785f-190dcf9cf53d,2,nan,-62.0,nan,-69.0,-45.0,nan,-57.0,nan,-1.6898131290685927,nan,-1.6377042544415026,-2.45139431239955,nan,-1.4120432320607934,nan,1.5118789476829644,nan,1.3247836253055187,0.4490217332231349,nan,0.8440869768285741,nan,nan,nan,-7.14,5.64,1.65
1743700883.345275,2c08d2cc-7a1c-9d34-25ea-6265acb43d72,378acfb9-a8ba-6d54-25bc-326835457655,12,-74.0,-61.0,-75.0,-69.0,-48.0,-65.0,-68.0,2.9966794060342212,-1.7441892858897212,-2.9037942061666557,-1.6040428303692822,-2.342638485759067,-2.647492581479875,-1.9695985743655449,0.6428582584263279,1.4659330272924813,0.19845486955961059,1.3150255367553594,0.6090169188006913,0.602518606730449,0.5223605312936482,-7.600558757781982,6.030871868133545,1.5036125183105469,-7.14,5.64,1.65
1743700884.332384,2c08d2cc-7a1c-9d34-25ea-6265acb43d72,998cf59e-e54e-3def-eb8c-e8483a586560,7,-75.0,-61.0,-76.0,-70.0,-46.0,-62.0,-64.0,2.770015102496487,-1.6987586871701685,3.122035996440905,-1.5503182159088413,-2.342638485759067,-2.780278527631009,-1.8424756141424978,0.6377917276105067,1.4830030909315624,0.24648073540620233,1.2963811454378784,0.6090169188006913,0.5969249171030492,0.1925518041173517,-7.618980884552002,6.079253673553467,1.5819001197814941,-7.14,5.64,1.65
1743700885.332488,2c08d2cc-7a1c-9d34-25ea-6265acb43d72,9a88fd27-53e7-c3fe-75fc-6d45c3afbde8,24,-94.0,-63.0,-75.0,-81.0,-56.0,-57.0,-67.0,-3.1053973648984172,-1.7335743252588285,-2.9780588500084963,-1.5942029827736577,-2.398703755047092,-2.7568229052059814,-1.8598269311864506,0.7779436426111802,1.4725015809631077,0.19647439317021634,1.4285101544966339,0.6348163411504439,0.4245756351770753,0.4429245711604924,-7.666254997253418,6.134559631347656,1.5478612184524536,-7.14,5.64,1.65
1743700886.345312,2c08d2cc-7a1c-9d34-25ea-6265acb43d72,23b96938-7e96-03a2-50cf-0b25d615d974,5,-76.0,-61.0,-77.0,-69.0,-44.0,-58.0,-64.0,-3.051685400453154,-1.5841938912907583,-2.9357073981412936,-1.585659695154738,-2.4045721525482717,-2.918593606699958,-1.977524837930002,0.8165571481513753,1.5028341868307828,0.28017436708285554,1.3878396899094885,0.5880437283404908,0.5300487180522025,0.9754601699844455,-7.714653968811035,6.1753411293029785,1.5017924308776855,-7.14,5.64,1.65
1743700887.334216,2c08d2cc-7a1c-9d34-25ea-6265acb43d72,deebda9b-dac0-cf33-9ebf-6b01b8b3149b,6,-76.0,-61.0,-77.0,-70.0,-45.0,-58.0,-69.0,-2.970892283515093,-1.6186141831155962,-2.9488474349597444,-1.5870124478304437,-2.385934025041171,-2.975559610324201,-2.0226588635894425,0.8697102482418853,1.4923278831723659,0.2163605832144879,1.3667248172067956,0.5801144951648058,0.5696515379177208,1.259400271304961,-7.757434844970703,6.205236434936523,1.4987549781799316,-7.14,5.64,1.65
1743700888.332981,2c08d2cc-7a1c-9d34-25ea-6265acb43d72,ee6f97a2-8c0c-d8d0-7c58-c233f39ec596,16,-74.0,-63.0,-81.0,-68.0,nan,-60.0,nan,3.1413108911464627,-1.312494335297294,-2.952007541909232,-1.715804649201384,nan,-2.8526243539542806,nan,0.7810270505212741,1.4184069202691996,0.1358162970684029,1.424924474404951,nan,0.5567866442241501,nan,nan,nan,nan,-7.14,5.64,1.65
1743700889.348277,2c08d2cc-7a1c-9d34-25ea-6265acb43d72,6c0682fc-2488-a3fc-6aa2-7e348142c479,18,-73.0,-64.0,-84.0,-70.0,-50.0,-58.0,-63.0,-2.99386923845197,-1.3595278906769652,-2.983352947939465,-1.8144184417317648,-2.3245806919470304,-2.805311279569985,-1.5127789937182883,0.8388925475816519,1.5009334887607935,0.10360484769643331,1.427960211731532,0.6331381613848186,0.48208295800528683,1.0287312782879865,-7.77347469329834,6.2539215087890625,1.546970009803772,-7.14,5.64,1.65
1743700890.2675,2c08d2cc-7a1c-9d34-25ea-6265acb43d72,298bb487-1d94-f08d-003c-108b0657ed04,30,-79.0,-69.0,-79.0,-72.0,-50.0,-58.0,-62.0,-2.942366099814819,-1.6205480375411574,-2.877313596499671,-1.8122844507502842,-2.483431189633525,-2.693914525942492,-1.6311705652509931,0.7853242606771985,1.4197472892458372,0.21676077310254274,1.3352065720218165,0.5697634249967738,0.3492787032683259,1.0461433948199552,-7.783690929412842,6.294597625732422,1.5997216701507568,-7.14,5.64,1.65
1743700891.350051,2c08d2cc-7a1c-9d34-25ea-6265acb43d72,165d4772-0787-a4bd-e400-9fd8806c1431,20,-76.0,-65.0,-92.0,-74.0,nan,-58.0,-64.0,-3.0670755420766134,-1.5569223227800197,-2.87871255502029,-1.8110771066700968,nan,-2.733158633523824,-1.5707963266424714,0.7791374045698082,1.5219707303177108,0.21072518454506894,1.3724492819699203,nan,0.33871245483435797,0.8552113334772217,-7.790266036987305,6.336215496063232,1.558923363685608,-7.14,5.64,1.65
1743700892.268109,2c08d2cc-7a1c-9d34-25ea-6265acb43d72,65a6aa5f-94f3-96b0-2bc4-d0762e7c3ce9,21,-80.0,-64.0,-89.0,-74.0,nan,-58.0,-65.0,-3.110432070939212,-1.5461596898666827,-2.854808553707956,-1.775105656668342,nan,-2.7218038675525267,-1.5571618573104027,0.7381683996244652,1.5107660126634206,0.13985470622302065,1.3681429504872624,nan,0.2884343942518294,0.6631061277023487,-7.7973222732543945,6.382009983062744,1.5252323150634766,-7.14,5.64,1.65
1743700893.305278,2c08d2cc-7a1c-9d34-25ea-6265acb43d72,e6873369-4fee-d384-fba0-73b3f1d13696,1,nan,nan,nan,nan,-46.0,nan,-60.0,nan,nan,nan,nan,-2.458886858377934,nan,-1.6582822367559493,nan,nan,nan,nan,0.5290628588199567,nan,0.6935438399975925,nan,nan,nan,-7.14,5.64,1.65
1743700894.332716,2c08d2cc-7a1c-9d34-25ea-6265acb43d72,71856fcc-9dd9-dd53-a146-ac6bf36b0ff2,17,-74.0,-63.0,-82.0,-70.0,-52.0,-58.0,-63.0,-3.12448290885047,-1.6141141066636349,-2.875411034216918,-1.7428081705484062,-2.3797844267197785,-2.73553195845117,nan,0.7611880982968378,1.5045376778220525,0.1360299491668545,1.4821430230575212,0.6263827709368298,0.32268651214024086,1.3613568164577623,-7.7927021980285645,6.43293571472168,1.5063872337341309,-7.14,5.64,1.65
1743700895.340964,2c08d2cc-7a1c-9d34-25ea-6265acb43d72,5f348156-9c85-8d0e-46f5-e1452e009a9e,10,-74.0,-61.0,-75.0,-73.0,-47.0,-64.0,-59.0,-3.141375339644843,-1.2381113139449988,-2.881280374943344,-1.7267118917619124,-2.305259688915216,-2.7280140179364154,-1.9128343050999712,0.7611677251144986,1.4333366013401843,0.27563677334903763,1.4483977094109637,0.6567837544565845,0.46968876038417406,1.0867933828672913,-7.794063091278076,6.46880054473877,1.567106008529663,-7.14,5.64,1.65
1743700896.333918,2c08d2cc-7a1c-9d34-25ea-6265acb43d72,8a1f7ccc-c8ab-f1e9-b248-1d14a6b78616,14,-80.0,-62.0,-79.0,-69.0,-48.0,-61.0,-63.0,3.1039808295146036,-1.09783209984422,-2.8358660215064404,-1.7996958214355343,-2.255823727177381,-2.7520130192032277,-2.029759188680425,0.666194407215229,1.494477453646223,0.2814729910094055,1.4513286513486503,0.6806951093853975,0.5409683639664726,0.6167259971810296,-7.8402361869812,6.494805335998535,1.423555850982666,-7.14,5.64,1.65
1743700897.268668,2c08d2cc-7a1c-9d34-25ea-6265acb43d72,7b631912-4644-7ef3-b84c-9210c16c5593,25,-85.0,-63.0,-75.0,-78.0,-54.0,-57.0,-65.0,3.106069280441444,-1.2393081385388809,-2.804550442880417,-1.9349557758298408,-2.3903861488144313,-2.7438018894398692,-1.8855420161736707,0.7242091078756786,1.4699606589670628,0.120111070198474,1.4421825572169913,0.6818398220760151,0.3894950877289354,0.7323011105008467,-7.8638787269592285,6.523104190826416,1.3949369192123413,-7.14,5.64,1.65
1743700898.346447,2c08d2cc-7a1c-9d34-25ea-6265acb43d72,d61b6e2a-bf2c-7b86-a79e-bc43b3e0c1bd,5,nan,-64.0,-76.0,-70.0,-45.0,-55.0,-68.0,nan,-1.3465983767426848,-2.907495733765757,-2.00115277262345,-2.407242223346747,-2.9387137989632848,-1.88558857323699,nan,1.491120139618015,0.06807829539953308,1.3788342106833855,0.6219111350223233,0.5319484179175044,0.2810803086090987,-7.888192653656006,6.560988903045654,1.3674812316894531,-7.14,5.64,1.65
1743700899.336821,2c08d2cc-7a1c-9d34-25ea-6265acb43d72,086c1e3a-15ff-ce74-494d-1c6ce8b48be4,1,nan,-62.0,-79.0,-69.0,-46.0,-53.0,-56.0,nan,-1.5706113702571907,-2.939156724385164,-1.9337685386158836,-2.426780795825483,-2.916275594238702,-2.1219390210442874,nan,1.4279737938530916,0.10580193062861348,1.3591949955407052,0.5488778614160952,0.5470653899837543,0.4823967906553766,-7.91619110107422,6.601091384887695,1.1943461894989014,-7.14,5.64,1.65
1743700900.347264,2c08d2cc-7a1c-9d34-25ea-6265acb43d72,fce21602-9101-3283-17ee-ada8d6035fa3,19,nan,-63.0,-79.0,-73.0,-52.0,-60.0,-67.0,nan,-1.6025171053807759,-2.9881714052997452,-1.9036364687782914,-2.3522162306592724,-2.791912652059795,-1.8753495656334649,nan,1.4896673852433768,0.1168263605994839,1.4269601947422075,0.6301286032321801,0.44645488962021557,0.6384883776224828,-7.93318748474121,6.626708984375,1.1150665283203125,-7.14,5.64,1.65
1743700901.333841,2c08d2cc-7a1c-9d34-25ea-6265acb43d72,2a13137d-e199-b260-e4f0-eda307539c1c,12,nan,-61.0,-75.0,nan,-48.0,-64.0,-60.0,nan,-1.6599552316652235,-2.917641312254523,nan,-2.2846120153585545,-2.729637215965295,-2.041664081315721,nan,1.4799769409849057,0.23786074874788837,nan,0.6799116074935643,0.6213327752602028,0.37563524266350823,-7.942927360534668,6.652555465698242,0.8645722270011902,-7.14,5.64,1.65
1743700902.334288,2c08d2cc-7a1c-9d34-25ea-6265acb43d72,8e0587a9-2fc5-70e6-faaf-5a9ef453ad93,21,nan,-64.0,-90.0,nan,nan,-58.0,-70.0,nan,-1.8180271581668765,-2.97535201307654,nan,nan,-2.7379548911922047,-1.8791337275069266,nan,1.4928545232779291,0.18578682811010572,nan,nan,0.4216370981809365,0.5565946051206148,nan,nan,nan,-7.14,5.64,1.65
1743700903.270781,2c08d2cc-7a1c-9d34-25ea-6265acb43d72,f8dc6017-2b68-ea48-9304-03439e4a4089,32,-75.0,-66.0,-76.0,nan,-50.0,-57.0,-62.0,3.07231371362469,-1.700952466118121,-2.9626689747011463,nan,-2.4643830550423065,-2.6783586392088914,-1.8022047451707388,0.6952357128493523,1.4547566723038003,0.3575339702960181,nan,0.562962621763673,0.3307914407848161,0.8677367875159269,-7.9425811767578125,6.6565680503845215,0.6736807823181152,-7.14,5.64,1.65
1743700904.333445,2c08d2cc-7a1c-9d34-25ea-6265acb43d72,f26a019c-fa49-adbb-6030-bfa3079a61d0,15,-79.0,-63.0,-76.0,nan,-48.0,-61.0,-61.0,3.045405133970529,-1.5689005555729236,-2.9105144268613614,nan,-2.370910299598859,-2.7124464883725117,-2.973330459765277,0.5847146607691185,1.4904769862147609,0.2821049591360812,nan,0.6389584838838757,0.4503564304369082,1.0234441597496182,-7.8807854652404785,6.651265621185303,0.613810420036316,-7.14,5.64,1.65
1743700905.334116,2c08d2cc-7a1c-9d34-25ea-6265acb43d72,83048b5d-5f37-b26a-3d32-545fcffca070,28,-78.0,-67.0,-75.0,nan,nan,nan,nan,3.083445726981221,-1.4681080309547494,-2.8755713565145413,nan,nan,nan,nan,0.6757748629206801,1.443757950159828,0.33557507526485153,nan,nan,nan,nan,nan,nan,nan,-7.14,5.64,1.65
1743700906.332757,2c08d2cc-7a1c-9d34-25ea-6265acb43d72,86b62c43-75b1-0971-780b-d7ebe86e7683,32,-75.0,-68.0,-76.0,-73.0,-51.0,-57.0,-65.0,3.0502611419021792,-1.4280050859959001,-2.845341016032725,-1.7804843099639205,-2.5027769932160373,-2.6756045828366872,-2.236012819436542,0.7530731801392572,1.409603574969834,0.5307389767969103,1.1769275847454097,0.5280272988270851,0.34639470732364114,1.2128680259056888,-7.8211283683776855,6.60952091217041,0.6596739888191223,-7.14,5.64,1.65
1743700907.333142,2c08d2cc-7a1c-9d34-25ea-6265acb43d72,a0d135d9-ac87-b854-912a-c422be3f3570,11,-74.0,-61.0,-74.0,-72.0,-48.0,-63.0,-57.0,3.002273109587824,-1.4619758362287327,-2.8798302837297953,-1.760302076274973,-2.34302125386288,-2.6784220543816577,-2.262296686326759,0.5418303436573042,1.5054804368479404,0.5316505768380444,1.1979120957127432,0.6423639432441198,0.576371219520557,0.583617510504082,-7.76199722290039,6.57389497756958,0.7089930176734924,-7.14,5.64,1.65
1743700908.334169,2c08d2cc-7a1c-9d34-25ea-6265acb43d72,04640b64-4e66-5ee2-ec19-ec4481be06d0,1,-79.0,-62.0,-83.0,-68.0,-46.0,-55.0,-58.0,3.0316616248490664,-1.4755845893990378,-2.887325484301715,-1.6975474815064002,-2.4336465880975884,-2.673054519981368,-2.28452070565885,0.4949755529658043,1.4822540768749775,0.5382837121651048,1.2835122184183974,0.5356574293491944,0.5251500895971056,0.3613671239298534,-7.70255184173584,6.535462379455566,0.817634403705597,-7.14,5.64,1.65
1743700909.267882,2c08d2cc-7a1c-9d34-25ea-6265acb43d72,708bb188-2ba2-b557-5bd5-c45b70f8ac6b,30,-78.0,-69.0,-77.0,-73.0,-51.0,-57.0,-75.0,3.053108061107474,-1.5780430544371113,-2.8535728469621593,-1.6309436868562817,-2.5217680964797395,-2.632822606391757,-2.2571067363545314,0.5035936421218417,1.4279946996676485,0.6068048496420262,1.1985238238151348,0.5340655750498186,0.3708470206189812,0.7355702447733604,-7.6346697807312,6.471497058868408,0.910043478012085,-7.14,5.64,1.65
1743700910.333454,2c08d2cc-7a1c-9d34-25ea-6265acb43d72,aef1ad9e-cd6b-0dda-25bb-488f11c7f4a6,30,-77.0,-70.0,-77.0,-73.0,-51.0,-57.0,-66.0,3.0678172324401998,-1.4822688574190275,-2.8451777642579024,-1.6117674622691116,-2.6098117478305514,-2.590649735323472,-2.1085825803068445,0.5122046739009902,1.3854978392049273,0.6633345050996202,1.2000824388431035,0.5266027432239677,0.30070969818066434,0.9276863436536252,-7.578440189361572,6.409582138061523,1.0043667554855347,-7.14,5.64,1.65
1743700911.332976,2c08d2cc-7a1c-9d34-25ea-6265acb43d72,791a1f37-b24a-12fa-7056-ff0146a38daf,2,-79.0,-62.0,-77.0,-68.0,-44.0,nan,nan,2.986585492870603,-1.6658469429448053,-2.8625863156715328,-1.5969114176022683,-2.514435980898979,nan,nan,0.5275440490161695,1.4754670108369108,0.5985461207855812,1.2451160934021797,0.4998818759734909,nan,nan,nan,nan,nan,-7.14,5.64,1.65
1743700912.334207,2c08d2cc-7a1c-9d34-25ea-6265acb43d72,e0ed8dbc-293a-0290-f262-cafced8dd289,29,-77.0,-70.0,-76.0,-73.0,-52.0,-58.0,-67.0,3.0146749181521053,-1.7214731875816176,-2.908236625181017,-1.5911312927723602,-2.581570584792622,-2.6162809729203986,-2.062231570046518,0.4712810092732058,1.3821935220824115,0.6012641429941161,1.2393516812227034,0.4869028733901217,0.2585862429435448,0.9677983150075872,-7.527148723602295,6.350363731384277,1.2158032655715942,-7.14,5.64,1.65
1743700913.334679,2c08d2cc-7a1c-9d34-25ea-6265acb43d72,ee4a18e4-d467-2130-9705-c8ff598a2340,8,-74.0,-61.0,-75.0,-71.0,-46.0,-60.0,-57.0,2.9621057161305946,-1.4894189123136723,-2.922828084793561,-1.543534478822137,-2.438411281815713,-2.7757399670087457,-1.949584223007431,0.5222799116474643,1.3932814601229022,0.5016438420192537,1.2364837230447971,0.5693527908282512,0.42738019583939146,0.7667320967802129,-7.48111629486084,6.2832865715026855,1.0536891222000122,-7.14,5.64,1.65
1743700914.335098,2c08d2cc-7a1c-9d34-25ea-6265acb43d72,fba5815c-2eee-3142-7bda-2ef428ca6835,12,-74.0,-61.0,-76.0,nan,-48.0,-67.0,-61.0,3.023619410989245,-1.442578569271086,-2.909586315221469,nan,-2.3521920152762115,-2.735053443990746,-2.090827919787068,0.3984251443585035,1.4768782198985437,0.5898423777109844,nan,0.6637753621869605,0.673786174549319,0.4611705938165529,-7.438908576965332,6.223232746124268,0.9336277842521667,-7.14,5.64,1.65
1743700915.268561,2c08d2cc-7a1c-9d34-25ea-6265acb43d72,58eea353-5534-7a3e-5445-cc68e7cc6a01,32,-75.0,-67.0,-75.0,nan,-50.0,-57.0,-74.0,3.0133747629079277,-1.4557919761775688,-2.9397183850590616,nan,-2.5026439757504853,-2.7314902907190777,-2.091509060275997,0.3850662955669889,1.4313947574313528,0.6702595228821532,nan,0.5763979953502171,0.4536947247109436,0.9136212798747925,-7.371309280395508,6.16891622543335,0.798897922039032,-7.14,5.64,1.65
1743700916.334336,2c08d2cc-7a1c-9d34-25ea-6265acb43d72,f5a7fe60-b2b5-5545-8938-65c88edffae3,8,-75.0,-59.0,-73.0,nan,-45.0,-58.0,-56.0,2.9637451580976473,-1.4190266378548615,-2.963717461222311,nan,-2.4045721525482717,-2.759618094318326,-1.967580629725402,0.39417433978457356,1.49687682863033,0.5890072103931355,nan,0.5880437283404908,0.5086264940497297,0.7385475768381908,-7.358539581298828,6.112436294555664,0.5860450267791748,-7.14,5.64,1.65
1743700917.33904,2c08d2cc-7a1c-9d34-25ea-6265acb43d72,4f7b7c74-8238-b81f-20ed-1e8224e91d5b,31,-77.0,-69.0,-78.0,nan,-51.0,-55.0,-70.0,2.99179144016949,-1.2292211495940966,-2.939269642415383,nan,-2.5156486206649045,-2.654348563776343,-1.9721962029207094,0.38187899108486845,1.3514081788294223,0.6220718200650688,nan,0.5482413140378767,0.3588383507790208,0.937670319470271,-7.34814453125,6.067789554595947,0.3692580461502075,-7.14,5.64,1.65
1743700918.267857,2c08d2cc-7a1c-9d34-25ea-6265acb43d72,b0d75c96-985c-d3e9-0e14-e35e5bdcc177,35,-73.0,-66.0,-73.0,nan,-48.0,-56.0,-70.0,3.0525738309928045,-1.2760577642111564,-2.9203055386090377,nan,-2.525712036975109,-2.629319508924231,-1.6663896573720045,0.4022820674072108,1.4008412423512553,0.6400237894991294,nan,0.40948228246057045,0.2915734489320755,1.2200606171924222,-7.33897590637207,6.0033345222473145,0.15178614854812622,-7.14,5.64,1.65
1743700919.267228,2c08d2cc-7a1c-9d34-25ea-6265acb43d72,6276c4b7-b9c1-7a91-d042-b7638eb8419f,31,-77.0,-68.0,-77.0,-73.0,-51.0,-55.0,-68.0,3.075087129583898,-1.2855845572206426,-2.9097839217743533,0.8735903407920763,-2.5809868137323413,-2.5806130715879596,-1.6919096588308769,0.46028135502285156,1.283355225072137,0.6392129235262275,1.0857328263797719,0.42312195161357635,0.25331182497386073,1.2894270182606034,-7.327195644378662,5.931215286254883,-0.04947969317436218,-7.14,5.64,1.65
1743700920.333255,2c08d2cc-7a1c-9d34-25ea-6265acb43d72,338ba775-f65d-40bf-3141-60de64c81767,4,-74.0,-61.0,-77.0,-68.0,-46.0,-55.0,-75.0,3.0361346702159633,-1.242476501287748,-2.9320207842442962,-0.5440329443263678,-2.471269504994834,-2.7889780533935933,-1.1173277563990824,0.5491401216383264,1.3985353443214104,0.5869507173993763,1.124571701927215,0.5018425067141185,0.46284322619154084,0.5266008451308013,-7.315019607543945,5.877972602844238,-0.1802339106798172,-7.14,5.64,1.65
1743700921.346975,2c08d2cc-7a1c-9d34-25ea-6265acb43d72,0123610b-0c69-ef32-2fea-0eb4abab83cc,22,nan,-64.0,-83.0,-75.0,nan,-57.0,nan,nan,-1.2532166304898742,-2.9200072645669493,-1.3467400569126773,nan,-2.769853854168027,nan,nan,1.5044552529863142,0.5114934434423709,1.2493364047816287,nan,0.3434692366317282,nan,nan,nan,nan,-7.14,5.64,1.65
1743700922.349898,2c08d2cc-7a1c-9d34-25ea-6265acb43d72,c2aea161-cddc-c926-8968-f2239a26dc20,6,-75.0,-61.0,-77.0,-69.0,-46.0,-56.0,-62.0,2.9964471783871667,-1.2261128411278106,-2.9260361286426706,-1.3588523798664665,-2.3936375640954384,-2.9229015090885317,-1.6887434420900918,0.49300584573406814,1.4782663926167474,0.45282879831788736,1.2422445399568018,0.5673653865268347,0.49598967562118934,0.32930600181913716,-7.2815937995910645,5.816999435424805,-0.31585025787353516,-7.14,5.64,1.65
1743700923.333688,2c08d2cc-7a1c-9d34-25ea-6265acb43d72,6f934336-6a6d-525e-56b6-d098969a4b9e,25,-81.0,-63.0,-76.0,-76.0,-51.0,-58.0,-74.0,3.0054614460448668,-1.4307666508882577,-2.9321803075935926,-1.3927212641876034,-2.4764564685441397,-2.860264811872748,-1.7473497509879365,0.5482149727651465,1.4658969414597107,0.45967049244781466,1.3403186428922782,0.5835339435448968,0.37024322148796013,0.4955644320910907,-7.230970859527588,5.75774383544922,-0.44277819991111755,-7.14,5.64,1.65
1743700924.269285,2c08d2cc-7a1c-9d34-25ea-6265acb43d72,f266cd82-c433-922d-a91d-df48edb40dda,33,-74.0,-68.0,-73.0,-74.0,-50.0,-55.0,-83.0,2.9877695342912527,-1.409098373311046,-2.917652497531101,-1.3818867259248344,-2.5438698577092302,-2.7196261131890895,-1.6920676501514076,0.5316301703661916,1.4393994207198038,0.5169547546002828,1.2700589938557532,0.47678324368987585,0.30436462731152647,0.7779718219334169,-7.163809299468994,5.68428134918213,-0.321441650390625,-7.14,5.64,1.65
1743700925.350585,2c08d2cc-7a1c-9d34-25ea-6265acb43d72,46b640bc-7fe5-22ee-183d-6b546349d87d,15,-79.0,-62.0,-80.0,-71.0,-52.0,-65.0,-62.0,3.0383221907353546,-1.4598058925725363,-2.9432500029806152,-1.4884302137589804,-2.415473454655029,-2.720545929275055,-1.3738989708339642,0.4799431071662567,1.4597506319799172,0.4931950966190319,1.338216476685824,0.6089078645884499,0.5016004667302488,1.4818059944851283,-7.0920610427856445,5.600423336029053,-0.07712923735380173,-7.14,5.64,1.65
1743700926.34736,2c08d2cc-7a1c-9d34-25ea-6265acb43d72,f642c89b-a6b1-d2a0-7b87-dadda2d6dfe5,0,-76.0,-62.0,-78.0,-68.0,-46.0,-54.0,-55.0,3.037512057131752,-1.465087207330272,-3.014883443665458,-1.4116578042766663,-2.4500339103090885,-2.7719759061193114,-2.625329136157608,0.4443637743455025,1.5134342337595708,0.495754927058816,1.4214644955167202,0.5900103348582962,0.544490695747249,1.097633316687538,-7.06692886352539,5.52329158782959,0.21210181713104248,-7.14,5.64,1.65
1743700927.335492,2c08d2cc-7a1c-9d34-25ea-6265acb43d72,5d6c2d50-0d74-968a-e8dc-111668cec5a5,14,-81.0,-61.0,-80.0,nan,-48.0,-62.0,-62.0,3.1242730517565716,-1.5791005957059816,-2.9313070570721558,nan,-2.3522162306592724,-2.835157100370726,2.7466411197068985,0.4567513349979515,1.5054282388905749,0.5186972941910353,nan,0.6301286032321801,0.6402222574730071,0.8329842968954568,-7.054620265960693,5.455885887145996,0.44730931520462036,-7.14,5.64,1.65
1743700928.268472,2c08d2cc-7a1c-9d34-25ea-6265acb43d72,a1e70e0b-8d98-dd6b-8615-57ba9ca71928,5,-72.0,-63.0,-77.0,nan,-47.0,-60.0,nan,3.0602719644397873,-1.8255135703071983,-2.892752207654969,nan,-2.361715853273554,-2.965099477875034,nan,0.40324050579401666,1.4936128583983288,0.4543730988549971,nan,0.6514243551375375,0.6556440761708271,nan,-7.05262279510498,5.403765678405762,0.6295710802078247,-7.14,5.64,1.65
1743700929.334634,2c08d2cc-7a1c-9d34-25ea-6265acb43d72,fd8ee133-fd01-9f2a-9a04-a75b79af23c9,35,-72.0,-67.0,-75.0,nan,-48.0,-56.0,-76.0,3.030704484753292,-1.6025890107302079,-2.9148047793774796,nan,-2.471152658574802,-2.753785939330749,-2.912701390670394,0.5097915503477558,1.4959235501181363,0.4342641353855405,nan,0.5493236940848617,0.4407429387768898,1.3380417683489498,-7.047996997833252,5.38494873046875,0.795703947544098,-7.14,5.64,1.65
1743700930.333633,2c08d2cc-7a1c-9d34-25ea-6265acb43d72,60fa696e-c00e-50d4-f17f-a77d0e704232,29,-74.0,-73.0,-75.0,nan,-50.0,-58.0,-73.0,3.001111438720331,-1.5552100433571534,-2.8474017700842276,nan,-2.5522406702430724,-2.733158633523824,-2.1574187783705825,0.47174696259542886,1.4945068815762688,0.5348755983391031,nan,0.5110359833207349,0.33871245483435797,1.1475970570578804,-7.039966583251953,5.364197731018066,0.932710349559784,-7.14,5.64,1.65
1743700931.341929,2c08d2cc-7a1c-9d34-25ea-6265acb43d72,443499bb-99ea-6364-0c2a-87a687734fc8,3,-75.0,-62.0,-81.0,nan,-45.0,-55.0,-64.0,2.8360796070258654,-1.6245403823312952,-2.8511871872576666,nan,-2.452322366514296,-2.791912652059795,-1.8161019991715552,0.7118157548478588,1.4764477199083323,0.4722336219951272,nan,0.5425683145166389,0.44645488962021557,0.9928882024388801,-7.039845943450928,5.331742763519287,0.984250009059906,-7.14,5.64,1.65
1743700932.335185,2c08d2cc-7a1c-9d34-25ea-6265acb43d72,2d167b5d-4dc8-5e1c-3737-0d1f96c377a8,11,-73.0,-60.0,-75.0,-69.0,-51.0,nan,-56.0,2.9780149078505103,-1.5418176720254175,-2.8802017947018617,-0.864406429772938,-2.3245806919470304,nan,-2.14447574191921,0.4326347135620891,1.5007876806911116,0.6985583392043625,1.0571383991765637,0.6331381613848186,nan,0.5424452603466988,-7.040033340454102,5.298566818237305,1.0230586528778076,-7.14,5.64,1.65
1743700933.347174,2c08d2cc-7a1c-9d34-25ea-6265acb43d72,da92d7b6-94d0-e21c-ca69-a53e5b1749e0,6,-73.0,-62.0,-82.0,-69.0,-46.0,-56.0,-62.0,3.0458807745412173,-1.5803320413940343,-2.931727037576061,-1.1781497093696467,-2.3150820189662147,-2.9112877376124704,-1.935371667291926,0.420268957541065,1.50665089614703,0.6736804198813873,1.1561449413887037,0.64502296930981,0.5810703791740358,0.21104809825150828,-7.048991680145264,5.27073049545288,1.0561937093734741,-7.14,5.64,1.65
1743700934.351028,2c08d2cc-7a1c-9d34-25ea-6265acb43d72,40fab66e-4509-291c-7765-d9ffdd7c33e0,8,-72.0,-62.0,-80.0,-70.0,-47.0,-60.0,-57.0,2.994341150597132,-1.7131209817709112,-2.8957400080819293,-1.1603837617377284,-2.2692903593294216,-2.8846650842570267,-1.8777348967598693,0.45066298256138054,1.4990415791224012,0.6007540144873115,1.2092696788136044,0.63691640190812,0.6125317115485619,0.1275552254998459,-7.070627689361572,5.259924411773682,1.0910604000091553,-7.14,5.64,1.65
1743700935.268171,2c08d2cc-7a1c-9d34-25ea-6265acb43d72,ec9b00cc-0187-dda0-24ff-d6c634183612,7,-73.0,-61.0,-81.0,-69.0,-48.0,-60.0,-59.0,2.957518154836824,-1.714420471224815,-2.9256046965460776,-1.2464763029289379,-2.2488779194795994,-2.9028442896627933,-1.8023134775983112,0.41878750760568123,1.5099309785036263,0.5161646612838835,1.197811295065484,0.6590921118224331,0.6319979582121665,0.07884372616738743,-7.086731910705566,5.2591753005981445,1.1281492710113525,-7.14,5.64,1.65
1743700936.34739,2c08d2cc-7a1c-9d34-25ea-6265acb43d72,48c3d3c7-2eb6-6973-6ce2-f49b91957831,8,-72.0,-62.0,-81.0,-69.0,-47.0,-61.0,-59.0,2.904541489168532,-1.7030070948991174,-2.890732998916471,-1.2643005737887294,-2.244704708884508,-2.8781248947389266,-2.780278527631009,0.3606672458975236,1.5172737131031382,0.47145677790515106,1.1624847295216918,0.6916627330243574,0.6462637180597979,0.5969249171030492,-7.08768653869629,5.266904830932617,1.106618046760559,-7.14,5.64,1.65
1743700937.334389,2c08d2cc-7a1c-9d34-25ea-6265acb43d72,3b8b312e-ea72-8eea-9fa4-6edf26a06dea,28,-74.0,-66.0,-78.0,-73.0,-50.0,-57.0,-64.0,2.9157171783669407,-1.8105190412636707,-2.827545240996597,-1.3634467322210166,-2.493040721552634,-2.7728234213152736,-2.41526232007514,0.33824719123409613,1.4756362547241852,0.42679686471555367,1.2048946377748222,0.6391198006943232,0.44366936107497085,0.8181314882673503,-7.09080171585083,5.263927936553955,1.0939775705337524,-7.14,5.64,1.65
1743700938.351829,2c08d2cc-7a1c-9d34-25ea-6265acb43d72,45dc2af3-5f8c-abbd-6506-a6260bc66f54,21,-88.0,-64.0,-89.0,-74.0,nan,-59.0,-67.0,2.9687385851415464,-1.7608309800674629,-2.857107394360913,-1.3770174021877337,nan,-2.769853854168027,-1.9467350548389712,0.5494233821097699,1.496922768159134,0.4566445755277529,1.286108933639279,nan,0.3434692366317282,0.645265533668577,-7.092804431915283,5.256505489349365,1.0819242000579834,-7.14,5.64,1.65
1743700939.334663,2c08d2cc-7a1c-9d34-25ea-6265acb43d72,fc95c703-6e85-34e6-2351-58a1229c20a8,17,-74.0,-63.0,-79.0,-69.0,-55.0,-60.0,-62.0,2.9973750237109504,-1.718675670014544,-2.918220283475506,-1.4027363477829555,-2.3805389544390687,-2.7624533824901785,-1.6968032931299055,0.6642002987700049,1.5071214767116472,0.37542831558199213,1.3484788347883898,0.694537339238645,0.39218390688214055,0.6707483840892208,-7.0990400314331055,5.237423419952393,1.0845370292663574,-7.14,5.64,1.65
1743700940.335894,2c08d2cc-7a1c-9d34-25ea-6265acb43d72,04dd0ec1-0fac-3e59-a546-a529b70c1765,28,-75.0,-65.0,-76.0,-72.0,-49.0,-57.0,-68.0,2.9985713156726135,-1.7532771899515618,-2.8865675486554783,-1.4489894638051795,-2.4957422558017264,-2.6991218470296716,-1.782858123200693,0.6534509816621181,1.4992044314230595,0.3913513890290895,1.3281944688716378,0.5903723670500612,0.31777206661650215,0.7804798918572201,-7.110936164855957,5.2472710609436035,1.091464877128601,-7.14,5.64,1.65
1743700941.335041,2c08d2cc-7a1c-9d34-25ea-6265acb43d72,65384f4c-104c-a8c0-26f2-ffcea6560798,15,-78.0,-62.0,-80.0,nan,-51.0,-62.0,-60.0,2.9884811309345216,-1.6652252279883268,-2.906229933299642,nan,-2.3711516163844704,-2.7314902907190777,-3.0775630274243673,0.6187898069166824,1.481147133967886,0.31231762288616227,nan,0.6728964674070266,0.4536947247109436,0.9939003059604736,-7.11472749710083,5.273268699645996,1.0991402864456177,-7.14,5.64,1.65
1743700942.268316,2c08d2cc-7a1c-9d34-25ea-6265acb43d72,2d49d765-890e-e980-26b7-5a6222888a2f,12,-74.0,-61.0,-78.0,nan,-50.0,-66.0,-58.0,2.9984046017883745,-1.583890557242598,-2.907330351462063,nan,-2.292031561927685,-2.745586363464888,2.6663416488205485,0.42168619200466434,1.478767732691955,0.4452397546070567,nan,0.7016785694224318,0.6416514641697177,0.7791251913963263,-7.11970567703247,5.3180131912231445,1.108250617980957,-7.14,5.64,1.65
1743700943.331965,2c08d2cc-7a1c-9d34-25ea-6265acb43d72,3bfe76db-ddcc-dbcf-9c8b-f75d18e782aa,2,-75.0,-62.0,-82.0,nan,-47.0,-54.0,-60.0,2.96874817252147,-1.8046153457591831,-2.960083311598789,nan,-2.3797844267197785,-2.723467558671751,-2.7927623100704877,0.47622160585897994,1.5257526853817325,0.39707339036820655,nan,0.6263827709368298,0.5692322790316839,1.0378862306746417,-7.121281147003174,5.356202602386475,1.081918716430664,-7.14,5.64,1.65
1743700944.334761,2c08d2cc-7a1c-9d34-25ea-6265acb43d72,ca331a81-7b50-ad57-98c2-e885d6523816,32,-73.0,-69.0,-74.0,nan,-52.0,-56.0,-65.0,2.905352155404352,-1.626548405793215,-2.9252137444980537,nan,-2.5217680964797395,-2.647890217688536,3.141592653589793,0.5352257041539077,1.460902315993322,0.4950451613387963,nan,0.5340655750498186,0.38963065378753475,1.3089969390923397,-7.11680507659912,5.380524158477783,1.0277031660079956,-7.14,5.64,1.65
1743700945.334865,2c08d2cc-7a1c-9d34-25ea-6265acb43d72,3a5a1a56-3a0f-1615-1f97-09f34f743461,10,-73.0,-61.0,-77.0,nan,-48.0,-65.0,-58.0,2.8772227827064993,-1.525817267038167,-2.8539427600375715,nan,-2.3898488592135423,-2.653063707718498,2.5276494748066187,0.5053883130909324,1.5041328773363603,0.593799568774733,nan,0.647618877592213,0.587129657237589,0.8994202932855938,-7.11946153640747,5.39854383468628,0.9449704885482788,-7.14,5.64,1.65
1743700946.348269,2c08d2cc-7a1c-9d34-25ea-6265acb43d72,a7306bc1-19ea-0c3c-99e1-af75e9f4834a,13,-77.0,-61.0,-81.0,-68.0,-49.0,-66.0,-58.0,2.9547511304642318,-1.476786873473154,-2.866974139883547,0.1129790166083225,-2.3134653863895904,-2.701569673102002,2.4026349227310444,0.4798532587689801,1.4696044611712646,0.6740351529385858,0.8792723947148422,0.6783470433979516,0.700816698790523,0.8311068215369238,-7.1249213218688965,5.41295862197876,0.39816075563430786,-7.14,5.64,1.65
1743700947.335469,2c08d2cc-7a1c-9d34-25ea-6265acb43d72,2df9f645-262e-0bb6-5aee-0df0016a51e4,15,-77.0,-63.0,-83.0,-69.0,-51.0,-62.0,-58.0,3.003154083276422,-1.4696831575814766,-2.876703732610043,1.5784140327769591,-2.292031561927685,-2.6514014249157256,2.438411281815713,0.49526387344331907,1.4645899951547547,0.7081544409812177,1.2101338745873351,0.7016785694224318,0.705637805599839,0.5693527908282512,-7.122011184692383,5.4271697998046875,-0.07988694310188293,-7.14,5.64,1.65
1743700948.347901,2c08d2cc-7a1c-9d34-25ea-6265acb43d72,697fc759-0b32-f4c0-7fb0-1d41b0965faf,16,nan,-63.0,nan,-68.0,-51.0,nan,nan,nan,-1.444841324091272,nan,1.7367469490654401,-2.273770476750161,nan,nan,nan,1.456423944304245,nan,1.3596579860962152,0.6912673266985924,nan,nan,nan,nan,nan,-7.14,5.64,1.65
1743700949.269112,2c08d2cc-7a1c-9d34-25ea-6265acb43d72,210cad50-225a-fd92-be45-bc99942493c8,21,-86.0,-64.0,-84.0,-73.0,nan,-59.0,-71.0,3.0339812381585256,-1.4721946516474755,-2.8437660225640515,2.1222704095230545,nan,-2.724367853631522,-2.538521279411072,0.6396884309388612,1.462142283796863,0.5126448944291803,1.4089015657064892,nan,0.4856578175972918,0.9593926785499447,-7.114643096923828,5.441862106323242,-0.23244501650333405,-7.14,5.64,1.65
1743700950.266905,2c08d2cc-7a1c-9d34-25ea-6265acb43d72,9c3ff7ca-3c7b-9e9b-6296-950a446ee453,20,-78.0,-66.0,-91.0,-72.0,nan,-61.0,-68.0,2.966920711381458,-1.4197576755740877,-2.861408133205282,3.071706512896152,nan,-2.7568229052059814,-1.9099631543864874,0.7085078424578712,1.4762557059937378,0.5304428665732072,1.4629554800357185,nan,0.4245756351770753,0.8594514486614461,-7.106266975402832,5.443811416625977,-0.36461982131004333,-7.14,5.64,1.65
1743700951.268275,2c08d2cc-7a1c-9d34-25ea-6265acb43d72,17aee8da-e4f0-9b31-fe60-7bc83a02c086,11,-72.0,-60.0,-79.0,-69.0,-48.0,nan,-58.0,2.9956748616710436,-1.3386955793659294,-2.8686300934493585,-3.08563910645501,-2.2157874890483793,nan,3.1111700657556676,0.6471414869865296,1.5151085631369037,0.653892467191826,1.41940147777829,0.6912673266957046,nan,0.9597136085921927,-7.097718715667725,5.427898406982422,-0.4055265784263611,-7.14,5.64,1.65
1743700952.33531,2c08d2cc-7a1c-9d34-25ea-6265acb43d72,fb07e858-42ea-6068-0dc5-b7f607a4ed4d,26,-80.0,-63.0,-76.0,-77.0,-50.0,-57.0,-69.0,3.082980206422675,-1.441577886491489,-2.8433164809720464,-2.042998756515756,-2.428470056669776,-2.788246818412121,-2.3540028165103237,0.6573492502867488,1.4662870945594075,0.5728533407480692,1.3762745134016559,0.6644097593335586,0.34568746447793447,0.9867906108281368,-7.092129707336426,5.392168045043945,-0.4296568036079407,-7.14,5.64,1.65
1743700953.348266,2c08d2cc-7a1c-9d34-25ea-6265acb43d72,bbe25a98-dee0-8815-bac5-953bb8e27b09,21,-82.0,-64.0,-88.0,-73.0,nan,-59.0,-68.0,3.0037000312998883,-1.3783147611127655,-2.8666849205891647,-2.0255646387556614,nan,-2.769853854168027,-1.841531188445088,0.724781221456855,1.4741667224346795,0.4691848351792045,1.3957568683561306,nan,0.3434692366317282,0.7844463518088315,-7.08827781677246,5.343148708343506,-0.4438685476779938,-7.14,5.64,1.65
1743700954.335831,2c08d2cc-7a1c-9d34-25ea-6265acb43d72,9a7ae821-55ee-f5d5-43fe-485eb12de605,31,-77.0,-70.0,-77.0,-73.0,-48.0,-55.0,-67.0,2.9985649240859975,-1.518609554705922,-2.910430537287024,-1.9098517541303182,-2.5156486206649045,-2.6677319111319604,-1.813887324006071,0.7612365012496498,1.432791185948936,0.6711721881877234,1.3759361587851613,0.5482413140378767,0.28144349072058883,0.9385588416236007,-7.085707187652588,5.302594184875488,-0.4301462769508362,-7.14,5.64,1.65
1743700955.266273,2c08d2cc-7a1c-9d34-25ea-6265acb43d72,79414854-a9e2-d42d-0faf-fe19abd6aed3,9,-72.0,-61.0,-75.0,-71.0,-47.0,-62.0,-56.0,2.942619366434485,-1.5486726486712814,-2.8532580613213123,-1.8209011084572355,-2.370910299598859,-2.701126199769484,-2.0525030840132206,0.7768109336205422,1.468152372586899,0.6783733757752977,1.3772489640445158,0.6389584838838757,0.49784699310258457,0.47521050729850567,-7.08853006362915,5.271479606628418,-0.49426570534706116,-7.14,5.64,1.65
1743700956.334575,2c08d2cc-7a1c-9d34-25ea-6265acb43d72,e5e7e002-2946-40e0-2cce-a273f8a9b11e,10,-71.0,-61.0,-75.0,-71.0,-48.0,-65.0,-56.0,2.8950984525753287,-1.5703529104733984,-2.8405960619185304,-1.8169665542627524,-2.2846120153585545,-2.6922332059215135,-2.053505784139958,0.6480004895961348,1.521826520144683,0.6561400419937985,1.3728157329359152,0.6799116074935643,0.6642818233533492,0.29277966791740756,-7.092589855194092,5.245083808898926,-0.50575590133667,-7.14,5.64,1.65
1743700957.335018,2c08d2cc-7a1c-9d34-25ea-6265acb43d72,49fb6f12-eb36-250a-2905-0a96735f93c0,23,-85.0,-64.0,-79.0,-79.0,-56.0,-55.0,-67.0,-3.0176616533146285,-1.8912949808127004,-2.8758896042648057,-1.8455968675616494,-2.3711516163844704,-2.7124464883725117,-1.897959222193733,0.6691083049219392,1.46474832008156,0.5544027609789184,1.2689275498666328,0.6728964674070266,0.4503564304369082,0.41644133160080793,-7.093008041381836,5.199063777923584,0.0665958523750305,-7.14,5.64,1.65
1743700958.348179,2c08d2cc-7a1c-9d34-25ea-6265acb43d72,6fbaf180-9775-484b-001c-257b93aee786,14,-78.0,-62.0,-82.0,-69.0,-50.0,-64.0,-61.0,-3.0137523991505013,-1.5015080657659783,-2.8767689800567497,-1.8767266907016402,-2.34048704459659,-2.750503206481621,-2.7404149495735544,0.6126547492924941,1.4743591358234378,0.5972675371462343,1.30496824205673,0.7099151806375186,0.6255322904858494,0.902673096016085,-7.093629837036133,5.140047550201416,0.5799309611320496,-7.14,5.64,1.65
1743700959.269407,2c08d2cc-7a1c-9d34-25ea-6265acb43d72,3abe9eaf-4014-f115-7985-090b063f5b98,9,-72.0,-61.0,-76.0,-71.0,nan,nan,nan,-3.027384588138399,-1.5027978346819033,-2.817285945529285,-1.9522707171311546,nan,nan,nan,0.6116802986496341,1.4962358057559482,0.6389462745220833,1.3182213300634544,nan,nan,nan,nan,nan,nan,-7.14,5.64,1.65
1743700960.351354,2c08d2cc-7a1c-9d34-25ea-6265acb43d72,7dceb473-d8b3-0624-eaca-19e41a1e1256,14,-79.0,-62.0,-83.0,-69.0,-51.0,-65.0,-59.0,-2.9173976330147804,-1.5507886633154038,-2.7795529476244973,-1.9806365785338067,-2.3106142305368893,-2.7850215248101757,2.873862383893496,0.537255665405307,1.4905042836159341,0.6105595738839015,1.3069381823150614,0.7119225080717427,0.7355410979125249,0.8547494955186152,-7.101413249969482,5.06847095489502,0.7166821360588074,-7.14,5.64,1.65
1743700961.338671,2c08d2cc-7a1c-9d34-25ea-6265acb43d72,b88ff6f5-b2aa-35a8-2961-afeba1ebcd5d,4,nan,-62.0,-78.0,-69.0,-47.0,-54.0,-71.0,nan,-1.5786999231199792,-2.7975007891588684,-2.012941521504795,-2.34302125386288,-2.858750123106892,-2.8680533313641425,nan,1.4959339364463877,0.4851262844378234,1.2904227219729896,0.6423639432441198,0.7303025535612236,1.1734849022723834,-7.1228609085083,5.003167629241943,0.8212203979492188,-7.14,5.64,1.65
1743700962.351035,2c08d2cc-7a1c-9d34-25ea-6265acb43d72,ce5fae39-5a51-d2e3-0c9a-f828230d9ae1,12,-74.0,-60.0,-79.0,-69.0,-51.0,-64.0,-60.0,3.095446996117554,-1.5341957049856103,-2.8353853209296815,-2.0177771562541063,-2.273770476750161,-2.796774568683483,2.6412591349220995,0.4809765135377483,1.4736395496968984,0.6095659484811929,1.2831930385617514,0.6912673266985924,0.8426522449062473,0.9154100642529183,-7.149221897125244,4.930511951446533,0.830831229686737,-7.14,5.64,1.65
1743700963.348895,2c08d2cc-7a1c-9d34-25ea-6265acb43d72,8176db4a-6f17-44b5-e89e-f16ddbb46c17,12,-73.0,-60.0,-79.0,-69.0,-50.0,-62.0,-59.0,-3.133683864100585,-1.5582645559694197,-2.860089069517365,-1.9817039734987105,-2.2214026975950327,-2.7390653498007436,-2.7033696829642846,0.5182835055366642,1.4782799747383069,0.7138930204981205,1.1605142566311422,0.7131295555863179,0.8490685757162771,0.5650756813915012,-7.173097610473633,4.84231185913086,0.8331018686294556,-7.14,5.64,1.65
1743700964.35051,2c08d2cc-7a1c-9d34-25ea-6265acb43d72,281974a1-d25e-abfb-1e85-6509bf5509b7,18,-73.0,-64.0,-80.0,-70.0,-53.0,-61.0,-62.0,3.1103564371642536,-1.5444010714408487,-2.8779293193436977,-2.147370835955106,-2.2625729499151355,-2.713562864289825,-2.2178508523390943,0.6719279267260606,1.4902946928381446,0.6553454878825733,1.2869980299692019,0.702476314609883,0.669145517661204,0.8690897347853134,-7.1829094886779785,4.698452472686768,0.82433819770813,-7.14,5.64,1.65
1743700965.33521,2c08d2cc-7a1c-9d34-25ea-6265acb43d72,d962395d-4b93-7206-b74a-f31d6acf7541,30,nan,-69.0,-80.0,-73.0,-50.0,-56.0,-66.0,nan,-1.6759353966281894,-2.851876945979997,-1.799473314326458,-2.4573461773085006,-2.6182016566271185,-2.0851892341901825,nan,1.4409194199119668,0.7154930476810402,1.2267108539505875,0.5765260527580284,0.4315753518112263,1.0431137538416737,-7.222986221313477,4.536352634429932,0.8195564150810242,-7.14,5.64,1.65
1743700966.349891,2c08d2cc-7a1c-9d34-25ea-6265acb43d72,0610a409-4688-1714-efff-fed06fd2e3c4,23,nan,-64.0,-80.0,-78.0,-59.0,-56.0,-69.0,nan,-1.6860186571474476,-2.840242660441877,-2.110834795802255,-2.461667425410096,-2.6783586392088914,-1.8581976424814441,nan,1.467551297128868,0.7034622174566072,1.26275141298263,0.610841359259629,0.3307914407848161,0.7796383896947123,-7.260683059692383,4.362616539001465,0.9116649627685547,-7.14,5.64,1.65
1743700967.351567,2c08d2cc-7a1c-9d34-25ea-6265acb43d72,b9c1809a-6125-34af-051b-aaf0a8a921a6,9,nan,-61.0,-77.0,-70.0,-48.0,-62.0,-57.0,nan,-1.645029545335874,-2.8407902063619974,-2.064102177625762,-2.3423295001839315,-2.720545929275055,-1.9920915943966615,nan,1.478131769823644,0.683778128049559,1.2397025526963215,0.6760062651365593,0.5016004667302488,0.5285947190775793,-7.304518699645996,4.177056312561035,0.962080955505371,-7.14,5.64,1.65
1743700968.33524,2c08d2cc-7a1c-9d34-25ea-6265acb43d72,76cf6b6c-d037-32d3-7fb5-04b78d22949a,5,nan,-62.0,-79.0,-68.0,-46.0,-55.0,-66.0,nan,-1.7184884497899116,-2.840715904167584,-1.765511485683277,-2.3612895098625892,-2.8846650842570267,-1.9054290788197628,nan,1.47482572164642,0.4875218311278633,1.1989303553555355,0.6853612283069596,0.6125317115485619,0.22603398816532835,-7.35783290863037,4.02668046951294,0.9190004467964172,-7.14,5.64,1.65
1743700969.335321,2c08d2cc-7a1c-9d34-25ea-6265acb43d72,6b1e7dce-9d43-5742-eda7-4ff58580be4c,7,nan,-61.0,-81.0,-69.0,-49.0,-60.0,-60.0,nan,-1.756359266281111,-2.8114416385171057,-1.4986407733783444,-2.3134653863895904,-2.8877083115086086,-1.8605976773988395,nan,1.4316670656528137,0.4548967761938476,1.1589870669040363,0.6783470433979516,0.5956445426945661,0.16351171424137975,-7.403685569763184,3.9062588214874268,0.874954640865326,-7.14,5.64,1.65
1743700970.335055,2c08d2cc-7a1c-9d34-25ea-6265acb43d72,f8c914d5-9930-cf39-0422-f62c0b4793b9,24,-87.0,-63.0,-77.0,-81.0,-54.0,nan,nan,3.1046918935256556,-1.630742218719817,-2.8402455899190757,-1.8603277436572592,-2.4372465111853563,nan,nan,0.5303909682214641,1.4296940627592285,0.3086698245620535,1.3454150011123078,0.6511591895822006,nan,nan,nan,nan,nan,-7.14,5.64,1.65
1743700971.349219,2c08d2cc-7a1c-9d34-25ea-6265acb43d72,00391d4d-3f74-184a-0d33-717c28bdd20c,19,-73.0,-64.0,-89.0,-72.0,-55.0,-60.0,-63.0,-3.1130520888196322,-1.6485604974671557,-2.8354819936772513,-1.8646840094103563,-2.34302125386288,-2.8443105278213854,-1.8437169014456187,0.6732917315202903,1.4829000265973766,0.2570849435241935,1.4029219701109343,0.6423639432441198,0.4873546138887207,0.4526051481835153,-7.420076847076416,3.827432155609131,0.8830273151397705,-7.14,5.64,1.65
1743700972.350938,2c08d2cc-7a1c-9d34-25ea-6265acb43d72,95a4ceff-5f65-ab67-f330-455ed797b408,9,-72.0,-61.0,-77.0,-70.0,-48.0,-64.0,-58.0,-3.127499205101094,-1.6378248956388828,-2.859072807245391,-1.828779271593908,-2.273770476750161,-2.8085952119362756,-1.9416691761656668,0.648183914816214,1.500783020159204,0.3263361033901759,1.3992914157548837,0.6912673266985924,0.5675060559454772,0.3259182547823309,-7.417673587799072,3.7686328887939453,0.9036664962768555,-7.14,5.64,1.65
1743700973.349606,2c08d2cc-7a1c-9d34-25ea-6265acb43d72,0ef357c6-00a5-ae62-f106-7f4e7dd11d26,23,-88.0,-64.0,-79.0,-75.0,-55.0,-56.0,-69.0,3.0596397299970026,-1.6679015717258017,-2.8409428054924586,-1.9726048841602912,-2.399881130311142,-2.7998765543293445,-1.8306405199291078,0.5270304916894614,1.467134645576325,0.25926192791252195,1.422136144743638,0.6690271014598173,0.39719098461848884,0.41870132059848725,-7.401219367980957,3.74327564239502,0.9096394777297974,-7.14,5.64,1.65
1743700974.269838,2c08d2cc-7a1c-9d34-25ea-6265acb43d72,59d0353c-e358-dbd8-0c37-936bc90fc7e5,11,-72.0,-60.0,-75.0,-69.0,-50.0,nan,-58.0,3.10069874978719,-1.6499326912188192,-2.887096452447968,-1.9219101480720335,-2.292031561927685,nan,-1.997765853662892,0.5346578183409619,1.4963062463667807,0.45750331182124904,1.3904933967776978,0.7016785694224318,nan,0.31291221357494314,-7.384886264801025,3.7424862384796143,0.9348949193954468,-7.14,5.64,1.65
1743700975.269793,2c08d2cc-7a1c-9d34-25ea-6265acb43d72,3874b080-87c8-b32f-4db8-4903b6ec9944,8,-73.0,-62.0,-76.0,-70.0,-47.0,-60.0,-57.0,3.036758915175478,-1.5031468419427585,-2.9202283069374255,-1.9224000365545533,-2.2691302745192274,-2.835558816864329,-1.9670143990007642,0.5197490430845348,1.4662275729090444,0.38241927989101826,1.3430561061767705,0.7244289778691835,0.5373516787548388,0.3236864548332405,-7.379751682281494,3.80666971206665,0.96330988407135,-7.14,5.64,1.65
1743700976.335867,2c08d2cc-7a1c-9d34-25ea-6265acb43d72,fefeeb4c-2040-3dcc-9898-8bd636ad5bc1,0,-77.0,-61.0,-79.0,-70.0,-47.0,-55.0,-58.0,3.006418586140641,-1.8213856706175755,-2.9354093904153133,-1.9424862632862034,-2.396606868289403,-2.7955847592506027,-2.5074365797856237,0.5071255596490183,1.5055444858721567,0.39439132083438777,1.4277194619689888,0.6009208751654301,0.5314273026885232,0.40468800106088104,-7.366804122924805,3.888339042663574,0.959322214126587,-7.14,5.64,1.65
1743700977.334568,2c08d2cc-7a1c-9d34-25ea-6265acb43d72,a4ec3e96-1f2e-ef3d-1ace-968a80253e8f,10,-71.0,-60.0,-75.0,-71.0,-51.0,-67.0,-57.0,3.0090822798629384,-1.6058726883542758,-2.9302726853047685,-1.9663342050575907,-2.3134653863895904,-2.735053443990746,-2.3044660953791753,0.4747057345665069,1.4921015144797092,0.6447397151574417,1.3828922023943937,0.6783470433979516,0.673786174549319,0.2515890493175618,-7.376214981079102,3.97073221206665,0.964251935482025,-7.14,5.64,1.65
1743700978.353675,2c08d2cc-7a1c-9d34-25ea-6265acb43d72,4d24a402-efbd-6774-9a61-c0a7bf6f24d2,9,-71.0,-61.0,-76.0,-71.0,-47.0,-62.0,-57.0,2.9553849628036706,-1.5161310838374398,-2.928263063946195,-1.8922956635922976,-2.2510113035729895,-2.7566999405438812,-2.1535234906383875,0.4942260728560288,1.507472614501374,0.6586868229442412,1.3249872239708556,0.7135323484363099,0.6781999928410479,0.2960723534603663,-7.394588947296143,4.06542682647705,0.981619119644165,-7.14,5.64,1.65
1743700979.337439,2c08d2cc-7a1c-9d34-25ea-6265acb43d72,8f68081d-eec9-8bbb-da9c-41939229905e,20,-77.0,-65.0,-86.0,-73.0,nan,-59.0,-68.0,-3.1187536503973825,-1.5667427292996874,-2.957976218544318,-1.797778345450677,nan,-2.763161027972889,-1.9383129041537204,0.6186360093637303,1.485349602168031,0.5689237799806299,1.418016101379231,nan,0.49241947153321713,0.5218331723281792,-7.417189598083496,4.152708053588867,1.05562698841095,-7.14,5.64,1.65
1743700980.353114,2c08d2cc-7a1c-9d34-25ea-6265acb43d72,f679004e-1ea6-c898-3180-7165f8fac0c1,0,-79.0,-62.0,-77.0,-70.0,nan,nan,nan,-3.130344792725843,-1.9730977021200102,-2.9779608456803817,-1.7685914314839537,nan,nan,nan,0.5941400539200997,1.5010325583533444,0.5815547535567123,1.457073489294115,nan,nan,nan,nan,nan,nan,-7.14,5.64,1.65
1743700981.335015,2c08d2cc-7a1c-9d34-25ea-6265acb43d72,bf9951d9-4ac3-ef6a-fac8-f149f4942ac2,23,-89.0,-64.0,-81.0,-79.0,-58.0,-56.0,-70.0,-3.040047386489508,-1.8445490468307577,-2.9382046442954604,-1.7780664260102375,-2.3711516163844704,-2.765055615979619,-1.825510509948345,0.6370835264976275,1.5194856015465033,0.4965794750218182,1.3768470930360226,0.6728964674070266,0.375961624134183,0.5808620509954232,-7.410839080810547,4.2272629737854,1.0752880573272705,-7.14,5.64,1.65
1743700982.334724,2c08d2cc-7a1c-9d34-25ea-6265acb43d72,eabcca16-4365-26ef-256f-dececcab9684,36,-74.0,-66.0,-74.0,-74.0,-47.0,-56.0,-66.0,-3.0597635669876917,-1.5548296107954356,-2.9659068459544646,-1.672880884015923,-2.465200281427733,-2.665356596342168,-2.0254367854901165,0.7161262142302064,1.4907214644028302,0.42912869527651337,1.438803804742008,0.5154865037490154,0.29696428374695444,1.2981560350356256,-7.422937870025635,4.2768168449401855,1.1251510381698608,-7.14,5.64,1.65
1743700983.352974,2c08d2cc-7a1c-9d34-25ea-6265acb43d72,866e9abd-0166-cd46-b7b2-5e9af1dfec64,16,-73.0,-63.0,-81.0,-69.0,-51.0,-61.0,-61.0,-3.055719024240188,-1.535672827284223,-2.984929539304792,-1.6341141801340209,-2.388347080302487,-2.700372877718175,0.8724128534832019,0.6990007568404519,1.5146016304234071,0.3923690161711224,1.4614689035152364,0.6137020301113014,0.4153637401638544,1.2260736609930718,-7.44005250930786,4.315703392028809,1.1734654903411865,-7.14,5.64,1.65
1743700984.335845,2c08d2cc-7a1c-9d34-25ea-6265acb43d72,1c78cf22-2ddd-ab94-60fd-a00e8583e10f,22,-90.0,-64.0,-92.0,-75.0,nan,-57.0,-69.0,2.930007168144088,-1.6525834686098295,-2.937443512855916,-1.6911411143461603,nan,-2.7148585697535434,-1.4481196774480016,0.6492422550334115,1.4705769144433072,0.266389345937901,1.4179802818625693,nan,0.3361758602835704,1.1661541656453045,-7.462807655334473,4.342466354370117,1.230265736579895,-7.14,5.64,1.65
1743700985.353058,2c08d2cc-7a1c-9d34-25ea-6265acb43d72,c1d53017-2f13-68aa-1449-aa9730484030,4,-76.0,-63.0,-81.0,-69.0,-47.0,-55.0,-70.0,2.900561661235518,-1.8769595841389672,-2.9577599698638033,-1.7426569029984895,-2.388347080302487,-2.8386180723163674,-1.6212936060229033,0.689297196513612,1.4785171292333785,0.22283950486967585,1.3731813849535834,0.6137020301113014,0.5207012549525525,0.7666222722153803,-7.484337329864502,4.376794815063477,1.2597323656082153,-7.14,5.64,1.65
1743700986.35026,2c08d2cc-7a1c-9d34-25ea-6265acb43d72,c66bcc70-7876-6385-5451-2afac3a0abab,36,-73.0,-66.0,-74.0,-75.0,-47.0,-57.0,-65.0,2.9472942794120103,-1.774053308563597,-2.967891699914901,-1.6777689830387086,-2.4771011206248374,-2.7095195001714965,-1.3779043584573278,0.767911847679988,1.4252288737175465,0.20909975746325268,1.4626195222642053,0.488133992429984,0.3679140947754087,1.303930176035759,-7.516952991485596,4.413731575012207,1.2947381734848022,-7.14,5.64,1.65
1743700987.333364,2c08d2cc-7a1c-9d34-25ea-6265acb43d72,20886d43-a412-63fb-dbd5-80fca0ea1de1,3,-80.0,-63.0,-83.0,-69.0,-47.0,-55.0,-66.0,2.9462295476081963,-1.720404461036169,-2.976292641573556,-1.53911909089284,-2.458886858377934,-2.7472445380460107,-1.4812515798245764,0.8004200564211765,1.4824142660145463,0.18265177151962125,1.388096418638572,0.5290628588199567,0.4730146870261785,1.3780281413712971,-7.541686534881592,4.467709064483643,1.374904751777649,-7.14,5.64,1.65
1743700988.335993,2c08d2cc-7a1c-9d34-25ea-6265acb43d72,0a5e9ec6-6892-8f6d-8e9b-f0aa71dd663e,6,-74.0,-63.0,-81.0,-69.0,-46.0,-57.0,-62.0,2.9109080420704756,-1.6954487774093634,-2.8891247159341726,-1.484915906384512,-2.388347080302487,-2.893374611504138,-2.082198909130372,0.7849219236155148,1.4518385135393461,0.11583237733450386,1.3512810128873711,0.6137020301113014,0.5618318681090982,0.5759933193019444,-7.550259590148926,4.559932231903076,1.3153035640716553,-7.14,5.64,1.65
1743700989.333208,2c08d2cc-7a1c-9d34-25ea-6265acb43d72,7554c91c-b304-b772-7634-7b1d5ee6488d,14,-78.0,-61.0,-78.0,-69.0,-50.0,-65.0,-60.0,2.96034589928227,-1.6584197861387386,-2.8705933758049653,-1.5555635779918615,-2.3521920152762115,-2.8225179182843827,-2.9447402429445,0.6203301792911842,1.4426645893742955,0.12477286710763044,1.3525952828853252,0.6637753621869605,0.6900442017982563,0.8980881295456072,-7.54732322692871,4.664978981018066,1.2606279850006104,-7.14,5.64,1.65
1743700990.336109,2c08d2cc-7a1c-9d34-25ea-6265acb43d72,99db12ee-b40c-6030-6054-572843dcb7a0,4,-76.0,-63.0,-81.0,-69.0,-47.0,-54.0,-69.0,2.9467637777228664,-1.7740861986030596,-2.9126849031497763,-1.5136795108959673,-2.370910299598859,-2.928322654854677,-2.2289120343258335,0.7429712774923687,1.440732466003443,0.14682922551231556,1.3663868620644641,0.6389584838838757,0.7390713316499432,0.3912763828232947,-7.531893730163574,4.778502464294434,1.1570640802383423,-7.14,5.64,1.65
1743700991.341339,2c08d2cc-7a1c-9d34-25ea-6265acb43d72,c9c89ed2-10d9-f978-9dc1-e3baaccd48a0,8,-72.0,-62.0,-78.0,-69.0,-47.0,-61.0,-57.0,2.905715943209257,-1.8515373146891798,-2.9902806288830885,-1.5291017436105616,-2.295105711382259,-2.9120741362261544,-2.0914219677811583,0.7397861368286339,1.4599277321924073,0.18734189780487343,1.2704894938459643,0.6684151564385666,0.7024531482919262,0.2585639872117436,-7.55246114730835,4.912016868591309,1.1015290021896362,-7.14,5.64,1.65
1743700992.33647,2c08d2cc-7a1c-9d34-25ea-6265acb43d72,aa65a392-943c-d248-5859-ff0f30fcde2f,24,-81.0,-64.0,-78.0,-83.0,-53.0,-57.0,-73.0,-2.9977001956800486,-1.8844976616044367,-2.9200575983115513,-1.6618779008142062,-2.4090346487836314,-2.827578532608326,-2.0384221967390763,0.7151527622727551,1.4288800675720457,0.20655545658157506,1.3590282816564663,0.656104443432786,0.4682048197189086,0.5390873741440138,-7.553707599639893,5.067980766296387,1.0311267375946045,-7.14,5.64,1.65
1743700993.335166,2c08d2cc-7a1c-9d34-25ea-6265acb43d72,590bc8a5-0472-788e-f891-a20472758d5b,7,-73.0,-62.0,-80.0,-71.0,-47.0,-60.0,-57.0,-2.9504376084466304,-1.8455615806772057,-2.9038876831209177,-1.6885855449641203,-2.3510714826918804,-2.8757990541141214,-1.9064309223836158,0.6850021168865594,1.3770131411299895,0.18971234420163935,1.2062736225872652,0.6977027148072533,0.5425686749349075,0.3621811083277529,-7.542585372924805,5.24920129776001,0.9530516862869263,-7.14,5.64,1.65
1743700994.3352,2c08d2cc-7a1c-9d34-25ea-6265acb43d72,d28043c1-4e1b-8249-09f6-afd3efa4193f,15,-77.0,-62.0,nan,-68.0,-51.0,-62.0,-60.0,3.1203294428143824,-1.8138723605502438,nan,-1.69934205260695,-2.321550338896888,-2.780278527631009,-2.916275594238702,0.6482149406429133,1.4506948190092117,nan,1.370674817735601,0.700085660241896,0.5969249171030492,0.5470653899837543,-7.534588813781738,5.439746856689453,0.882355511188507,-7.14,5.64,1.65
1743700995.352943,2c08d2cc-7a1c-9d34-25ea-6265acb43d72,c20d27e5-b1db-48aa-326e-552de4e459bd,15,-75.0,-62.0,nan,-68.0,-51.0,-64.0,-62.0,3.118782678853264,-1.8260962699537076,nan,-1.7288742454090027,-2.3106142305368893,-2.7566999405438812,-2.5236118280520365,0.5512733802505072,1.4845991233728468,nan,1.3865635031151224,0.7119225080717427,0.6781999928410479,0.34810603181334027,-7.530052185058594,5.63877820968628,0.820472002029419,-7.14,5.64,1.65
1743700996.336403,2c08d2cc-7a1c-9d34-25ea-6265acb43d72,ab879bcb-6385-e661-2acc-1c3b3ba000c9,4,-77.0,-63.0,nan,-68.0,-47.0,nan,nan,3.099249457521969,-1.79999755758704,nan,-1.759163574908964,-2.3610968687794323,nan,nan,0.6534017131819516,1.4899613982277216,nan,1.362801315130836,0.6177812823299504,nan,nan,nan,nan,nan,-7.14,5.64,1.65
1743700997.336132,2c08d2cc-7a1c-9d34-25ea-6265acb43d72,d9109271-bc18-129a-1549-0800a14cd399,19,-75.0,-64.0,nan,-71.0,-55.0,-59.0,-63.0,3.064852601514724,-1.6514441682954935,nan,-1.7499522333305981,-2.3335035293886195,-2.7321365243433555,-2.09276902937724,0.7536933637781092,1.4837498413012207,nan,1.4187725722868678,0.6544823028006959,0.5372708709900371,0.7123282635107242,-7.518404006958008,5.828747749328613,0.7122498750686646,-7.14,5.64,1.65
1743700998.350032,2c08d2cc-7a1c-9d34-25ea-6265acb43d72,6204e469-4c7a-81f0-7fb9-4978c1b47cb2,30,nan,-71.0,nan,-73.0,-49.0,-57.0,-73.0,nan,-1.687216280689656,nan,-1.7349202868737552,-2.5026439757504853,-2.632822606391757,-2.1263058287029475,nan,1.4233402930305172,nan,1.3223307207835011,0.5763979953502171,0.3708470206189812,0.9416061830492161,-7.51690149307251,5.997600078582764,0.44541576504707336,-7.14,5.64,1.65
1743700999.335441,2c08d2cc-7a1c-9d34-25ea-6265acb43d72,27066845-4ec7-a5af-9390-bcb5f9f1f397,9,nan,-61.0,nan,-71.0,-47.0,-62.0,-56.0,nan,-1.7427767452475431,nan,-1.729658413191976,-2.361715853273554,-2.692654561237606,-2.1265477216326527,nan,1.4763089692155391,nan,1.310451690741203,0.6514243551375375,0.52935939602169,0.6637753621760749,-7.52677345275879,6.152891635894775,0.2947627305984497,-7.14,5.64,1.65
1743701000.337169,2c08d2cc-7a1c-9d34-25ea-6265acb43d72,09359bea-c7d2-8370-a95d-4f88104435b0,10,nan,-61.0,nan,-71.0,-48.0,-64.0,-56.0,nan,-1.7824879392100414,nan,-1.7240086500974277,-2.2846120153585545,-2.6710690078628447,-2.1370929833904433,nan,1.4521863223777107,nan,1.3231622928338787,0.6799116074935643,0.6591989956481856,0.4638908927875505,-7.545074462890625,6.312408924102783,0.12081536650657654,-7.14,5.64,1.65
1743701001.350098,2c08d2cc-7a1c-9d34-25ea-6265acb43d72,54ec3cb6-0eb4-39af-f688-709e200ba44a,14,nan,-62.0,-81.0,-68.0,nan,nan,nan,nan,-1.735292596794148,-2.8615953534299146,-1.7457750651608086,nan,nan,nan,nan,1.507523614036249,0.3946366978393249,1.3626816060398368,nan,nan,nan,nan,nan,nan,-7.14,5.64,1.65
1743701002.336571,2c08d2cc-7a1c-9d34-25ea-6265acb43d72,144d1b39-fad8-01da-3501-467062a02d97,7,nan,-61.0,-78.0,-69.0,-46.0,-58.0,-58.0,nan,-1.6445360615858826,-2.8992087754017577,-1.71718816138768,-2.266597744666553,-2.856592343295635,-1.942136527669704,nan,1.4850794244754426,0.3883651864987837,1.3027184035678308,0.669579533422818,0.6433537564911327,0.19849064582541512,-7.572725296020508,6.452868938446045,0.04429066181182861,-7.14,5.64,1.65
1743701003.268393,2c08d2cc-7a1c-9d34-25ea-6265acb43d72,5fd6f9c7-6f48-792e-42e2-cbcab625b91e,18,-73.0,-64.0,-83.0,-69.0,-52.0,-60.0,-62.0,3.0291017944092817,-1.5315779507921172,-2.8708631540233895,-1.7434567834318948,-2.295105711382259,-2.77570620471946,-1.848250557456622,0.6400744561388682,1.471306087949771,0.3050667007652308,1.3648419623161092,0.6684151564385666,0.5282042827195408,0.5515266760270473,-7.596826076507568,6.549864768981934,-0.007041923701763153,-7.14,5.64,1.65
1743701004.338512,2c08d2cc-7a1c-9d34-25ea-6265acb43d72,37d133c5-34fc-4bd1-2192-c8d8198dd686,8,-72.0,-61.0,-77.0,-70.0,-47.0,-60.0,-57.0,3.0469886495546903,-1.4708793163850857,-2.908391621156459,-1.7299879793768738,-2.255823727177381,-2.825457523029843,-1.8676803173496561,0.6581153751533374,1.5212783084342902,0.4422727268365995,1.3770903728016017,0.6806951093853975,0.5872000986774557,0.32462569271017,-7.64223289489746,6.635833740234375,0.029154904186725616,-7.14,5.64,1.65
1743701005.336292,2c08d2cc-7a1c-9d34-25ea-6265acb43d72,db7eaf51-0d31-aaab-74e8-3dc4d3e6b5ec,8,-73.0,-61.0,-77.0,-70.0,-47.0,-60.0,-57.0,3.0559059781487115,-1.460090584493066,-2.9357809013873792,-1.7191445195244524,-2.244704708884508,-2.863612455288621,-1.8624824623496545,0.7457648003178072,1.486595828400134,0.48431774873087535,1.332693879533327,0.6916627330243574,0.6098205370210883,0.25336272156929607,-7.703210830688477,6.692943572998047,0.06898604333400726,-7.14,5.64,1.65
1743701006.352661,2c08d2cc-7a1c-9d34-25ea-6265acb43d72,3ea9ecb9-0547-b0e4-8ce8-bc4d9d92d359,22,nan,-64.0,-83.0,-75.0,nan,-57.0,-66.0,nan,-1.6557847213981594,-2.926300580538915,-1.7373396355660373,nan,-2.8351691447840612,-1.7360607218545105,nan,1.4875381879518585,0.2512546014629807,1.3619998368007766,nan,0.4183428264937527,0.386684341701196,-7.759644508361816,6.71895170211792,0.11834694445133209,-7.14,5.64,1.65
1743701007.352793,2c08d2cc-7a1c-9d34-25ea-6265acb43d72,b3c0cfdb-f3c4-dca2-c3ca-0b89c0679799,25,-77.0,-63.0,-75.0,-80.0,-52.0,-57.0,-70.0,2.9823462730474146,-1.6929882828782392,-2.8937370446260804,-1.7979827430643407,-2.428470056669776,-2.8086890962440574,-1.787649818428033,0.7057210441141852,1.5049672457058818,0.18746565157177805,1.3900348004379863,0.6644097593335586,0.3313083297448314,0.6132381177186358,-7.8195929527282715,6.71767807006836,0.16538025438785553,-7.14,5.64,1.65
1743701008.350366,2c08d2cc-7a1c-9d34-25ea-6265acb43d72,2df88cd3-a4ed-2f17-1c9d-2ca942b6fd82,1,-79.0,-62.0,-80.0,-68.0,-45.0,-55.0,-59.0,2.7095901078914615,-1.7648478259396292,-2.938478150939412,-1.791050667904919,-2.426780795825483,-2.794704246400537,-2.0919642085218233,0.7087961296458724,1.448464288438216,0.15841031440766137,1.3557780267040789,0.5488778614160952,0.4300494340137142,0.5673771814907498,-7.885643005371094,6.725123405456543,0.1938723921775818,-7.14,5.64,1.65
1743701009.336788,2c08d2cc-7a1c-9d34-25ea-6265acb43d72,f49a0f77-2baa-85bc-21bd-cc2cc6cc1775,7,-74.0,-62.0,-78.0,-69.0,-46.0,-59.0,-58.0,2.757368815744137,-1.427601350774644,-2.961176805542375,-1.7891893846190625,-2.3610968687794323,-2.8784974356676747,-1.8974990661064681,0.6457528482151351,1.3850219323181299,0.23035003526261966,1.3134694517304262,0.6177812823299504,0.5257220515521831,0.20546803617998236,-7.930633068084717,6.723955154418945,0.3449263572692871,-7.14,5.64,1.65
1743701010.336571,2c08d2cc-7a1c-9d34-25ea-6265acb43d72,1a6fd78e-bf96-a695-9197-5419a2ce8142,8,-72.0,-61.0,-77.0,-70.0,-47.0,-62.0,-57.0,2.7588958723131887,-1.4386807666996462,-2.937929806070964,-1.803625049307837,-2.305259688915216,-2.8906094056488207,-1.8457111575323502,0.5968673306134226,1.486897431393585,0.26185702859199284,1.2312532746638816,0.6567837544565845,0.5787443454643074,0.1878409109434071,-7.9639253616333,6.687531471252441,0.5159345269203186,-7.14,5.64,1.65
1743701011.350824,2c08d2cc-7a1c-9d34-25ea-6265acb43d72,1d9ae4d7-6d29-bc2d-da11-a8877754869e,26,-78.0,-63.0,-76.0,-77.0,-50.0,-57.0,-71.0,2.7913954923598614,-1.4592006892148157,-2.9541974592736047,-1.7098972252713704,-2.476739124265691,-2.8374493240229426,-1.9354386458179798,0.5700435060609538,1.4491459245192215,0.2352500852207973,1.1745965198432633,0.6667681138236193,0.4016964937167721,0.4562917050205156,-7.981597423553467,6.63138723373413,0.651455581188202,-7.14,5.64,1.65
1743701012.337812,2c08d2cc-7a1c-9d34-25ea-6265acb43d72,2fe9effa-f736-47de-c898-91d6861a80e8,6,-75.0,-62.0,-78.0,-70.0,-46.0,-56.0,-61.0,2.7681338455024553,-1.4383721063293058,-3.0154331201144506,-1.6622554038987247,-2.399881130311142,-2.9387137989632848,-1.8309243535633326,0.4893966632457655,1.5108006337575914,0.3118460436361365,1.2090040284948687,0.6690271014598173,0.5319484179175044,0.17818628350987475,-7.975881576538086,6.553129196166992,0.7347286939620972,-7.14,5.64,1.65
1743701013.350611,2c08d2cc-7a1c-9d34-25ea-6265acb43d72,56d43d77-8f74-b975-e9a6-e69c6cad758a,19,-75.0,-65.0,-87.0,-72.0,-55.0,-60.0,-63.0,2.868937688555263,-1.5996977498927638,-2.9963542340651226,-1.5914901537292483,-2.34302125386288,-2.821848891793043,-1.809169460771607,0.8082190570944462,1.4842983193277226,0.21675872579745475,1.2752435027078648,0.6423639432441198,0.5013739588244848,0.45086471362648894,-7.9618988037109375,6.51723051071167,0.776010572910309,-7.14,5.64,1.65
1743701014.352652,2c08d2cc-7a1c-9d34-25ea-6265acb43d72,22c0c948-6cf0-2689-09b6-08b9cfe821f1,17,-73.0,-65.0,-82.0,-69.0,-51.0,-62.0,-61.0,3.00127548944348,-1.4989913785358533,-2.9885503731228633,-1.6154338361418241,-2.323654481418131,-2.7520130192032277,-1.6385739277103275,0.8139020431235936,1.4197675292701213,0.1681486955657541,1.3345909823358446,0.6664784760561362,0.5409683639664726,0.5724052229266702,-7.948246002197266,6.4941816329956055,0.7245118618011475,-7.14,5.64,1.65
1743701015.335515,2c08d2cc-7a1c-9d34-25ea-6265acb43d72,1ec94d1f-4dc0-fccb-7da7-ddc96031b1a3,24,-81.0,-64.0,-75.0,-84.0,-54.0,-57.0,-70.0,2.9588348216797593,-1.6322859200456816,-2.9471419465976574,-1.7455810538753964,-2.4178571361905195,-2.725192450066849,-1.6798979622797443,0.8131658788192684,1.428578464578594,0.13868619436047797,1.3804857700333981,0.6430768757713164,0.38668434172948135,0.6022702788292612,-7.9411492347717285,6.48732089996338,0.662283420562744,-7.14,5.64,1.65
1743701016.351142,2c08d2cc-7a1c-9d34-25ea-6265acb43d72,b21a2a44-896c-772c-6994-041c3e3ec9ea,7,-74.0,-61.0,-78.0,-69.0,-47.0,-58.0,-58.0,2.971685639203828,-1.6856149219261911,-2.9454811993418843,-1.7185295956287532,-2.323654481418131,-2.8612741666604555,-1.809689230074926,0.7731431615882578,1.449960851812786,0.21057566469461778,1.3221714637503146,0.6664784760561362,0.5065322559811736,0.2569899398897892,-7.936861991882324,6.474518775939941,0.6067675948143005,-7.14,5.64,1.65
1743701017.337079,2c08d2cc-7a1c-9d34-25ea-6265acb43d72,c84c0d12-e839-1f69-8979-03cd42ca8409,4,-77.0,-63.0,-78.0,-68.0,-47.0,-55.0,-69.0,2.927466512464152,-1.6505843667375615,-2.9692264762532488,-1.63649677720326,-2.3522162306592724,-2.948263900640002,-1.8795364780683292,0.7655996912215812,1.475055685606548,0.14738980427702042,1.2813553242515423,0.6301286032321801,0.6194023477542703,0.6956295311758073,-7.925983428955078,6.46793270111084,0.5595234036445618,-7.14,5.64,1.65
1743701018.351025,2c08d2cc-7a1c-9d34-25ea-6265acb43d72,df16c88b-f843-8dd0-26a3-fc1ead1a1286,36,-73.0,-66.0,-73.0,-75.0,-47.0,-57.0,-67.0,2.9748782367186144,-1.5571320467158634,-2.9880552914762175,-1.608871674057814,-2.45861129206976,-2.7597105523132783,-1.9599239752977338,0.747831479902736,1.4802363328750792,0.13389370282082586,1.3983293488110926,0.48204479008681694,0.4083889262144469,1.3441498824910083,-7.904723644256592,6.467464447021484,0.6139158010482788,-7.14,5.64,1.65
1743701019.354457,2c08d2cc-7a1c-9d34-25ea-6265acb43d72,fb3861fa-3f08-716c-7148-94e67f0d94e4,32,-75.0,-69.0,-74.0,-75.0,-50.0,-57.0,-69.0,3.004967163346548,-1.6017328044397479,-3.038282775951221,-1.6233500824820841,-2.539647332491917,-2.6991218470296716,-1.700313917804663,0.7618472972456595,1.4331584358632579,0.25765053236069907,1.3383734700320844,0.4285616420839113,0.31777206661650215,1.3067330364109264,-7.880414009094238,6.440980434417725,0.7582576870918274,-7.14,5.64,1.65
1743701020.336884,2c08d2cc-7a1c-9d34-25ea-6265acb43d72,183c76ac-22f4-f848-3096-ee45106f65e4,35,-74.0,-67.0,-74.0,-74.0,-48.0,nan,nan,3.121995516392336,-1.3058767794626103,-3.0314853235849033,-1.6557136149970544,-2.512660244227227,nan,nan,0.658184217867516,1.3827193632396475,0.2764771005414985,1.4366807327209972,0.3157851999283273,nan,nan,nan,nan,nan,-7.14,5.64,1.65
1743701021.35108,2c08d2cc-7a1c-9d34-25ea-6265acb43d72,44c38010-3a3e-e716-8d81-d813e3803a09,33,-73.0,-68.0,-73.0,-75.0,-50.0,-57.0,-66.0,-2.845184422160628,-1.3608281790791963,-2.996029328412133,-1.6102454657061311,-2.5368749177254566,-2.6497582432585896,0.24519380634442556,0.6935805582318681,1.3994553333199782,0.3839953719136408,1.331252310435267,0.29092891412266664,0.27893935857020946,1.4988379979515425,-7.8508124351501465,6.417798042297363,0.9210707545280457,-7.14,5.64,1.65
1743701022.337658,2c08d2cc-7a1c-9d34-25ea-6265acb43d72,b5b760cd-ff29-f6af-174b-860830c587dd,23,-89.0,-64.0,-76.0,-78.0,-57.0,-57.0,-67.0,-2.773542193044188,-1.3534773218383593,-2.959452675052658,-1.7788476643160123,-2.5065721793205626,-2.6720521780173874,-1.7649103682986822,0.7925005477085806,1.473176692299443,0.29583555192625727,1.3710577803003543,0.46609024941250066,0.2503480914278484,1.0718990744300139,-7.835236072540283,6.39647626876831,1.123801350593567,-7.14,5.64,1.65
1743701023.350958,2c08d2cc-7a1c-9d34-25ea-6265acb43d72,72401a70-fe7d-d3c9-640e-04865b0d8927,29,-76.0,-68.0,-75.0,-73.0,-52.0,-57.0,-80.0,-2.767909607338671,-1.2839179510104708,-2.9252707361453814,-1.782186868848808,-2.5624879333885606,-2.6720521780173874,-1.902320309551048,0.8080832358788522,1.4884604406373527,0.369445357745561,1.2932399469321298,0.41870132062206944,0.2503480914278484,1.0324358765678543,-7.838881492614746,6.389395713806152,1.2611145973205566,-7.14,5.64,1.65
1743701024.35384,2c08d2cc-7a1c-9d34-25ea-6265acb43d72,6ce6f64b-7673-63dc-8153-2916bbc2b44c,5,-75.0,-62.0,-78.0,-69.0,-47.0,-56.0,-64.0,-2.631793313495849,-1.226476096300497,-2.987020120760504,-1.7759108634239273,-2.4899341813397866,-2.8687440472549905,-1.7822745877766317,0.7898624869117754,1.5017357660391797,0.31894546518055605,1.3312792083622769,0.5079881223140006,0.4561611595769068,1.2492244648780106,-7.856255531311035,6.36592435836792,1.3919241428375244,-7.14,5.64,1.65
1743701025.353169,2c08d2cc-7a1c-9d34-25ea-6265acb43d72,3d84ad2f-94cb-a623-d6a5-66c3aaebd7c6,10,-72.0,-61.0,-75.0,-71.0,-49.0,-66.0,-55.0,-2.794109253510652,-1.0731005212231444,-2.957803379389572,-1.6843049129859813,-2.3610968687794323,-2.7881169260089846,-2.220843353106984,0.7494056078440547,1.498705754508942,0.5809516141488366,1.3280390734220318,0.6177812823299504,0.6496925063729139,0.6590921118210813,-7.832268238067627,6.332760334014893,1.5123374462127686,-7.14,5.64,1.65
1743701026.351194,2c08d2cc-7a1c-9d34-25ea-6265acb43d72,18acd291-b610-6d20-44b1-9f1043c4da79,7,-73.0,-62.0,-79.0,-70.0,-48.0,-58.0,-58.0,-2.8443694948670637,-1.3048506634946027,-2.9329667390634926,-1.7932640210868838,-2.3245806919470304,-2.905794969203799,-1.9704760495239078,0.7735564176104108,1.4829251934696777,0.5320480536307387,1.2695299569052088,0.6331381613848186,0.6150336198079586,0.2566774561281609,-7.77686071395874,6.278013229370117,1.609700083732605,-7.14,5.64,1.65
1743701027.356127,2c08d2cc-7a1c-9d34-25ea-6265acb43d72,cd7d892b-7d02-0e62-3eeb-6c61f266c17f,6,-74.0,-62.0,-79.0,-70.0,-47.0,-60.0,-60.0,-2.6562294143939797,-1.4890189055179428,-2.9239554008829916,-1.720151993364829,-2.3245806919470304,-2.971678274436628,-1.7947480686266826,0.6833355106763879,1.508864781961213,0.42761851649087035,1.2720837952325403,0.6331381613848186,0.604066994635085,0.09855798227615284,-7.72042417526245,6.228310585021973,1.68376350402832,-7.14,5.64,1.65
1743701028.351249,2c08d2cc-7a1c-9d34-25ea-6265acb43d72,e70fd0ba-2db0-55cb-eb7e-ef942112348f,34,-73.0,-68.0,-73.0,-75.0,-48.0,-56.0,-65.0,-2.588229324384333,-1.4597475693446638,-2.95340144042378,-1.6503670527926113,-2.4459294586798275,-2.7785125053237265,-2.249705435684241,0.7119295384054324,1.4628723894097078,0.4598771204588912,1.2200610738667141,0.46245008712454605,0.41107327045525377,0.8476017076825884,-7.66988182067871,6.174394607543945,1.7439152002334595,-7.14,5.64,1.65
1743701029.336573,2c08d2cc-7a1c-9d34-25ea-6265acb43d72,87acec12-2999-76c2-aae0-a6e5c8d67e2f,35,-73.0,-67.0,-73.0,-75.0,-48.0,-56.0,-68.0,-2.620373945057698,-1.1718505344432826,-2.986274169339173,-1.6071878904586112,-2.4936147489409275,-2.680962184169296,-2.8171480768821464,0.7651069398408893,1.4325419140709044,0.5064463537025072,1.2340177690334382,0.3858806563084542,0.31516728329789223,1.3501896841033298,-7.62904405593872,6.098047256469727,1.7522857189178467,-7.14,5.64,1.65
1743701030.354088,2c08d2cc-7a1c-9d34-25ea-6265acb43d72,14681b49-0fa3-537a-9418-0b5034f50519,20,-75.0,-64.0,-94.0,-73.0,nan,-61.0,-63.0,-2.675502178570665,-1.2355450919185986,-2.8209315467454945,-1.6327097621331677,nan,-2.7173120653541014,-1.7495466179941606,0.8604738063702453,1.4787446963485258,0.4529450452994694,1.37072062410635,nan,0.32027880707508505,0.9664224512204143,-7.592196941375732,6.0553789138793945,1.6928690671920776,-7.14,5.64,1.65
1743701031.336088,2c08d2cc-7a1c-9d34-25ea-6265acb43d72,d7c75c00-84a5-8a93-0c7f-4ec25362b85a,22,-89.0,-64.0,-80.0,-74.0,nan,-58.0,-65.0,-2.72424495073795,-1.2906853096564712,-2.8099515998872064,-1.600176453098705,nan,-2.7218038675525267,-1.6522820791046777,0.9439822823557509,1.468834008667905,0.25812677214263247,1.3376572128569073,nan,0.2884343942518294,0.6589522703879558,-7.578221321105957,6.065831184387207,1.6319011449813843,-7.14,5.64,1.65
1743701032.337744,2c08d2cc-7a1c-9d34-25ea-6265acb43d72,625c64f1-3f51-08ab-4c47-f5a8297f713b,0,-83.0,-61.0,-78.0,-71.0,-45.0,-55.0,-58.0,-2.7020307251372717,-1.4417119766523743,-2.9251889770999164,-1.5869735656785284,-2.471113675663618,-2.794704246400537,-2.2755005345150883,0.8809516509401915,1.5009436087729353,0.24712721776081906,1.368097676748731,0.39474042652282476,0.4300494340137142,0.7465465131861846,-7.561136722564697,6.080626010894775,1.5811870098114014,-7.14,5.64,1.65
1743701033.333827,2c08d2cc-7a1c-9d34-25ea-6265acb43d72,d8d68823-eb0c-7331-d122-758d2957d56c,3,-75.0,-63.0,-77.0,-68.0,-47.0,-55.0,-65.0,-2.7267930632689374,-1.6278652057942045,-3.0119435801381194,-1.5389632959690702,-2.4459294586798275,-2.8155367438732584,-2.1651009997080752,0.8974623841713286,1.4786335093730147,0.14179475249811613,1.347674293823077,0.46245008712454605,0.5344770481802276,0.9457453146311051,-7.538679599761963,6.11097240447998,1.5534372329711914,-7.14,5.64,1.65
1743701034.269273,2c08d2cc-7a1c-9d34-25ea-6265acb43d72,e793b987-d974-8eb3-a3b8-3f11a470c973,1,-79.0,-62.0,-78.0,-68.0,-47.0,-55.0,-58.0,-2.742572559043766,-1.6553660724747987,-3.043226135566626,-1.4873262003290881,-2.45861129206976,-2.77570620471946,-2.502310972076378,0.9125498575368999,1.4445847285202427,0.11795206214750358,1.3458781248258729,0.48204479008681694,0.5282042827195408,0.7454853117930746,-7.508914470672607,6.131638050079346,1.5703543424606323,-7.14,5.64,1.65
1743701035.337887,2c08d2cc-7a1c-9d34-25ea-6265acb43d72,141ef62a-5e03-894f-6df8-72afbc460b4e,2,-78.0,-63.0,-79.0,-68.0,-46.0,-54.0,-61.0,-2.7694180217800914,-1.7521108585521619,-3.0669061650312837,-1.5091936823558376,-2.4402402406027117,-2.759618094318326,-2.359575514684278,0.9703034352524674,1.5047874823323013,0.10508012242703953,1.314951900351219,0.47581605890587403,0.5086264940497297,0.9276657745304513,-7.51913833618164,6.137561798095703,1.6151645183563232,-7.14,5.64,1.65
1743701036.352942,2c08d2cc-7a1c-9d34-25ea-6265acb43d72,ba324040-15c4-898a-d972-1763496a63aa,1,-81.0,-62.0,-79.0,-69.0,-47.0,-54.0,-58.0,-2.74617395178588,-1.9286161208549073,-3.102789863875121,-1.4067996658161444,-2.4402402406027117,-2.7559042545322545,-2.470932054618552,0.8835356495668681,1.4599257348215897,0.16253649968733247,1.3056456170799915,0.47581605890587403,0.5248099120213745,0.8230429432004183,-7.528719902038574,6.152323246002197,1.6682798862457275,-7.14,5.64,1.65
1743701037.337429,2c08d2cc-7a1c-9d34-25ea-6265acb43d72,f38c6300-83cd-e440-357f-61187015ee72,4,-76.0,-63.0,-79.0,-69.0,-47.0,-55.0,-66.0,-2.7258164820972053,-1.8492198319085933,-3.114726151880856,-1.3613143391361902,-2.4402558444685982,-2.860185644493725,-1.934403927113482,0.7918354232263334,1.4944361746493269,0.15907468987585208,1.3357816816592192,0.5223605313123912,0.6265956528488427,0.6515734814113798,-7.527329444885254,6.164111614227295,1.7181518077850342,-7.14,5.64,1.65
1743701038.351623,2c08d2cc-7a1c-9d34-25ea-6265acb43d72,633e719e-70e7-da6b-9129-8aa8ffb62d83,16,-74.0,-63.0,nan,-68.0,-51.0,-63.0,-59.0,-2.785600453827849,-1.8050519710199016,nan,-1.376730579738332,-2.3696713945290324,-2.7843762051122867,-3.0732855920769158,0.8310816958415312,1.5054792384254496,nan,1.361315138084517,0.6053267814052666,0.5805858376491649,0.6969822980052075,-7.519598484039307,6.206293106079102,1.7642110586166382,-7.14,5.64,1.65
1743701039.356047,2c08d2cc-7a1c-9d34-25ea-6265acb43d72,543211c0-4893-93e0-0f2a-9fe6b9d029f9,13,nan,-61.0,-78.0,-68.0,-51.0,-68.0,-61.0,nan,-1.6471141346791338,-3.0619545496165,-1.4090977075207736,-2.295105711382259,-2.7793745083296213,-2.5299898662952613,nan,1.4852772973444357,0.21855411249108847,1.3230489753294958,0.6684151564385666,0.7518794143588546,0.39521408423984306,-7.504751682281494,6.258726119995117,1.8084523677825928,-7.14,5.64,1.65
1743701040.270546,2c08d2cc-7a1c-9d34-25ea-6265acb43d72,37e60618-0237-a237-c3df-2bb3e1fdaec7,31,-79.0,-71.0,-75.0,-73.0,-51.0,-57.0,-69.0,-2.715831492222171,-1.4929468018097003,-3.007244166078566,-1.391950545368135,-2.477662781078292,-2.666724187723561,-2.4764000612487647,0.8565786003808681,1.2838138214118489,0.3105823071198667,1.1621556959690127,0.5356127632237072,0.47436395987682456,0.91859833508584,-7.48223066329956,6.301876068115234,1.8523061275482178,-7.14,5.64,1.65
1743701041.352416,2c08d2cc-7a1c-9d34-25ea-6265acb43d72,9da3e437-e1b8-8258-5958-019d71bb63ea,17,-72.0,-63.0,-81.0,-69.0,nan,nan,nan,-2.890050430729084,-1.4900600683461087,-2.964569939087245,-1.4014532367697554,nan,nan,nan,0.9042679591789716,1.5370628642151896,0.21908130187362648,1.3596555892512343,nan,nan,nan,nan,nan,nan,-7.14,5.64,1.65
1743701042.355498,2c08d2cc-7a1c-9d34-25ea-6265acb43d72,a79488ad-94d0-e8b0-5f36-9f71c5b7af06,34,-73.0,-67.0,-73.0,-75.0,-46.0,-56.0,-67.0,-2.8044404543273966,-1.566891733162677,-2.967759873440942,-1.3825840746562719,-2.516558103449,-2.620911155573369,-2.7045017100169764,0.8640144124604784,1.4602654210186292,0.36718762964193274,1.3232794719218421,0.4378839886229148,0.3371066596490073,1.3212815899099837,-7.448976039886475,6.30885648727417,1.9740978479385376,-7.14,5.64,1.65
1743701043.351805,2c08d2cc-7a1c-9d34-25ea-6265acb43d72,fb72b0f2-d381-f4a8-6ed5-e1d153a4e7e3,34,-73.0,-67.0,-73.0,-75.0,-48.0,-56.0,-67.0,-2.7345311441322715,-1.439289698482893,-2.9583195000088294,-1.38522060413545,-2.515903959545656,-2.593402661375582,2.4972624404899832,0.8249657463981642,1.369051221577034,0.3634608020124758,1.258826845642235,0.37647967735767957,0.2858262674814093,1.483555400537278,-7.410551071166992,6.309293746948242,2.1178512573242188,-7.14,5.64,1.65
1743701044.337804,2c08d2cc-7a1c-9d34-25ea-6265acb43d72,c6ce2068-d164-5e9c-cc4e-521f3a41bb0e,9,-72.0,-61.0,-76.0,-71.0,-49.0,-63.0,-55.0,-2.770366373444269,-1.6075145271663094,-2.962252456306658,-1.4146546594513327,-2.3826537163680555,-2.705078300357774,-2.2038305752680105,0.7625761378569871,1.4865556146676735,0.4901499383600944,1.3448710504596595,0.5468815071417692,0.4820447900928687,0.9256384815110326,-7.386204719543457,6.306818962097168,2.3121817111969,-7.14,5.64,1.65
1743701045.355614,2c08d2cc-7a1c-9d34-25ea-6265acb43d72,361d1c42-7083-f58a-abaa-d381fe3439c9,36,-75.0,-66.0,-74.0,-75.0,-48.0,-57.0,-68.0,-2.684193671104248,-1.4243048899773438,-2.9769847971408674,-1.5245956750461476,-2.4664950221681634,-2.657333422929385,3.141592653589793,0.7446651811037138,1.456022872244079,0.5069374738970315,1.4323003653600346,0.4083905928166095,0.3434038780408252,1.431169986734377,-7.38328504562378,6.299263954162598,2.3927953243255615,-7.14,5.64,1.65
1743701046.350302,2c08d2cc-7a1c-9d34-25ea-6265acb43d72,b375cd04-ce3f-1bb1-6975-2f042f28cfb3,11,-71.0,-60.0,-75.0,-69.0,-50.0,nan,-57.0,-2.7151364071776607,-1.3287996722293582,-2.9568731372208066,-1.4898848323463818,-2.3594945577332034,nan,-2.419922062367315,0.6834972977126101,1.425256836908993,0.6834654063585565,1.4311026086597713,0.584459000185152,nan,0.7123282635272019,-7.383790493011475,6.300847053527832,2.519463539123535,-7.14,5.64,1.65
