1743700528.331028,2c08d2cc-7a1c-9d34-25ea-6265acb43d72,464dae31-f8bd-660d-cf8f-865dac8dc1a5,14,-73.0,-54.0,-76.0,-78.0,-50.0,-72.0,-60.0,-3.111411847904252,-1.4593655388862916,-2.8929455531501094,-2.377011088852949,-2.1895824263547254,-2.5217680964797395,-0.8655387427176009,0.6775907393099506,1.1254619966796284,0.4499588427691636,1.0093717421278205,0.3857995085459252,0.5340655750498186,1.4100548419406131,-6.81453275680542,5.409173011779785,1.126865029335022,-7.14,6.84,1.65
1743700529.328756,2c08d2cc-7a1c-9d34-25ea-6265acb43d72,02ef2e6c-6998-7470-c777-32bee76e73b2,1,-87.0,-52.0,-71.0,-77.0,-54.0,-57.0,-63.0,-3.0655122665167363,-1.469288477107927,-2.9342312079490624,-2.3749332905704694,-2.144863901406079,-2.600569397121053,-1.0978531298140486,0.7267624801498195,1.082352942061325,0.3894667032151541,1.0034772345290939,0.3884285151849785,0.4917412338152868,1.2361637932424743,-6.81170654296875,5.4791483879089355,1.141669511795044,-7.14,6.84,1.65
1743700530.333935,2c08d2cc-7a1c-9d34-25ea-6265acb43d72,e5566135-c5ae-f665-9b21-dc4cec1c0ca8,3,-76.0,-52.0,-72.0,-77.0,-54.0,-57.0,-61.0,-3.06275456320796,-1.4708733242726326,-2.8989666940586694,-2.3817352703106405,-2.094324317017733,-2.6144923620654805,-0.4981825602801953,0.8003677253057564,1.1195564369623776,0.35143120350004703,1.1381787240428116,0.3972015093538234,0.36733247298482247,0.7730584994611572,-6.81091594696045,5.550137519836426,1.157331109046936,-7.14,6.84,1.65
1743700531.331203,2c08d2cc-7a1c-9d34-25ea-6265acb43d72,9d935df7-6c36-6a37-e359-ece2b204555c,4,-73.0,-53.0,-72.0,-76.0,-53.0,-57.0,-61.0,-3.024643130112272,-1.4784256496499344,-2.8635892621380568,-2.446384837352859,-2.0525030840132206,-2.5754907646135936,-0.5363134071188603,0.7494048754747548,1.1527147899046817,0.22720301109198665,1.0907430979175652,0.47521050729850567,0.28282172212628337,0.4767593153299637,-6.814998149871826,5.609826564788818,1.1683186292648315,-7.14,6.84,1.65
1743700532.324865,2c08d2cc-7a1c-9d34-25ea-6265acb43d72,f1f34436-a493-b60c-08c8-42519e771171,24,-76.0,-57.0,-80.0,-75.0,-50.0,-62.0,-57.0,-3.0413304975027082,-1.4167721388340548,-2.778714850829449,-2.350871896437712,-2.089093833580159,-2.6628339110749444,-1.7139287681752342,0.7457881029773454,1.2062515183502176,0.35923369957224754,1.039219186623911,0.5179890972170204,0.3124654824063361,0.7928256220794903,-6.81125259399414,5.680296421051025,1.1729912757873535,-7.14,6.84,1.65
1743700533.264725,2c08d2cc-7a1c-9d34-25ea-6265acb43d72,52331e18-4c54-90ea-7cdb-b75a92b3ccb4,26,nan,-57.0,-77.0,nan,-50.0,-60.0,nan,nan,-1.4381437402658317,-2.705032906634118,nan,-2.1616517129369415,2.9774612582629105,nan,nan,1.2808389373161762,0.4003448174512599,nan,0.49355076280385596,0.2929440753031934,nan,-6.829890251159668,5.732065677642822,1.135204553604126,-7.14,6.84,1.65
1743700534.264939,2c08d2cc-7a1c-9d34-25ea-6265acb43d72,218a289b-a81d-0644-84bb-b1a8bc32ca39,8,nan,-54.0,-75.0,-73.0,-50.0,-65.0,-63.0,nan,-1.4756018999461231,-2.7333119489852336,-2.3369747229213518,-2.1605027953559217,-2.94206942008394,-1.9802239571815077,nan,1.1716699721213752,0.3913159689865915,1.008422724673371,0.5532824127871907,0.27398830902514576,0.7533257754511615,-6.85994577407837,5.7682719230651855,1.049250602722168,-7.14,6.84,1.65
1743700535.265205,2c08d2cc-7a1c-9d34-25ea-6265acb43d72,b56dbaa0-a479-d743-18ae-b24476850737,34,nan,-55.0,-77.0,-74.0,-52.0,-57.0,-71.0,nan,-1.4251288720186144,-2.8209270193716414,-2.3259252675586133,-2.2710353416802773,-2.6541879843930714,2.8684111604139346,nan,1.185760890607039,0.4553193199903023,0.8536519860799529,0.5724287480122062,0.24813311629832843,0.8715684398100303,-6.869253158569336,5.8237886428833,1.0037531852722168,-7.14,6.84,1.65
1743700536.268685,2c08d2cc-7a1c-9d34-25ea-6265acb43d72,e617c16c-a740-b278-3edf-17c7bf5d1874,11,nan,-54.0,-77.0,-77.0,-49.0,-75.0,-60.0,nan,-1.4652033211537998,-2.8433614883944687,-2.4622974911821918,-2.2330813316811495,-2.3484337361663785,-2.3451480390086927,nan,1.149723127894141,0.22519853296326803,0.9145570820504928,0.3411439131756796,0.9633166397130972,1.2756951759360289,-6.86479902267456,5.930013179779053,0.894006848335266,-7.14,6.84,1.65
1743700537.326004,2c08d2cc-7a1c-9d34-25ea-6265acb43d72,44cbf77e-bcad-e85a-3200-26f9a171025a,36,nan,-56.0,-75.0,-76.0,-53.0,-57.0,-83.0,nan,-1.4681229446568536,-2.8619745875691414,-2.5036926019019474,-2.355720658709458,-2.408226031253532,-2.38341780400821,nan,1.23015578597866,0.20242216399074484,0.9014118520679161,0.47438892250087866,0.5416016548439568,0.8794947604591942,-6.89612340927124,6.06585168838501,0.6803889870643616,-7.14,6.84,1.65
1743700538.334085,2c08d2cc-7a1c-9d34-25ea-6265acb43d72,b86ffeb5-a9c2-8cbe-eb1f-3cdb7382a073,14,-74.0,-54.0,-79.0,-75.0,-50.0,-65.0,-58.0,2.917080184212843,-1.4569798791817987,-2.877247550104637,-2.6078930406090417,-2.3203314367178534,-2.4764564685441397,2.0641877298284736,0.7295482798080968,1.1523942784674908,0.14738038334466427,0.9564571281129274,0.32081260827309876,0.5835339435448968,1.3524164488563022,-6.854373931884766,6.187134742736816,0.418157309293747,-7.14,6.84,1.65
1743700539.334992,2c08d2cc-7a1c-9d34-25ea-6265acb43d72,ffac3c2b-4eeb-d70a-e18a-40b8c712effe,27,-83.0,-57.0,-79.0,-77.0,-50.0,-60.0,-60.0,2.9714422262801943,-1.4740305017449218,-2.895629220580582,-2.5391238296765795,-2.274277487149777,-2.4530670994444588,-0.7192036265821602,0.6822536014835432,1.1722291027922374,0.1867774741013448,1.022968444494193,0.42530250783504575,0.3895914077203736,0.9956202432300857,-6.851541996002197,6.264890670776367,0.3872281312942505,-7.14,6.84,1.65
1743700540.326944,2c08d2cc-7a1c-9d34-25ea-6265acb43d72,0217befc-53a5-48ba-b1dc-a597efe8673f,35,-89.0,-56.0,-74.0,-74.0,-54.0,-57.0,-74.0,2.9874073443830014,-1.424044965454952,-2.943959202778904,-2.4733349623200254,-2.3736305159348414,-2.4094423861646956,-0.684246476130501,0.6952598810362449,1.159478420125156,0.23317500003367803,0.927699582292952,0.48158118373733977,0.2780964962353479,0.576526052673547,-6.850026607513428,6.296587944030762,0.37898239493370056,-7.14,6.84,1.65
1743700541.325223,2c08d2cc-7a1c-9d34-25ea-6265acb43d72,9b14fe5d-7e29-058b-21ea-56a72458469e,15,-74.0,-55.0,nan,nan,-51.0,-61.0,-58.0,3.009902000846465,-1.4030291623448097,nan,nan,-2.3668455179437613,-2.456640144096094,0.07676843882800449,0.5401117725163624,1.1056350286800976,nan,nan,0.4055694238678773,0.43553386997830407,1.0983632584746086,-6.842177391052246,6.284690856933594,0.2810424566268921,-7.14,6.84,1.65
1743700542.326185,2c08d2cc-7a1c-9d34-25ea-6265acb43d72,92754bd0-5c67-521f-e26e-392580b80d16,6,-71.0,-53.0,nan,-74.0,-51.0,-63.0,-65.0,3.060240539138925,-1.419385365653695,nan,-2.4508669374674628,-2.19326773897359,-1.7037968480660255,-0.49599339161074646,0.7158953181636967,1.1606902915791966,nan,0.8770080419980022,0.4834281148661098,0.9005906843859173,0.9530677817329013,-6.841397285461426,6.28222942352295,0.277435690164566,-7.14,6.84,1.65
1743700543.332059,2c08d2cc-7a1c-9d34-25ea-6265acb43d72,a8f51db6-35bc-39fd-1931-88af1d5fbb9f,17,-75.0,-57.0,nan,-83.0,-53.0,-64.0,-60.0,3.0940754681561633,-1.4622560007754093,nan,-2.4114790512612996,-2.217304759402123,-2.323654481418131,0.5034839079197402,0.6142698233355727,1.2311972151229356,nan,0.8862735123255242,0.48239679065902946,0.6664784760561362,1.3524164487245551,-6.840991973876953,6.28830623626709,-0.0034910067915916443,-7.14,6.84,1.65
1743700544.339862,2c08d2cc-7a1c-9d34-25ea-6265acb43d72,18150c9d-12a1-5169-a25f-171f5573fef7,5,-70.0,-52.0,nan,-73.0,-52.0,-59.0,-67.0,-3.130935748171732,-1.4943369718987216,nan,-2.4510376460933365,-2.1140472574272993,-1.5209958905971714,-1.8852721045366145,0.7652137326006014,1.2258784829518836,nan,0.8825908265911353,0.4914778971478252,0.9590616391036163,1.2951525658779515,-6.836371898651123,6.326775550842285,-0.2551199495792389,-7.14,6.84,1.65
1743700545.334714,2c08d2cc-7a1c-9d34-25ea-6265acb43d72,d0695b80-7a02-84f1-3ab9-b449d648bb62,12,-73.0,-53.0,nan,-76.0,-49.0,-73.0,-62.0,-3.085084902632165,-1.4712119452052368,nan,-2.4620697909089904,-2.194324449651181,-1.1493672326094637,-1.2392723436699158,0.6896556579963365,1.1758736387440107,nan,1.1201115728916045,0.3374267985616695,0.9908942382359703,1.0324358765119652,-6.861571311950684,6.36444616317749,-0.0634986460208893,-7.14,6.84,1.65
1743700546.33243,2c08d2cc-7a1c-9d34-25ea-6265acb43d72,11a0d25b-d96a-f802-b8ed-5dc1eac58e5c,29,-85.0,-55.0,-77.0,-75.0,-49.0,-61.0,-61.0,-3.1127548800419786,-1.4709032848348964,-3.0122820679126687,-2.4818791820453265,-2.2289120343258335,-2.245639251143364,-0.8170119614618829,0.6731905979778945,1.237385735706007,0.4763996048883381,0.9876774321509536,0.3912763828232947,0.8248281994303,0.6331381613038295,-6.906607627868652,6.31297779083252,0.07364577800035477,-7.14,6.84,1.65
1743700547.323308,2c08d2cc-7a1c-9d34-25ea-6265acb43d72,56fa9d06-b7d4-5759-ef9b-00277f14c102,36,-93.0,-56.0,-76.0,-76.0,-53.0,-57.0,-62.0,-3.078881335188934,-1.440054425189909,-3.0716915991940477,-2.477530239985227,-2.391603445410223,-2.3785425399203275,-1.5707963266247664,0.5706501741572738,1.2441605512030596,0.45224227037731113,0.9192479074155311,0.4435862851322246,0.5140284874076165,0.9424777960769379,-6.961324214935303,6.22187852859497,0.32661765813827515,-7.14,6.84,1.65
1743700548.332401,2c08d2cc-7a1c-9d34-25ea-6265acb43d72,609f5ee9-f38a-e1e3-e5af-e1db8a94c624,32,-85.0,-55.0,-79.0,-72.0,-50.0,nan,-66.0,-3.005577559868394,-1.4641119577390855,-2.9691950509523855,-2.4697689896204094,-2.355720658709458,nan,-0.8857689262131156,0.7008436643147867,1.2469016097550236,0.4282852721592853,0.8663871558336844,0.47438892250087866,nan,0.6806951093057623,-7.017123222351074,6.10926055908203,0.660578429698944,-7.14,6.84,1.65
1743700549.325568,2c08d2cc-7a1c-9d34-25ea-6265acb43d72,8e6a6a95-e6d6-7785-1f99-0d83f3563477,35,-99.0,-56.0,-78.0,-75.0,-53.0,-57.0,-70.0,-2.942758649759496,-1.4691573164242404,-2.9672357633384143,-2.4611704414088704,-2.4466153820489236,-2.372881832550102,-0.7377381355198545,0.7186273885469816,1.2538247633247936,0.42764458218003953,0.8775705681992542,0.5089906100195455,0.33719663970536723,0.46295199318252706,-7.014723300933838,6.008939743041992,0.7809549570083618,-7.14,6.84,1.65
1743700550.325537,2c08d2cc-7a1c-9d34-25ea-6265acb43d72,6531a2fb-0c3b-d1c1-c3ed-5a7b9ce665e6,7,-70.0,-52.0,-77.0,-72.0,-51.0,-67.0,-68.0,-2.981916971479694,-1.4250801361706658,-2.937576138278202,-2.4564028504254103,-2.2781226365927436,-1.9334034436183805,-0.7264667793789538,0.7297295079202767,1.1075329304309423,0.4056177765410759,0.9050961356989591,0.5293811300580165,0.8909622637947632,0.4369879081266198,-6.96955156326294,5.865434169769287,0.8781880736351013,-7.14,6.84,1.65
1743700551.332161,2c08d2cc-7a1c-9d34-25ea-6265acb43d72,d1a64d0e-2d1f-8a99-99d3-025241b1ca69,35,-96.0,-56.0,-78.0,-75.0,-53.0,-56.0,-75.0,-2.9963190803387336,-1.401098237396448,-2.89610486115127,-2.7411757310520195,-2.3898346647342077,-2.2536748018201487,-0.6179808254144848,0.6900141860580885,1.245032336985897,0.4502039201684781,0.9445895496633164,0.534174705948654,0.5629227755153587,0.3481060317577347,-6.874072551727295,5.804365158081055,1.0584861040115356,-7.14,6.84,1.65
1743700552.326774,2c08d2cc-7a1c-9d34-25ea-6265acb43d72,c9459fdc-1d70-4ca5-971d-bb0cdb53a03f,17,-78.0,-57.0,-81.0,-83.0,-52.0,-61.0,-58.0,-3.1334103574566337,-1.4253258127812258,-2.853278301345597,-2.621926834289323,-2.335630589294335,-2.3719842617376594,-0.15927537457751864,0.7194292663512044,1.2252503764087885,0.4199338985864195,1.0375665620094625,0.5110275761116211,0.39306581237008714,0.9890041897526589,-6.860304832458496,5.7534565925598145,1.1106382608413696,-7.14,6.84,1.65
1743700553.33237,2c08d2cc-7a1c-9d34-25ea-6265acb43d72,0818753a-400e-748d-063d-cf523d76fc86,25,-74.0,-57.0,nan,-78.0,-49.0,nan,-58.0,3.121530528466008,-1.4562728099123825,nan,-2.3995848412007876,-2.279499226459801,nan,-2.2260468585449464,0.7454767128668881,1.2160571443258348,nan,0.9794240296166891,0.5611251901679769,nan,1.008646527611914,-6.85537052154541,5.621262550354004,1.385727047920227,-7.14,6.84,1.65
1743700554.334968,2c08d2cc-7a1c-9d34-25ea-6265acb43d72,3019a6e3-d666-6f5e-06c0-0b4c7198f7bb,4,-73.0,-52.0,nan,-75.0,-53.0,-61.0,-64.0,-3.108238957781532,-1.4521719413078238,nan,-2.422848618587066,-2.128657781176393,-1.6598444217012214,-1.1823916890277295,0.7465162777984004,1.1887231246875338,nan,0.934726599145235,0.5314960207441727,0.9044595290899121,1.0965920619340368,-6.846825122833252,5.480877876281738,1.6406251192092896,-7.14,6.84,1.65
1743700555.327126,2c08d2cc-7a1c-9d34-25ea-6265acb43d72,e27ba074-6272-5607-bbdd-f61625a53c60,9,-69.0,-54.0,nan,-78.0,nan,-68.0,-78.0,-3.0931763849721525,-1.4678743385690947,nan,-2.4036653366230074,nan,-1.2125680795741185,-1.0110779105409187,0.680882539575343,1.1677511305773236,nan,0.9863031078704182,nan,0.9884930078825409,0.8501254706281056,-6.83711290359497,5.3378496170043945,1.4411576986312866,-7.14,6.84,1.65
1743700556.327176,2c08d2cc-7a1c-9d34-25ea-6265acb43d72,4543a182-47e1-ebe8-7a76-42cffb197d25,26,-76.0,-57.0,nan,-79.0,-48.0,nan,nan,-3.083417497473666,-1.484030538480115,nan,-2.398545143111221,-2.1856912568050775,nan,nan,0.6742165142088202,1.1304707368997948,nan,1.0660273651049756,0.55399845876599,nan,nan,nan,nan,nan,-7.14,6.84,1.65
1743700557.33355,2c08d2cc-7a1c-9d34-25ea-6265acb43d72,82c9f041-a487-e18b-01e7-15ddf0367163,28,-81.0,-55.0,nan,-79.0,-48.0,-59.0,-61.0,-3.138590738409056,-1.4541927479429761,nan,-2.364605285547033,-2.2028276286165465,-2.204985501931762,-0.9449576786431166,0.6655326782633716,1.147105773174811,nan,1.035341424339674,0.5336161290234964,0.7784130455556807,0.733928766084214,-6.671308517456055,5.146197319030762,1.3273506164550781,-7.14,6.84,1.65
1743700558.332412,2c08d2cc-7a1c-9d34-25ea-6265acb43d72,ec7818b5-3fef-5e66-3c6e-1e70652d4815,4,-71.0,-52.0,-71.0,-73.0,-54.0,-58.0,-64.0,-3.099638012725012,-1.4371782112126235,-2.912305136378331,-2.397846329641184,-2.110781260194466,-1.2821596454507054,-1.442294630182563,0.6674414989746859,1.17287132408911,0.416059997885763,1.0279096070016989,0.5497112655705587,0.9293841398223762,0.971766157506856,-6.54088592529297,5.07181692123413,1.2802084684371948,-7.14,6.84,1.65
1743700559.335227,2c08d2cc-7a1c-9d34-25ea-6265acb43d72,2e6dc319-d360-7151-4835-3a090ce3ad12,8,-69.0,-53.0,-78.0,-74.0,-50.0,-64.0,-70.0,-3.068280622469874,-1.4661874923346387,-2.8974132721948256,-2.4144234421624913,-2.132496409227496,-1.015286824598096,-1.0594790042240265,0.7021071345149476,1.1221885722257574,0.4503812201180502,0.9931042220832353,0.5817958088470427,0.9416061829639389,0.7870295067780485,-6.455041885375977,5.02426528930664,1.2496811151504517,-7.14,6.84,1.65
1743700560.327105,2c08d2cc-7a1c-9d34-25ea-6265acb43d72,97d983d5-036d-2a5b-bddd-0b898d59220f,17,-75.0,-57.0,-80.0,nan,-51.0,-62.0,nan,-3.1334942470309715,-1.4255437925164487,-2.881583708991504,nan,-2.1693382088328312,-2.130514742792042,nan,0.5416415921150448,1.0856547291808052,0.4126265174503783,nan,0.5435120867468028,0.8501254707078925,nan,nan,nan,nan,-7.14,6.84,1.65
1743700561.332933,2c08d2cc-7a1c-9d34-25ea-6265acb43d72,d69f3be4-cc83-64a9-03ce-b27d6e083c1b,31,-79.0,-55.0,-79.0,-74.0,-50.0,-56.0,-62.0,-3.1187507209201835,-1.4170238075570674,-2.884642615819569,-2.1710861523042073,-2.211044667253713,-2.32844504706848,-0.9207493002814159,0.6781842247588747,1.1908564498787422,0.4432137880972926,0.9770827781233731,0.5539984587670695,0.5230674580724515,0.6590921117469535,-6.26215362548828,4.957403659820557,1.1848113536834717,-7.14,6.84,1.65
1743700562.337502,2c08d2cc-7a1c-9d34-25ea-6265acb43d72,b046e2ec-b575-94bb-834a-0b3d86395e7b,26,-77.0,-56.0,-87.0,-77.0,-47.0,-59.0,-60.0,-3.091581684111413,-1.428144369320911,-2.7879022239580045,-2.1347477187042396,-2.219575092385715,-2.399389790067566,-0.9147766401312525,0.7085089077223071,1.1416638698033437,0.416279309201531,0.9955835584790718,0.5435120867489115,0.3734694681227302,0.5954224058480548,-6.279564380645752,4.992865085601807,1.028890609741211,-7.14,6.84,1.65
1743700563.265505,2c08d2cc-7a1c-9d34-25ea-6265acb43d72,c75d897f-947d-b44e-1c48-705525d62ae3,0,-83.0,-51.0,-69.0,-78.0,-53.0,-59.0,-62.0,-3.106966499412692,-1.449071755482863,-2.887906053419352,-2.03216874562684,-2.1837120426203707,-2.5299898662952613,-0.8845646183863646,0.8056236734541097,1.1003750857901091,0.40938631593110614,1.0528698180023575,0.39588167474115876,0.39521408423984306,0.8935350096285111,-6.35374116897583,4.976225852966309,0.9100820422172546,-7.14,6.84,1.65
1743700564.326064,2c08d2cc-7a1c-9d34-25ea-6265acb43d72,c142eb67-e264-e661-4cef-d38d3d68eb97,15,-74.0,-55.0,-80.0,-84.0,-51.0,-62.0,-58.0,-3.139747881902695,-1.4184782929864141,-2.8978132789905557,-2.034635232270417,-2.2859152428727207,-2.495709490746506,2.912157038745713,0.6431181829487197,1.0545107247080099,0.461853984936057,1.0923489174758556,0.4025660375368858,0.494080679308986,1.1775125986269956,-6.36940574645996,4.905606746673584,0.8307281732559204,-7.14,6.84,1.65
1743700565.326413,2c08d2cc-7a1c-9d34-25ea-6265acb43d72,fadb40b4-c83e-7080-0a50-5a43ec7d7ede,20,-78.0,-57.0,nan,-78.0,-52.0,-62.0,-58.0,-3.1399140631547158,-1.3860617635657515,nan,-2.1794765744765567,-2.2358786432519135,-2.4876321823962924,-2.62262851091106,0.5651412922843904,1.0744771757696336,nan,1.0795560237054964,0.5221929494500035,0.3396733809106171,0.6635760416517261,-6.377112865447998,4.754716873168945,0.7865124940872192,-7.14,6.84,1.65
1743700566.332696,2c08d2cc-7a1c-9d34-25ea-6265acb43d72,4421ce18-0873-83a7-20cc-9c76903ccc5d,8,-70.0,-53.0,nan,-74.0,-51.0,-72.0,-73.0,-3.015766547882928,-1.4411547101942754,nan,-2.284448664109501,-2.1537427306127848,-1.9500489548634221,-1.5449278417819476,0.6863700495804786,1.1375575417185502,nan,1.1217423595851146,0.50321634837366,0.9443116766976547,0.9771586176787334,-6.383769989013672,4.602970600128174,0.7422624826431274,-7.14,6.84,1.65
1743700567.326649,2c08d2cc-7a1c-9d34-25ea-6265acb43d72,fffb2abc-2aee-b527-e4bf-f310a74f8ce0,13,-75.0,-54.0,nan,-80.0,-50.0,-77.0,-56.0,-3.101581854004661,-1.4381272286670732,nan,-2.3835243819309557,-2.2345101571864814,-1.8073384982303144,0.6683914425945671,0.6189417402568714,1.1466564978989149,nan,1.2366859901295884,0.3805626552743184,1.030579735948952,1.1993262254575272,-6.389386177062988,4.450313091278076,0.698098063468933,-7.14,6.84,1.65
1743700568.332736,2c08d2cc-7a1c-9d34-25ea-6265acb43d72,a83750d5-9538-f3d0-9e68-cd291946a0de,35,-89.0,-56.0,nan,-77.0,-54.0,-57.0,-67.0,-3.1088054121453914,-1.4357198641996964,nan,-2.321378985261739,-2.3248062702248116,-2.3423295001839315,0.42771838777983584,0.5260965876741979,1.1871257606657046,nan,1.2018985815484833,0.49113161989772597,0.6760062651365593,0.8969869401998289,-6.610296249389648,4.397167205810547,0.662382483482361,-7.14,6.84,1.65
1743700569.3273,2c08d2cc-7a1c-9d34-25ea-6265acb43d72,009e3676-84b5-108f-5007-2f4b40335c82,27,-81.0,-55.0,nan,-84.0,-49.0,-60.0,nan,-2.9893264182645125,-1.4515652732115039,nan,-2.247445106027286,-2.251011303590342,-2.415125874064215,nan,0.5745133556345428,1.16527439076355,nan,1.0833380453485453,0.4286319892260177,0.4369879081898923,nan,nan,nan,nan,-7.14,6.84,1.65
1743700570.337031,2c08d2cc-7a1c-9d34-25ea-6265acb43d72,840cc2db-f27b-7fc7-b4a2-909fb153caab,36,-89.0,-56.0,-75.0,-73.0,-52.0,-57.0,-62.0,-2.946883353655811,-1.4005672030750862,-2.926860909632268,-2.2410372741284466,-2.385230112751072,-2.4734182410594987,2.0716001306458076,0.5163092709310748,1.1940507784482377,0.36017898860117126,1.0797175444256095,0.5013739588138157,0.321624442447525,0.9221537154307089,-6.7452006340026855,4.375047206878662,0.694822669029236,-7.14,6.84,1.65
1743700571.265352,2c08d2cc-7a1c-9d34-25ea-6265acb43d72,8b99d9a8-ed1b-11b0-c427-6b424bf14745,5,-70.0,-52.0,-72.0,-74.0,-51.0,-59.0,-63.0,-2.8882589222637876,-1.4625682564132207,-2.932858881039344,-2.2710854543917014,-2.2360448912795974,-2.468699346067883,3.141592653589793,0.7411297681776061,1.1780421176616078,0.262136943467317,1.116176885539067,0.584712473478281,0.2630328584932135,1.134464013886945,-6.919551372528076,4.355628490447998,0.804504692554474,-7.14,6.84,1.65
1743700572.265612,2c08d2cc-7a1c-9d34-25ea-6265acb43d72,025b3b14-c013-6781-8ad5-d3b1ae378718,29,-86.0,-56.0,-76.0,-79.0,-47.0,-59.0,-56.0,-2.959627911052385,-1.43443156002237,-2.9045446849618406,-2.247612086227634,-2.231445704834686,-2.4742208300241515,-2.537974654704448,0.7200051749369342,1.1926114730371042,0.4023319683881361,1.0439924368246873,0.461170593821747,0.23567401882138966,0.8115684448439394,-7.244226932525635,4.36376667022705,0.8657425045967102,-7.14,6.84,1.65
1743700573.337562,2c08d2cc-7a1c-9d34-25ea-6265acb43d72,0c325714-1752-9f87-e4dd-6b50797aab9b,29,-82.0,-56.0,-76.0,-80.0,-50.0,-58.0,-56.0,-2.934665569522854,-1.4241962330048688,-2.9442558789243383,-2.303248983508807,-2.210922309541697,-2.476732636366056,-2.3610968687794323,0.720999932183106,1.2647800759429981,0.5118341949038466,1.069289271387132,0.4229330807854587,0.22195161283894818,0.6177812823299504,-7.269708156585693,4.234973430633545,0.9166892766952515,-7.14,6.84,1.65
1743700574.335178,2c08d2cc-7a1c-9d34-25ea-6265acb43d72,762bfb09-2d75-78bb-6347-8d4978c45796,14,-75.0,-54.0,-76.0,-79.0,-47.0,-65.0,-55.0,-3.0180390232410934,-1.4244674759618934,-2.9773563081129333,-2.374451791045383,-2.2859152428727207,-2.4696837911955267,3.0849326326127193,0.7219139290692211,1.174051370768124,0.364688818880625,1.1137827037190857,0.4025660375368858,0.4548448913905174,0.9067918938542352,-7.30303716659546,4.10486888885498,0.9606462717056274,-7.14,6.84,1.65
1743700575.334628,2c08d2cc-7a1c-9d34-25ea-6265acb43d72,bd69b9a4-90b7-d6a0-f712-28b8a487511f,1,-80.0,-51.0,-69.0,-76.0,-54.0,-59.0,-65.0,-2.934080473031364,-1.4821864325832892,-2.9787411518797744,-2.3827957410567104,-2.217304759402123,-2.559806823010279,-2.8158672457778295,0.8288756663525642,1.1431560389621147,0.2741605665120499,1.1758749703245557,0.48239679065902946,0.3561211089752629,0.8635646551102032,-7.31669044494629,4.030447483062744,1.02244770526886,-7.14,6.84,1.65
1743700576.26623,2c08d2cc-7a1c-9d34-25ea-6265acb43d72,012a5195-5a89-b53d-5b4e-7251f14ef70b,28,-84.0,-56.0,-76.0,-84.0,-50.0,-60.0,-58.0,-3.035685128623958,-1.476550118452246,-2.893812678401039,-2.3746291575739824,-2.2289120343258335,-2.483426646008002,-1.7788264080293554,0.809150098211538,1.170182330336457,0.30592706824489446,1.101885098128184,0.3912763828232947,0.280358436748023,1.0344279741106064,-7.31829071044922,4.135338306427002,1.0789871215820312,-7.14,6.84,1.65
1743700577.327205,2c08d2cc-7a1c-9d34-25ea-6265acb43d72,b39e6daf-dc55-5d19-82cd-1f0dd2dc329e,33,-88.0,-55.0,-77.0,-74.0,-51.0,-57.0,-63.0,-3.0040257359012053,-1.4567678915590285,-2.8885561310414403,-2.3938308153495624,-2.2655662813931277,-2.4742208300241515,-0.9664437344195802,0.7564600552555656,1.1755937405134433,0.3175729385337565,1.0260941300865918,0.47828330660571455,0.23567401882138966,0.7000856601613333,-7.318498611450195,4.30072832107544,1.1421797275543213,-7.14,6.84,1.65
1743700578.332769,2c08d2cc-7a1c-9d34-25ea-6265acb43d72,efc6f7fd-db99-403c-ea45-c14d3fa6dd91,14,-76.0,-54.0,-76.0,-79.0,-51.0,-71.0,-56.0,-3.0513687505995435,-1.3969239987038577,-2.8799208312068583,-2.3651325914428685,-2.308977879802006,-2.416037450746261,1.892257429038775,0.6880706110945487,1.139951457222422,0.2819031248149668,1.1657364492126787,0.44034365320335905,0.48254274773603467,1.5156066922379876,-7.315054416656494,4.489167213439941,1.196722149848938,-7.14,6.84,1.65
1743700579.327488,2c08d2cc-7a1c-9d34-25ea-6265acb43d72,887ee19a-1c7d-39f9-bfb4-dee1c74347b5,23,-79.0,-57.0,-79.0,-75.0,-48.0,-61.0,-59.0,-3.058679926740138,-1.3693123445219162,-2.8532303644459756,-2.3883204687380797,-2.251198608543294,-2.5535900499806874,-2.5645955889927383,0.7486559279971974,1.1981897302563842,0.3999322937984066,1.035443157093315,0.5004395108672411,0.44783239696496147,0.8931339743454769,-7.40353775024414,4.67430305480957,1.320514440536499,-7.14,6.84,1.65
1743700580.267412,2c08d2cc-7a1c-9d34-25ea-6265acb43d72,9736c5eb-4908-1a22-37e0-a8b326afc944,4,-73.0,-52.0,-70.0,-75.0,-53.0,-57.0,-71.0,-3.0650113259156924,-1.3888877769564891,-2.8336438798928785,-2.3601753833897954,-2.1297358527597514,-2.5452142230490176,-2.38269191752326,0.732022489618835,1.1514403341650243,0.4046278129848662,1.065937017364995,0.5021740093075155,0.33774336288359835,0.9383989113716831,-7.5471038818359375,4.730539321899414,1.2986137866973877,-7.14,6.84,1.65
1743700581.326714,2c08d2cc-7a1c-9d34-25ea-6265acb43d72,b5752339-7c7b-3463-5ac4-0cf1690483e1,35,-86.0,-56.0,-75.0,-75.0,-55.0,-57.0,-66.0,-3.0144347010217794,-1.3992504030740964,-2.862288307945553,-2.432128137089338,-2.2620855198464898,-2.4864151437965343,-2.82221438836247,0.6676150704987318,1.2947656719206362,0.4494807387744671,1.0750238561623995,0.5518521410785092,0.2665347862578054,0.9176126897831354,-7.6176018714904785,4.762672424316406,1.1956634521484375,-7.14,6.84,1.65
1743700582.326615,2c08d2cc-7a1c-9d34-25ea-6265acb43d72,75cc7d21-c328-4510-d105-febd7135c784,2,-79.0,-51.0,-69.0,-75.0,-55.0,-57.0,-70.0,-2.9496719496332324,-1.4443904509187215,-2.877995099422622,-2.3741985244257164,-2.1857113292849295,-2.5984347132229733,-2.3659095235504757,0.6943711841804854,1.1354693571078192,0.40633040515926755,1.0493448579835287,0.49355076280479493,0.2559879865182337,1.1661942956589118,-7.616324424743652,4.78990650177002,1.1780571937561035,-7.14,6.84,1.65
1743700583.326701,2c08d2cc-7a1c-9d34-25ea-6265acb43d72,fe084172-e540-f23a-3971-13a5f9265bce,28,-90.0,-55.0,-77.0,-81.0,-52.0,-59.0,-61.0,-2.9560499541278635,-1.4420243654482408,-2.8646950066226573,-2.3510508608629657,-2.210922309541697,-2.5474457706781024,-1.1550407235383748,0.6409967088243624,1.1612520854111485,0.5442529880114356,1.026263307394839,0.4229330807854587,0.233278993250513,1.051502979528967,-7.63330316543579,4.91677474975586,1.2651396989822388,-7.14,6.84,1.65
1743700584.327153,2c08d2cc-7a1c-9d34-25ea-6265acb43d72,853163b5-d086-c141-6f58-961592db848e,11,-72.0,-54.0,-75.0,-78.0,-51.0,-69.0,-60.0,-2.998523378772992,-1.4029482022476711,-2.8773905618551745,-2.386271166279264,-2.251011303590342,-2.184801723750022,-1.1094555793681848,0.6335780741337834,1.1098460189957309,0.4534336687804717,1.125907144055835,0.4286319892260177,0.9358300255741981,0.8337871823299017,-7.479304790496826,5.01824951171875,1.3329616785049438,-7.14,6.84,1.65
1743700585.265064,2c08d2cc-7a1c-9d34-25ea-6265acb43d72,8b4e03ba-29e1-4e76-db6d-6e939f98fdc5,21,-82.0,-57.0,-84.0,-77.0,-51.0,-63.0,-60.0,-3.005233213139447,-1.3786846741881775,-2.863570620010426,-2.3516764374030252,-2.219575092385715,-2.461667425410096,-1.898878811591212,0.6580181031945223,1.1909304857570464,0.4562000606523051,1.0795034262739676,0.5435120867489115,0.610841359259629,0.8435992316928531,-7.448477268218994,5.09803295135498,1.293772578239441,-7.14,6.84,1.65
1743700586.333121,2c08d2cc-7a1c-9d34-25ea-6265acb43d72,255a6360-9f2c-8d26-e95e-5022e5e948d0,11,-72.0,-54.0,-76.0,-77.0,-50.0,-74.0,-56.0,-2.922023543828248,-1.3952079908554649,-2.8960822242820043,-2.3765437040816404,-2.251198608543294,-2.0312495661088508,-1.593952312584234,0.7026565446478308,1.227928451200972,0.3525121805865102,1.1575100777634784,0.5004395108672411,1.0594695183539748,0.9248224153014815,-7.434712886810303,5.1607842445373535,1.2928887605667114,-7.14,6.84,1.65
1743700587.264398,2c08d2cc-7a1c-9d34-25ea-6265acb43d72,bf488bfc-f90a-7c63-50bb-3d449f7a9d5e,9,-69.0,-55.0,-75.0,-73.0,-51.0,-62.0,-63.0,-3.0132274900996467,-1.4250809351189928,-2.894029992345989,-2.4151680620032776,-2.252962620623791,-2.4882919156168537,-1.4750781747211987,0.7070341156896487,1.1602632536984023,0.295161073090681,1.1730706616967024,0.5314960207492968,0.6881889127071266,0.9391326933010474,-7.43242883682251,5.190556049346924,1.291824221611023,-7.14,6.84,1.65
1743700588.333478,2c08d2cc-7a1c-9d34-25ea-6265acb43d72,5ab74cb4-ae4d-2c50-b899-3220d6146aac,18,-79.0,-57.0,-84.0,-81.0,-51.0,-61.0,-57.0,-3.047014748533373,-1.408199556443144,-2.9029177598519107,-2.536447885413268,-2.2365227465996376,-2.5350303894003376,-2.0464018923246563,0.6133807935846768,1.2155787074360023,0.27139315931005087,1.0323731981467261,0.5532824127904231,0.4429245711834897,0.6511591895637656,-7.429343223571777,5.186854362487793,1.2903642654418945,-7.14,6.84,1.65
1743700589.336725,2c08d2cc-7a1c-9d34-25ea-6265acb43d72,dd4e60ab-98ba-280b-9cf8-bdad251d7684,31,-81.0,-56.0,-76.0,-75.0,-50.0,-56.0,-60.0,-2.9373439106311467,-1.3497683373882063,-2.868368837346422,-2.5040356170503495,-2.252962620623791,-2.4912927516347336,-2.310712711566713,0.7272215425427216,1.2616930727654327,0.347425709352027,0.97940292406505,0.5314960207492968,0.32580147616927574,0.5148495139379403,-7.276618480682373,5.136818885803223,1.2017096281051636,-7.14,6.84,1.65
1743700590.336325,2c08d2cc-7a1c-9d34-25ea-6265acb43d72,604a4aed-f077-22fb-e62e-f5f814a4f3ee,15,-76.0,-55.0,-78.0,-79.0,-51.0,-64.0,-56.0,-3.0298336310768357,-1.4540714409553233,-2.8652430851749955,-2.5603225919536103,-2.310712711566713,-2.5116718391814663,3.093880763662104,0.640313275109621,1.1684263750717132,0.3435837332949378,1.03387815047873,0.5148495139379403,0.45201278576404247,0.7499236657799582,-7.137683391571045,5.0880327224731445,1.1126916408538818,-7.14,6.84,1.65
1743700591.32747,2c08d2cc-7a1c-9d34-25ea-6265acb43d72,3f95a900-112c-c1a3-abd6-ea4c30059071,20,-81.0,-57.0,-93.0,-77.0,-52.0,-62.0,-58.0,-3.0801106503481153,-1.4708028836618006,-2.73155985530407,-2.7076409402896324,-2.226816013267113,-2.527191167972995,-2.6562513868452626,0.631678973960448,1.1397743570099323,0.29332192733138596,1.0687505804776363,0.5954224059164759,0.3338625071859943,0.6384883776573268,-7.11213731765747,5.049848556518555,1.0452239513397217,-7.14,6.84,1.65
1743700592.336465,2c08d2cc-7a1c-9d34-25ea-6265acb43d72,12c69bd7-6a91-dc5a-b355-db69abdfd43a,10,-69.0,-56.0,-76.0,-76.0,-51.0,-68.0,-62.0,-3.0947447205381,-1.4706546787471375,-2.941003626601134,-2.701529784536228,-2.252962620623791,-2.593402661375582,-2.0561639879612073,0.620779321409026,1.1311489108713835,0.28708606905993816,1.002172019278846,0.5314960207492968,0.2858262674814093,0.9906874641394209,-7.111671447753906,5.02587080001831,1.0033730268478394,-7.14,6.84,1.65
1743700593.26602,2c08d2cc-7a1c-9d34-25ea-6265acb43d72,17049d97-4a44-4568-698a-15b7515e7546,28,-85.0,-56.0,-76.0,-81.0,-49.0,-58.0,-59.0,-3.0092868106346566,-1.4567312730940396,-2.9453240728375696,-2.5810896558179395,-2.2484318844849844,-2.527299796473606,-2.2120802211190083,0.76185115882924,1.221809838596515,0.3242781123683035,0.9706506448795864,0.46978569167294576,0.24482559921158753,0.8234833531584689,-7.20195484161377,5.01955795288086,1.00586998462677,-7.14,6.84,1.65
1743700594.326585,2c08d2cc-7a1c-9d34-25ea-6265acb43d72,01ff2df1-d50c-e9f2-2485-f6e6477d356d,36,-85.0,-56.0,-73.0,-76.0,-56.0,-56.0,-63.0,-2.986247271412163,-1.444711095513967,-2.9864928148646683,-2.565757304790135,-2.3569606226810844,-2.494376004303801,-2.514689587589971,0.7291285656203003,1.1845273143901143,0.3432113900850311,0.9247067884389482,0.5514842793772273,0.22488607283792675,0.9136212798995219,-7.38512945175171,5.040348052978516,1.0320185422897339,-7.14,6.84,1.65
1743700595.326397,2c08d2cc-7a1c-9d34-25ea-6265acb43d72,0d62610a-d1a1-7d81-75f1-822de007a615,34,-87.0,-56.0,-75.0,-75.0,-53.0,-57.0,-66.0,-3.002085090414864,-1.4195149284407274,-2.9824442773755298,-2.520137089000969,-2.3696713945290324,-2.441516907407209,-2.9686910550452983,0.7321848092872753,1.2122059470734714,0.4315560001625525,0.9577982960378914,0.6053267814052666,0.21588345326478597,0.9177894824135342,-7.376594066619873,5.066099643707275,1.144845962524414,-7.14,6.84,1.65
1743700596.33383,2c08d2cc-7a1c-9d34-25ea-6265acb43d72,94e61b0d-3f33-f6a2-e2e7-d80ecaadb9bf,29,-84.0,-56.0,-76.0,-81.0,nan,nan,nan,-2.9677585418603973,-1.430578631715298,-2.9951273157509233,-2.5079110490686327,nan,nan,nan,0.7372832314571501,1.1907066470674248,0.45147644511634516,0.9650458226284329,nan,nan,nan,nan,nan,nan,-7.14,6.84,1.65
1743700597.326766,2c08d2cc-7a1c-9d34-25ea-6265acb43d72,d2aa0d73-947d-3f65-d699-7e48733bc6c7,31,-79.0,-57.0,-78.0,-75.0,-51.0,-57.0,-61.0,-3.0325535174981337,-1.4165967696762731,-3.015665347761505,-2.4607358135189696,-2.297568967110139,-2.4263420344126816,-0.930786539163335,0.5716455306146909,1.22883365965549,0.4744967097104492,0.9646998114238045,0.6026741197702999,0.19958939241581453,1.1753015914130094,-7.380623817443848,5.09386110305786,1.1863205432891846,-7.14,6.84,1.65
1743700598.327062,2c08d2cc-7a1c-9d34-25ea-6265acb43d72,c5a66d26-49c4-5634-10b5-a950a8649356,7,-69.0,-53.0,-76.0,-72.0,-50.0,-62.0,-64.0,-3.062296765816575,-1.4198684630754352,-3.014645889696223,-2.524529440586836,-2.1932070829755586,-1.9599615313103471,-1.3860221743397316,0.7251529321660029,1.1343879805471924,0.42493551485067,0.9868594422221358,0.5746031554511063,0.8626171711209338,1.1263736127703377,-7.374835968017578,5.101595401763916,1.2146779298782349,-7.14,6.84,1.65
1743700599.327618,2c08d2cc-7a1c-9d34-25ea-6265acb43d72,329ba849-8ad6-3f36-42d2-9acca925ec86,13,-74.0,-54.0,-76.0,-78.0,nan,nan,nan,-3.0584200022177463,-1.4265414126607925,-2.967966002109314,-2.3926054949320172,nan,nan,nan,0.6997642185459504,1.110390968333788,0.3056648467460626,1.0512028788970498,nan,nan,nan,nan,nan,nan,-7.14,6.84,1.65
1743700600.336668,2c08d2cc-7a1c-9d34-25ea-6265acb43d72,65e492e0-8842-e384-e105-c102bd43a0af,1,-87.0,-52.0,-71.0,-78.0,nan,-60.0,-75.0,-2.9793006820248005,-1.4357401042239808,-2.979093221775883,-2.4054123702980994,nan,-2.407242223346747,-1.6878078392572236,0.7681033955413921,1.0985851086424396,0.23339238055765574,1.0721335274313366,nan,0.6219111350223233,1.1488497536368598,-7.379258632659912,5.12309980392456,1.2500673532485962,-7.14,6.84,1.65
1743700601.33405,2c08d2cc-7a1c-9d34-25ea-6265acb43d72,5e1ef074-32c4-4d2e-ae2d-ab0aa59ec0ec,16,-75.0,-56.0,-75.0,-79.0,-50.0,-74.0,-58.0,-3.0695285797566854,-1.4337117075797219,-2.927528297801442,-2.4912545743468413,-2.2757422030824865,-2.4981739194237633,2.8158672457778295,0.6444197363524686,1.1252195158623766,0.22823127423362305,1.124218699924725,0.4980169261743148,0.4327129941407127,0.8635646551102032,-7.397981643676758,5.192988395690918,1.2838177680969238,-7.14,6.84,1.65
1743700602.327086,2c08d2cc-7a1c-9d34-25ea-6265acb43d72,ffb0d833-2ce6-3a3f-f211-99aaab4d613e,11,-70.0,-54.0,-76.0,-77.0,nan,-67.0,-56.0,-3.096094676894661,-1.40669340568865,-2.9159161165003695,-2.5539634959027193,nan,-1.9563119533021747,-2.30484177640457,0.7058392884665846,1.1469269419076125,0.20110741129484314,1.1828774860948101,nan,1.0201820005452324,1.2389029410081613,-7.498085975646973,5.264420986175537,1.4196282625198364,-7.14,6.84,1.65
1743700603.26438,2c08d2cc-7a1c-9d34-25ea-6265acb43d72,afc66405-439d-e43e-bbcb-ac60026531c7,2,-77.0,-51.0,-70.0,-75.0,-54.0,-59.0,-77.0,-3.037867589137278,-1.4126074875213892,-2.9269618434375824,-2.551194341001255,-2.153133401098594,-2.4882919156168537,-2.2732892895179204,0.7661782629684007,1.0833250624382311,0.21154274171020962,1.2555060169209606,0.4738842970507455,0.6881889127071266,1.1776791706485292,-7.4923415184021,5.332434177398682,1.53754997253418,-7.14,6.84,1.65
1743700604.328112,2c08d2cc-7a1c-9d34-25ea-6265acb43d72,65e7b175-570f-4ad9-9dfa-5efcf90ae0bb,6,-68.0,-53.0,-76.0,-74.0,-52.0,-61.0,-72.0,-3.0007114319246013,-1.4508199875804453,-2.9136473695677307,-2.554826360095905,-2.089093833580159,-2.516558103449,-2.0685315857239037,0.804432907551708,1.1218350375910497,0.24998961658994984,1.268994395209994,0.5179890972170204,0.4378839886229148,1.0895295785760897,-7.48127031326294,5.393296241760254,1.5782908201217651,-7.14,6.84,1.65
1743700605.327064,2c08d2cc-7a1c-9d34-25ea-6265acb43d72,2103298f-8976-dfbd-656b-ec26b82851b8,24,-76.0,-57.0,-81.0,-79.0,-50.0,-64.0,-59.0,-3.041894288705478,-1.4642925200609924,3.0065975505658944,-2.514197440821765,-2.14447574191921,-2.617785560753883,-2.3769390325838513,0.6888170285690707,1.2147493990725513,0.39870966983146483,1.0412461185295703,0.5424452603466988,0.35223357457220755,0.7637554140785552,-7.406885147094727,5.45580244064331,1.5876078605651855,-7.14,6.84,1.65
1743700606.334032,2c08d2cc-7a1c-9d34-25ea-6265acb43d72,f972a5fc-cba7-6c0f-7c6c-b17121819dd4,21,-77.0,-57.0,-89.0,-77.0,-51.0,-65.0,-58.0,-3.114238793401371,-1.4820628619087097,-2.7393024635412577,-2.6119775307728963,-2.138359634057518,-2.61134575686073,-2.415473454655029,0.6447146148641677,1.279053554121387,0.3724932124551022,1.0598679395568131,0.6026741197631077,0.28874387311221855,0.6089078645884499,-7.33586025238037,5.511170864105225,1.4192078113555908,-7.14,6.84,1.65
1743700607.336641,2c08d2cc-7a1c-9d34-25ea-6265acb43d72,60ee52de-639c-4af3-d7df-ab925748410d,31,-86.0,-55.0,-77.0,-76.0,-49.0,-58.0,-61.0,-3.0245083741611136,-1.499842924294406,-2.833073697103493,-2.572401092761556,-2.194384443978889,-2.527299796473606,-1.2141954819463934,0.7163995877161031,1.1991412777138697,0.3937568227046764,1.0251847937323841,0.5438679928897621,0.24482559921158753,0.9505898478967514,-7.3639554977417,5.57361125946045,1.312941551208496,-7.14,6.84,1.65
1743700608.334232,2c08d2cc-7a1c-9d34-25ea-6265acb43d72,d89b4d72-0fcd-d381-4f9c-c33759bd0c63,12,-72.0,-54.0,-77.0,-79.0,-50.0,-79.0,-57.0,-3.0620272539142586,-1.443365133899041,-2.926472887061444,-2.6196775284326423,-2.223116334755693,-2.304728468311411,-1.2599477578555434,0.6763632217845058,1.1813094168449716,0.3106214222983772,1.0935666478842945,0.40191144685695945,0.8593876259761526,0.9242301935279216,-7.370412826538086,5.636353969573975,1.2869417667388916,-7.14,6.84,1.65
1743700609.265849,2c08d2cc-7a1c-9d34-25ea-6265acb43d72,4d5b36e5-7579-60ba-7346-1147a23ee5ad,18,-76.0,-57.0,-85.0,-80.0,-51.0,-63.0,-59.0,-3.0769542718241527,-1.4773501320437055,-2.8586855836228935,-2.6149235195707417,-2.255222925044412,-2.5156486206649045,-1.970428494501487,0.6536415308381134,1.1802731808648217,0.2738154208347756,1.0594540177443876,0.45879696423529814,0.5482413140378767,0.818729276702984,-7.37932014465332,5.69172763824463,1.2505013942718506,-7.14,6.84,1.65
1743700610.337307,2c08d2cc-7a1c-9d34-25ea-6265acb43d72,029e4f75-5e7d-7b48-b266-36f5d57a7a15,28,-85.0,-56.0,-78.0,-81.0,-49.0,-61.0,-58.0,-3.1336764072495327,-1.4970011982532367,-2.951085555539847,-2.6154715981230803,-2.2400535754573747,-2.4438683083637316,-2.146521379322703,0.6986197250674888,1.2007667380851994,0.3379733184054951,1.1264231315170379,0.40981502051909435,0.35767653882915795,0.697702714797036,-7.38565444946289,5.748383522033691,1.2346400022506714,-7.14,6.84,1.65
1743700611.334148,2c08d2cc-7a1c-9d34-25ea-6265acb43d72,004b9cca-f74f-f070-a44b-576fe3e37800,14,-74.0,-54.0,-77.0,-77.0,-50.0,-75.0,-56.0,-3.108997692376095,-1.450124236745662,-2.987621462534644,-2.6007520404621034,-2.296730916561926,-2.4500339103090885,3.0822516438327043,0.6400590098045457,1.0847833428721312,0.32991535860572874,1.1889881092159968,0.3795336926919541,0.5900103348582962,0.9416398246273296,-7.382259845733643,5.79845952987671,1.2356840372085571,-7.14,6.84,1.65
1743700612.327923,2c08d2cc-7a1c-9d34-25ea-6265acb43d72,833eef8a-1957-ad29-3517-3b3b8ec7f750,4,-71.0,-51.0,-72.0,-75.0,-53.0,-56.0,-76.0,-3.0559009181426404,-1.4715078224023443,-3.071264694471308,-2.561752443142874,-2.1283685018025844,-2.525712036975109,-2.7927623100704877,0.7145207275670521,1.0499924056025813,0.27751150559839893,1.257897136105688,0.444613360335415,0.40948228246057045,1.0378862306746417,-7.282310962677002,5.8435468673706055,1.1641110181808472,-7.14,6.84,1.65
1743700613.265849,2c08d2cc-7a1c-9d34-25ea-6265acb43d72,396f8f61-b4de-7aaa-4937-3b3862805ab8,21,-77.0,-57.0,-84.0,-76.0,-51.0,-67.0,-58.0,-3.073273516881555,-1.4191239763927037,-2.8292043903557165,-2.579990835552173,-2.1531922210957783,-3.02871593333969,-2.4098990661686996,0.6735979950456493,1.1556862118909377,0.4008317431670672,1.280431873143557,0.5329088446222398,0.3817601244484903,0.6905995185859964,-7.148165702819824,5.85575008392334,1.0622597932815552,-7.14,6.84,1.65
1743700614.265973,2c08d2cc-7a1c-9d34-25ea-6265acb43d72,8979dc8d-d9c7-b4a2-817c-8f8737f0a0ee,9,-68.0,-54.0,-75.0,-74.0,-49.0,-61.0,-64.0,-3.09402806388876,-1.458388025608178,-2.8483634375538553,-2.589292191975383,-2.194384443978889,-2.2732892895179204,-1.871078915277732,0.6333918525945595,1.1927788527116157,0.38191134849211295,1.2903835735049654,0.5438679928897621,1.1776791706485292,0.8704258490709157,-7.03943634033203,5.850441932678223,1.003332495689392,-7.14,6.84,1.65
1743700615.336956,2c08d2cc-7a1c-9d34-25ea-6265acb43d72,86d94e9a-87d0-3057-16d1-645b668cdc98,4,-70.0,-52.0,-70.0,-75.0,-54.0,-58.0,-59.0,-3.129551437037109,-1.4470861025740998,-2.809992878884103,-2.5504806138291136,-2.089093833580159,-0.9155457947473289,-2.0667381629567365,0.7096240398497508,1.1004346740194997,0.3231688391952583,1.278011725502948,0.5179890972170204,1.0086465275087972,0.7512469327235275,-7.04922866821289,5.834742546081543,0.9281956553459167,-7.14,6.84,1.65
1743700616.33488,2c08d2cc-7a1c-9d34-25ea-6265acb43d72,bfa613ee-e1fc-aa5d-eb29-82f35d807682,19,-76.0,-57.0,nan,-78.0,-51.0,-66.0,-57.0,3.0873978580388988,-1.4624521425896935,nan,-2.54504563467648,-2.1605027953559217,-2.23714899388827,-2.1616517129369415,0.603889686933798,1.2220070456752354,nan,1.2456477935138142,0.5532824127871907,0.8814065244963447,0.49355076280385596,-7.173115253448486,5.812949180603027,0.996569275856018,-7.14,6.84,1.65
1743700617.264622,2c08d2cc-7a1c-9d34-25ea-6265acb43d72,7e0dcdeb-733b-ace1-ae1a-a71c5d5f9c42,24,-75.0,-57.0,-80.0,-75.0,-48.0,-64.0,-56.0,-3.108749219446391,-1.460167017216351,-2.837936362937868,-2.4236986996070193,-2.186276035371003,-2.522021046226267,-2.2161026010551153,0.6651199548734366,1.2443961078014771,0.4638996255483741,1.1724577351718206,0.5235987756271665,0.5828624443325109,0.3342169138524848,-7.15630054473877,5.767784595489502,1.039885401725769,-7.14,6.84,1.65
1743700618.334598,2c08d2cc-7a1c-9d34-25ea-6265acb43d72,067f9e85-26c0-960d-8e8c-05600089db95,20,-77.0,-57.0,-97.0,-76.0,-51.0,-67.0,-57.0,3.100544819076184,-1.4482935798123415,-2.923950873509139,-2.4605613764675693,-2.2022566132054173,-2.566642050188581,-2.2120336234873563,0.6239769789298842,1.2076655237309954,0.5076138169453708,1.1114057658671628,0.5643636301322459,0.40407378589740056,0.38350492740337594,-7.147311210632324,5.659656047821045,1.02229380607605,-7.14,6.84,1.65
1743700619.326157,2c08d2cc-7a1c-9d34-25ea-6265acb43d72,c1f60078-0164-2957-1ebc-d2d949b5f0eb,35,-92.0,-56.0,-76.0,-78.0,-54.0,-59.0,-68.0,-3.130551454026434,-1.4146389468009013,-2.9572835303447884,-2.445303327634178,-2.29692305742091,-2.498076313509185,-1.373182521977694,0.6587661185656983,1.1811676035169247,0.5009184302278298,1.0862688541281775,0.6354029213424442,0.2979465387306597,0.8919681732876205,-7.1377592086792,5.57053565979004,1.0381107330322266,-7.14,6.84,1.65
1743700620.265797,2c08d2cc-7a1c-9d34-25ea-6265acb43d72,b5a27b59-737a-1c40-05df-d930b1c349e2,8,-69.0,-54.0,-76.0,nan,-50.0,-62.0,-63.0,-3.038777857597867,-1.4566899940971436,-2.8418229802327297,nan,-2.2517050384931703,-2.5424850352770005,-1.3472012690146902,0.6436222527640444,1.1605675198529437,0.3894389730503036,nan,0.6267548653536608,0.2621559675153181,0.851045564155463,-7.132429122924805,5.49514389038086,1.0132917165756226,-7.14,6.84,1.65
1743700621.327647,2c08d2cc-7a1c-9d34-25ea-6265acb43d72,1248d385-bf46-c69c-2a34-05c3dd8c8bdb,30,-81.0,-56.0,-76.0,nan,-51.0,-57.0,-58.0,-3.056785620256765,-1.442018373335788,-2.8735100698308194,nan,-2.2360448912795974,-2.5095803970571757,-2.1027430007195282,0.6519197306143498,1.1436970601375644,0.5699548227966541,nan,0.584712473478281,0.241847616376613,0.6818398220619198,-7.113702297210693,5.400216579437256,0.9467647671699524,-7.14,6.84,1.65
1743700622.329114,2c08d2cc-7a1c-9d34-25ea-6265acb43d72,43fe8c18-ad48-5465-b763-0ba4bfb908be,32,-80.0,-55.0,-75.0,nan,-53.0,-57.0,-62.0,-2.950409112622967,-1.4323590880620707,-2.8975983618905863,nan,-2.243973611767496,-2.4591128847588974,-1.3000614648724242,0.7530030058445337,1.1410372279988477,0.5541497606753609,nan,0.6056322190099516,0.21895039938253497,0.7844463517710458,-7.09904384613037,5.32077693939209,0.862661600112915,-7.14,6.84,1.65
1743700623.335245,2c08d2cc-7a1c-9d34-25ea-6265acb43d72,6bbb7691-5e67-56b1-02d6-f852837bc794,18,-77.0,-57.0,-83.0,nan,-49.0,-64.0,-61.0,-3.0305617393188635,-1.4411914618173183,-2.871338528277969,nan,-2.252962620623791,-2.5496890175822196,-1.9432102282747612,0.687045760128059,1.210319630073368,0.4852836106792199,nan,0.5314960207492968,0.21880566124678832,0.5623531901965576,-7.105595588684082,5.261865615844727,0.7982734441757202,-7.14,6.84,1.65
1743700624.327615,2c08d2cc-7a1c-9d34-25ea-6265acb43d72,ebe6db2a-5753-244e-f8ad-a5bab801b18d,4,-70.0,-52.0,-72.0,nan,-53.0,-58.0,-63.0,-3.0293979379224987,-1.484375151525171,-2.8913881365446303,nan,-2.1219390210442874,-2.5496890175822196,-1.188811179867283,0.7206348793766834,1.1118371979637556,0.45453941326507263,nan,0.4823967906553766,0.21880566124678832,0.7451735082975779,-6.89893102645874,5.210937023162842,0.8253371715545654,-7.14,6.84,1.65
1743700625.328365,2c08d2cc-7a1c-9d34-25ea-6265acb43d72,e9fbaf30-10fb-16dc-262a-cc3276c22d0e,17,-77.0,-57.0,-83.0,-85.0,-50.0,-66.0,-62.0,-3.0546582871780092,-1.5013814324561447,-2.854397361635648,-2.378647601342803,-2.2146052884670335,-2.585112678520535,-2.0337125112818204,0.6013952370987753,1.217861302806309,0.3909817755593002,1.0791808508869316,0.4524415002630904,0.22371259448487515,1.4927555167863173,-6.78007459640503,5.15837526321411,0.8582051992416382,-7.14,6.84,1.65
1743700626.335014,2c08d2cc-7a1c-9d34-25ea-6265acb43d72,853a5f28-7125-8aa3-1279-794b577aa3aa,24,-76.0,-57.0,-81.0,-77.0,-50.0,-65.0,-56.0,-3.0759529232542833,-1.47773282829235,-2.800412156862543,-2.3310776853195896,-2.2189778276530165,-2.5673910720732493,-2.4502436704140353,0.6830508853348856,1.1665234133147968,0.4424153724024869,1.1003461239132546,0.5127650549970963,0.22129271582874568,0.7783742500186868,-6.770226955413818,5.102671146392822,0.8999540209770203,-7.14,6.84,1.65
1743700627.326781,2c08d2cc-7a1c-9d34-25ea-6265acb43d72,ae16b7f8-3488-86e4-7b2c-1f3080fa62cf,26,-78.0,-57.0,-75.0,-81.0,-50.0,-62.0,-56.0,3.1112469982327764,-1.4671635408741528,-2.872471969637907,-2.3182668152118726,-2.2266918480002578,-2.532006791786424,-2.349263248408645,0.5719588515169387,1.197933933633682,0.6260833396150551,1.0310995413553956,0.502174009311346,0.21625228430659862,0.48668470654468315,-6.834746837615967,5.049893856048584,0.880739390850067,-7.14,6.84,1.65
1743700628.335416,2c08d2cc-7a1c-9d34-25ea-6265acb43d72,f50b9bab-c48c-5141-bfd6-f598a19f10a6,21,-85.0,-57.0,-81.0,-77.0,-50.0,nan,-57.0,3.0704202060896435,-1.4880624312124402,-2.772590112954485,-2.3355283601333303,-2.1856912568050775,nan,-2.308977879802006,0.6211464381652935,1.244293043467291,0.581924600053097,1.0123718596748221,0.55399845876599,nan,0.44034365320335905,-6.874452590942383,5.044299602508545,0.8642975091934204,-7.14,6.84,1.65
1743700629.33799,2c08d2cc-7a1c-9d34-25ea-6265acb43d72,89b0a6c3-cfb5-e964-9965-a4a0a8c05baf,0,-85.0,-51.0,-72.0,-80.0,-57.0,-62.0,-65.0,3.0939215374451567,-1.517202873018142,-2.8690511392177,-2.342187860755182,-2.0976261220913197,-1.5707963266061888,-1.7534273127087814,0.6322299154109581,1.1840222458893808,0.48713467408439304,1.0560271952117282,0.5092778562127073,1.0122909661567112,0.9122182606501872,-6.883988857269287,5.01895809173584,0.8195888996124268,-7.14,6.84,1.65
1743700630.327332,2c08d2cc-7a1c-9d34-25ea-6265acb43d72,f42a0d8c-64d3-9c6d-a60c-a5a705ebaab5,27,-82.0,-57.0,-75.0,nan,-49.0,-61.0,-56.0,3.1143650272370413,-1.5121537859074607,-2.8827453798589966,nan,-2.1370929833904433,-2.2625729499151355,-2.1379934129482714,0.6550446838374488,1.200590170504927,0.5481745592956047,nan,0.4638908927875505,0.702476314609883,0.654482302791345,-6.88686752319336,4.95026397705078,0.7877262830734253,-7.14,6.84,1.65
1743700631.335226,2c08d2cc-7a1c-9d34-25ea-6265acb43d72,bd9457e1-2ea9-159a-e6b1-1a9975ce71f3,12,-70.0,-54.0,-76.0,-78.0,-48.0,-68.0,-57.0,-3.1037645808340892,-1.4490853376044224,-2.888978774706436,-2.2099007930857306,-2.210922309541697,-1.709380603910889,-1.7847055658265454,0.5631267440778,1.1958245768922846,0.45871045616435474,1.1287135832125605,0.4229330807854587,1.0062305618864569,0.7434808522512286,-6.898312091827393,4.908392906188965,0.8086355924606323,-7.14,6.84,1.65
1743700632.327722,2c08d2cc-7a1c-9d34-25ea-6265acb43d72,09e3c0e2-69f1-32fd-da4f-f2e044565bf4,4,-70.0,-53.0,-72.0,-75.0,-54.0,-60.0,-66.0,-3.0538135324802367,-1.4397668037921805,-2.897586377665681,-2.2106640550541474,-2.0985381296283414,-0.9937783560769907,-2.037365119819069,0.7183442945231061,1.1729810463260208,0.34688252435819167,1.1623197466921618,0.4806805476082169,0.8862887342142056,0.7674079531208045,-6.90039873123169,4.847824573516846,0.832938551902771,-7.14,6.84,1.65
1743700633.335698,2c08d2cc-7a1c-9d34-25ea-6265acb43d72,157ac79c-88fb-1b72-3091-7aaed1225a68,31,-83.0,-55.0,-76.0,-75.0,-51.0,-57.0,-59.0,-3.0036691386312433,-1.4118173276259625,-2.921801968825554,-2.3062777966165537,-2.1616714198946156,-2.097639401697106,-2.310712711566713,0.7732685298965734,1.2008354476413237,0.35698988648531493,1.0627382280006734,0.5232471051354491,0.8230429431798438,0.5148495139379403,-6.895699501037598,4.755350589752197,0.8541348576545715,-7.14,6.84,1.65
1743700634.308901,2c08d2cc-7a1c-9d34-25ea-6265acb43d72,2cca2822-b90e-7367-4c5a-c34cf6179dcf,27,-80.0,-57.0,-76.0,-87.0,-48.0,-61.0,-56.0,-3.0835426660449,-1.4042672659355877,-2.8492321607014395,-2.063522407456452,-2.1768046238081027,-2.3463448201495227,-2.2975196969487004,0.6435033426213724,1.196032037141202,0.5646227082411248,0.9097406886400573,0.4738842970516405,0.5311480444972199,0.4213226574205145,-7.083375453948975,4.63408613204956,0.762470304965973,-7.14,6.84,1.65
1743700635.338614,2c08d2cc-7a1c-9d34-25ea-6265acb43d72,a7b34126-5fd5-f755-33e8-0111b2880a35,29,-80.0,-56.0,-75.0,-79.0,-50.0,-59.0,-57.0,-3.076511654450982,-1.4111237073200513,-2.8625032250455225,-2.213815906204256,-2.1840534100338913,-2.3861876364720738,-2.345919117010725,0.6229450040074784,1.2177605021590492,0.5750756155196858,0.9928305157022024,0.46389089278929657,0.35519894621740616,0.3020398666518934,-7.157846450805664,4.513787269592285,0.7042222023010254,-7.14,6.84,1.65
1743700636.265954,2c08d2cc-7a1c-9d34-25ea-6265acb43d72,acd3240f-7ef5-76f2-260e-59df70cc5afa,31,-80.0,-55.0,-76.0,-75.0,-51.0,-57.0,-60.0,-3.074243440150561,-1.3728888367078382,-2.8398634263026494,-2.281385229907583,-2.2189778276530165,-2.4094423861646956,-1.570796326645449,0.7154425141993558,1.2450267443476077,0.5915976671854555,1.0010916414036282,0.5127650549970963,0.2780964962353479,0.8377580409572781,-6.979982376098633,4.4075117111206055,0.6995221972465515,-7.14,6.84,1.65
1743700637.339005,2c08d2cc-7a1c-9d34-25ea-6265acb43d72,5b149a7f-98b5-0716-3d42-64b49615cc2d,26,-76.0,-57.0,-78.0,-87.0,-50.0,-62.0,-56.0,-3.111773771496394,-1.4078842381700787,-2.8091158999371397,-2.3088898250137033,-2.2098956681943043,-2.4715438475841554,-2.0766260362644617,0.6956251335797492,1.1707980531804834,0.6096584267500459,1.0730676977627092,0.4928592705180706,0.24936840007431743,0.605326781392063,-6.859026908874512,4.316044807434082,0.7150543928146362,-7.14,6.84,1.65
1743700638.334357,2c08d2cc-7a1c-9d34-25ea-6265acb43d72,db6dc2e1-9b5a-dceb-af71-f6bb05ee037a,5,-69.0,-53.0,-72.0,-76.0,-52.0,-60.0,-65.0,3.137227199930935,-1.4678766022560215,-2.8320116284607693,-2.3697547738308105,-2.105943462364013,-2.5095803970571757,-2.1265477216326527,0.7401264222369188,1.1605997441021338,0.6138248756964476,1.1008469979352713,0.5004395108615248,0.241847616376613,0.6637753621760749,-6.761162757873535,4.234721660614014,0.7607730627059937,-7.14,6.84,1.65
1743700639.328593,2c08d2cc-7a1c-9d34-25ea-6265acb43d72,0ce846dd-711e-79fd-92c8-91f1283ced61,12,-71.0,-54.0,-77.0,-83.0,-49.0,-68.0,-57.0,-3.1201739142067217,-1.4264209046214662,-2.8228114721589814,-2.348974127844922,-2.1776482472833774,-2.582939434026116,-1.6357537743167165,0.6448205420965256,1.1397670333169345,0.5193455076003606,1.3024927006654465,0.4058786524488542,0.23852261592141116,0.7482224173346849,-6.67150068283081,4.165438652038574,0.8324316143989563,-7.14,6.84,1.65
1743700640.328586,2c08d2cc-7a1c-9d34-25ea-6265acb43d72,3383f9c5-2eda-2ea7-ca74-20e8729d072b,16,-74.0,-56.0,-82.0,-85.0,-49.0,-62.0,-59.0,3.1336010397906833,-1.4550886353336785,-2.8268501559520867,-2.357381727406302,-2.261791935925062,-2.585112678520535,-3.034740169188463,0.5594059751398228,1.0382056540920541,0.5381921660026333,1.334401897898449,0.44771790632629405,0.22371259448487515,1.23741912311561,-6.654659748077393,4.119957447052002,0.8314982652664185,-7.14,6.84,1.65
1743700641.335629,2c08d2cc-7a1c-9d34-25ea-6265acb43d72,ca275cdb-09a9-50d6-3fb0-6aef969364cd,36,-88.0,-56.0,-75.0,-78.0,-54.0,-58.0,-65.0,-3.1407739978707028,-1.4357640726737912,-2.7914383692534117,-2.2739768483872007,-2.3736305159348414,-2.532006791786424,-2.6677699272831443,0.5093862505193594,1.1744664244240128,0.511363847365825,1.334841452636367,0.48158118373733977,0.21625228430659862,0.9221827257994784,-6.653586387634277,4.07129669189453,0.799830734729767,-7.14,6.84,1.65
1743700642.265398,2c08d2cc-7a1c-9d34-25ea-6265acb43d72,b62a9e55-c24e-d057-578c-388d809e3af3,7,-69.0,-53.0,-75.0,-74.0,-50.0,-61.0,-66.0,-3.095267499060083,-1.4640536345112127,-2.7367498236364165,-2.2845213684072605,-2.2620855198464898,-2.5496890175822196,-2.144716247922101,0.6595201926283542,1.1385759345193966,0.4365276891540533,1.3155536415995224,0.5518521410785092,0.21880566124678832,0.9553707611818056,-6.653028964996338,4.005568027496338,0.7369295954704285,-7.14,6.84,1.65
1743700643.335436,2c08d2cc-7a1c-9d34-25ea-6265acb43d72,f37d0ab2-30bd-0181-05bf-9a3fe239ad39,17,-75.0,-57.0,-83.0,-93.0,-50.0,-61.0,-59.0,-3.049600944267949,-1.4841144280544527,-2.7400761118379258,-2.3025704100630544,-2.2781226365927436,-2.5673910720732493,2.912157038745713,0.5784841953988782,1.1581626853886027,0.4871802807180607,1.1502857206744204,0.5293811300580165,0.22129271582874568,1.1775125986269956,-6.667229652404785,3.98039698600769,0.664693295955658,-7.14,6.84,1.65
1743700644.326285,2c08d2cc-7a1c-9d34-25ea-6265acb43d72,1d392c29-6bcc-c78d-aa51-339fddeff3cd,0,-87.0,-51.0,-71.0,-80.0,-55.0,-62.0,-65.0,-3.100498746389325,-1.4898383601853598,-2.9793757831675407,-2.2528747588577396,-2.160502795360659,-2.596212417425123,-1.8642230388636123,0.728431483204972,1.168408132418246,0.39928627749698065,1.285768847968076,0.46423150130386065,0.36370561892739084,1.3335827712049677,-6.68678379058838,4.0087890625,0.6716192364692688,-7.14,6.84,1.65
1743700645.328349,2c08d2cc-7a1c-9d34-25ea-6265acb43d72,86d9b612-e942-667e-c0e1-1aaf2a80ded7,18,-76.0,-57.0,-87.0,-85.0,-50.0,-61.0,-60.0,3.1227779531206012,-1.4744446232944293,-3.0458528113497714,-2.337314808592555,-2.2266918480002578,-2.61134575686073,2.412159785622369,0.5410210090020291,1.2110209735464406,0.3615346041750488,1.1377026839979596,0.502174009311346,0.28874387311221855,1.1166423966110712,-6.700478553771973,4.042595863342285,0.692880392074585,-7.14,6.84,1.65
1743700646.335829,2c08d2cc-7a1c-9d34-25ea-6265acb43d72,d4b11be4-9fde-f0d1-5ec0-22f19db2e88e,20,-77.0,-57.0,-90.0,-79.0,-51.0,-62.0,-58.0,-3.1398272441031794,-1.4264597867733815,-2.9157515331450026,-2.3913727176634194,-2.219575092385715,-2.5984347132229733,-2.6976283757041335,0.5899058941029827,1.2511907638486508,0.38381597472471035,1.0995891869524268,0.5435120867489115,0.2559879865182337,0.8220927473937428,-6.86171817779541,4.0697808265686035,0.6846550703048706,-7.14,6.84,1.65
1743700647.328583,2c08d2cc-7a1c-9d34-25ea-6265acb43d72,2deb3d61-9aec-479a-6b1a-90a77c0c5b61,2,-78.0,-52.0,-70.0,-77.0,-55.0,-60.0,-68.0,-3.032532478525522,-1.441550988564479,-2.9325893691370286,-2.422201470442177,-2.1219390210442874,-2.6363441713747244,-2.38341780400821,0.6833371085730419,1.116059573293049,0.3787855630311733,1.14989250493947,0.4823967906553766,0.24584225311388908,0.8794947604591942,-7.004831790924072,4.102657318115234,0.719519019126892,-7.14,6.84,1.65
1743700648.327326,2c08d2cc-7a1c-9d34-25ea-6265acb43d72,17b3f1a9-70c4-048f-c5a3-57ec49e3a332,28,-83.0,-56.0,-76.0,-85.0,-50.0,-59.0,-57.0,-3.1316824985413905,-1.4405009041466605,-2.8910624319433142,-2.325409945887683,-2.1910870546229844,-2.5474457706781024,-2.396757282195033,0.675292098394076,1.1718414796955763,0.4571430194152749,1.098823794455138,0.45379556211570643,0.233278993250513,0.5213838535666284,-7.1438164710998535,4.136059761047363,0.622096061706543,-7.14,6.84,1.65
1743700649.336795,2c08d2cc-7a1c-9d34-25ea-6265acb43d72,2c3d3957-3f69-83ea-017d-d7a04c06f770,12,-70.0,-53.0,-77.0,-80.0,-49.0,-69.0,-58.0,-3.0990936625981993,-1.4399308545153293,-2.9051116719579184,-2.3959767905559484,-2.251011303590342,-2.5959966816556435,-1.874619526535753,0.6657689672310889,1.1328264360420248,0.48885820536286506,1.208490038404484,0.4286319892260177,0.2709185204790966,0.7745535091607955,-7.2593092918396,4.1656646728515625,0.6081138849258423,-7.14,6.84,1.65
1743700650.338791,2c08d2cc-7a1c-9d34-25ea-6265acb43d72,57e057ee-dbc3-9cca-b5bc-0e02406f0fc6,19,-77.0,-57.0,-88.0,-80.0,-50.0,-62.0,-59.0,-3.104310528857556,-1.4414836105889,-2.869143284591417,-2.4889946158458,-2.2584995389297746,-2.5806130715879596,-2.0806700214547704,0.6227823514439019,1.1820574987951746,0.5044357003690111,1.171769308030035,0.4894098502433027,0.25331182497386073,0.626382770923023,-7.303958892822266,4.1970624923706055,0.6849095821380615,-7.14,6.84,1.65
1743700651.335988,2c08d2cc-7a1c-9d34-25ea-6265acb43d72,c8542762-0cb8-598f-6441-093922c580f7,5,-68.0,-52.0,-71.0,-76.0,-53.0,-60.0,-63.0,-3.0305678645893703,-1.4542077948031351,-2.83912519804848,-2.4974368365013513,-2.1215001943128344,-2.5651814167182785,-2.075411868620731,0.8232177806166908,1.2027217646414265,0.5164579751884422,1.1150463070773011,0.5113685064305763,0.23593659451310778,0.6775582051485171,-7.303356170654297,4.21428918838501,0.7086312770843506,-7.14,6.84,1.65
1743700652.265362,2c08d2cc-7a1c-9d34-25ea-6265acb43d72,fd385998-5db1-c8e5-cc1c-b9b11ec971cc,22,-76.0,-57.0,-81.0,-81.0,-46.0,-67.0,-55.0,-3.022879052206203,-1.4470292440848267,-2.7996004253622866,-2.5293500284759887,-2.1514191843972017,-2.6206133111603007,-2.1779283011735417,0.8487220088490253,1.1919147900959395,0.6503850840361917,1.0048486959114575,0.5629227755109568,0.2283475083923598,0.5035640688355347,-7.297117710113525,4.23774766921997,0.7245646715164185,-7.14,6.84,1.65
1743700653.336471,2c08d2cc-7a1c-9d34-25ea-6265acb43d72,344da59e-0c7a-fa0c-962a-b0257f907de7,14,-72.0,-54.0,-81.0,-80.0,-50.0,-64.0,-56.0,-3.014976387987502,-1.4642565673862766,-2.773542193044188,-2.8157511657930723,-2.2683939389901364,-2.584654511956686,3.141592653589793,0.7442394748034644,1.0825781789105184,0.6433462826960851,1.09688235002047,0.5092778562195126,0.3303972586811815,0.9599310886787964,-7.2816481590271,4.257924556732178,0.711180329322815,-7.14,6.84,1.65
1743700654.329093,2c08d2cc-7a1c-9d34-25ea-6265acb43d72,b6161b29-3bed-2cfd-6d1d-cfbe897fcdcf,14,-72.0,-54.0,-80.0,-80.0,-50.0,-63.0,-56.0,-3.0349959025338453,-1.43940048598424,-2.7739810819918334,-2.82942090535234,-2.3202988091270504,-2.566642050188581,2.39104746686439,0.6907883004079473,1.0852796229412676,0.5399347388828994,1.1357327437396278,0.45961953814336093,0.40407378589740056,0.9025114294803046,-7.252437114715576,4.282689094543457,0.658612847328186,-7.14,6.84,1.65
1743700655.340896,2c08d2cc-7a1c-9d34-25ea-6265acb43d72,57b75131-7304-17a9-6941-a28124249cf5,23,-75.0,-56.0,-82.0,-80.0,-50.0,-64.0,-54.0,-3.0478573727022744,-1.4963075779473254,-2.7325777154726985,-2.5144400547970713,-2.260802178661797,-2.623872978636104,-2.8495851498653866,0.7106855092812291,1.2062560457240707,0.6486384498352632,1.1013832254207587,0.5204388676117685,0.3219533185017456,0.7637777910123065,-7.24229907989502,4.29647159576416,0.5428388118743896,-7.14,6.84,1.65
1743700656.327302,2c08d2cc-7a1c-9d34-25ea-6265acb43d72,b110b914-3e22-9b88-e69f-1c8a7897085f,36,-94.0,-57.0,-74.0,-78.0,-57.0,-57.0,-66.0,-3.041525174578393,-1.4588831072548234,-2.787179442038157,-2.4892817046113107,-2.3155490417430697,-2.5602937253173708,-2.5947470797320635,0.7156865263342345,1.2423400142818812,0.6078771714549465,1.0530638292877696,0.6119813062630486,0.26515750705817454,0.6726187699849608,-7.169916152954102,4.19334316253662,0.426759123802185,-7.14,6.84,1.65
1743700657.339305,2c08d2cc-7a1c-9d34-25ea-6265acb43d72,ff6f4a2e-0bea-d37b-2d6c-b1b5397e5e62,21,-77.0,-57.0,-84.0,-79.0,-51.0,-64.0,-55.0,-3.1278571339516006,-1.4456915382692797,-2.6594433171974874,-2.43753675094718,-2.217304759395112,-2.5806130715879596,-2.396757282195033,0.7029784542445943,1.1979905258068464,0.59708278034561,1.0346244347951974,0.6060027455670415,0.25331182497386073,0.5213838535666284,-7.063276290893555,4.087955474853516,0.20104604959487915,-7.14,6.84,1.65
1743700658.336082,2c08d2cc-7a1c-9d34-25ea-6265acb43d72,2ef6a71a-3dac-fac5-3a99-c5fc8f28b89f,28,-82.0,-55.0,-77.0,-82.0,-50.0,-59.0,-56.0,-2.9203225828400146,-1.4607939253369557,-2.812472814491185,-2.5076900066981564,-2.231445704834686,-2.5297328053915953,-2.3668455179437613,0.7496608718345387,1.2526913219648559,0.7104803792982657,1.073127086255018,0.461170593821747,0.2305507383834361,0.4055694238678773,-6.923089981079102,3.9825797080993652,0.015883788466453552,-7.14,6.84,1.65
1743700659.340101,2c08d2cc-7a1c-9d34-25ea-6265acb43d72,baeb27c1-9d49-1026-2322-3549de5f5295,6,-68.0,-53.0,-73.0,-75.0,nan,nan,nan,-2.9802684747649355,-1.481912260149066,-2.80707032590385,-2.5768009011984754,nan,nan,nan,0.7428780002751887,1.1440300884318788,0.651144018367837,1.074532236625171,nan,nan,nan,nan,nan,nan,-7.14,6.84,1.65
1743700660.329497,2c08d2cc-7a1c-9d34-25ea-6265acb43d72,45a692af-7006-eaa2-8983-2d7a75f1234c,10,-68.0,-55.0,-78.0,-79.0,-50.0,-64.0,-61.0,-3.021957065836818,-1.4823108022061964,-2.886962229129028,-2.6922140470431306,-2.200600322102512,-2.6028535343036556,-1.9650557250490215,0.7374620627243491,1.1887391036540744,0.6155304972165887,1.0465995383738202,0.4731999053728592,0.2260644632711081,0.7601523747339035,-6.835145473480225,3.891024589538574,-0.013715602457523346,-7.14,6.84,1.65
1743700661.328545,2c08d2cc-7a1c-9d34-25ea-6265acb43d72,ac8b083f-53b4-a30d-f750-982421b64f9e,18,-76.0,-57.0,nan,-81.0,-49.0,nan,-58.0,-3.0440831408054136,-1.4686240184159522,nan,-2.609079745190781,-2.2414153559784937,nan,-2.0766260362644617,0.7098287037795235,1.1826437937091556,nan,1.1349167511816276,0.4806805476136677,nan,0.605326781392063,nan,nan,nan,-7.14,6.84,1.65
1743700662.339305,2c08d2cc-7a1c-9d34-25ea-6265acb43d72,2c3f89d3-31ac-6adf-23d2-7350fb14114c,8,-68.0,-54.0,-75.0,-75.0,-51.0,-63.0,-62.0,-3.071648189668279,-1.5162404066001873,-2.918757176751266,-2.651561425635289,-2.1779283011735417,-2.5673910720732493,-1.9111832053268718,0.7517574454027037,1.1105899730462443,0.6349335565496065,1.123599248655172,0.5035640688355347,0.22129271582874568,0.7422643084543175,-6.80039882659912,3.7999074459075928,-0.08526046574115753,-7.14,6.84,1.65
1743700663.336292,2c08d2cc-7a1c-9d34-25ea-6265acb43d72,5e65c93e-fed6-fa3c-7070-4c951603989d,33,-83.0,-56.0,-77.0,-74.0,-52.0,nan,-61.0,-3.066830531256326,-1.519153372200516,-2.949739327608812,-2.534496587282567,-2.260802178661797,nan,-1.059827335475108,0.7713092422826021,1.2224808220331604,0.4719376782189921,1.0576733616605334,0.5204388676117685,nan,0.764868487642597,-6.82042694091797,3.727787971496582,-0.0641915053129196,-7.14,6.84,1.65
1743700664.266082,2c08d2cc-7a1c-9d34-25ea-6265acb43d72,a6bfa87d-ef12-04e7-d17d-06610b253afa,4,-70.0,-52.0,-70.0,-77.0,-54.0,-59.0,-62.0,-3.048484280822879,-1.4501017330344508,-3.0402234214375623,-2.5371727978619876,-2.1140472574272993,-2.5673910720732493,-1.6598444217012214,0.7745086974371961,1.137885643164848,0.3330023950728077,1.1072245363767113,0.4914778971478252,0.22129271582874568,0.9044595290899121,-6.8311991691589355,3.6809680461883545,0.004925085231661797,-7.14,6.84,1.65
1743700665.266203,2c08d2cc-7a1c-9d34-25ea-6265acb43d72,8ad2b11c-9e7d-bcc9-404c-1cea37ca445f,35,-90.0,-56.0,-75.0,-78.0,-56.0,-58.0,-65.0,-3.06412076484717,-1.418279088536876,-3.003855027275331,-2.504056656022961,-2.226816013267113,-2.5143446453450657,-0.6926377019103716,0.7218228489599405,1.2263806219754179,0.306132098359317,1.0161970245275305,0.5954224059164759,0.21363345767176242,0.8141460818203874,-6.838090419769287,3.6584560871124268,0.1362326592206955,-7.14,6.84,1.65
1743700666.327508,2c08d2cc-7a1c-9d34-25ea-6265acb43d72,62dc73f5-9ff1-f6c2-f7f1-071a3851622c,18,-77.0,-57.0,-88.0,-80.0,-49.0,-60.0,-58.0,3.105140902485443,-1.4285615535056722,-2.851938465001178,-2.6565327484421397,-2.279499226459801,-2.5496890175822196,-1.7895008262093666,0.6100208163953784,1.2059373984996429,0.3052395732094906,1.1278459253294126,0.5611251901679769,0.21880566124678832,0.8883610026545979,-6.86595344543457,3.6193034648895264,0.22062897682189941,-7.14,6.84,1.65
1743700667.328375,2c08d2cc-7a1c-9d34-25ea-6265acb43d72,c0ecd0e4-5fbc-3e6b-5af4-eeec486dc1cd,20,-79.0,-57.0,-85.0,-78.0,-51.0,-64.0,-56.0,3.095631286864988,-1.4440114830956037,-2.7441230514304102,-2.6238171460310618,-2.2098956681891333,-2.585112678520535,-2.06471761158704,0.6102866664511957,1.2467048021504668,0.3059961106961548,1.1268853231242213,0.5850777858481406,0.22371259448487515,0.7075437887085954,-6.866241931915283,3.58042311668396,0.27543941140174866,-7.14,6.84,1.65
1743700668.266149,2c08d2cc-7a1c-9d34-25ea-6265acb43d72,95bf8a6c-dbd9-793a-c37a-6df2ea3ddd63,21,-79.0,-57.0,-81.0,-80.0,-51.0,-64.0,-56.0,3.0892295802366547,-1.4501848236604615,-2.6795672276585623,-2.736751954165289,-2.1838922909675964,-2.585112678520535,-2.148351900206285,0.6037109222456264,1.2461435409507324,0.31255407830144766,1.046851007359751,0.584712473475971,0.22371259448487515,0.5932178987791764,-6.910478591918945,3.6599745750427246,0.286661982536316,-7.14,6.84,1.65
1743700669.340062,2c08d2cc-7a1c-9d34-25ea-6265acb43d72,b48ce3b8-cc24-702c-54e1-a0e589a7b6ad,26,-78.0,-57.0,-80.0,-86.0,-49.0,-60.0,-54.0,3.1250459011049125,-1.450140615186366,-2.6389353789072234,-2.4914186250699903,-2.2110242598124406,-2.585112678520535,-2.217304759402123,0.624398623909471,1.1949538563738835,0.5317913914806824,1.0024017169228654,0.5232471051374624,0.22371259448487515,0.48239679065902946,-6.977025508880615,3.7354373931884766,0.3982001543045044,-7.14,6.84,1.65
1743700670.328643,2c08d2cc-7a1c-9d34-25ea-6265acb43d72,83a3b974-07f4-cc7c-f007-f2c76332eef3,2,-76.0,-51.0,-70.0,-77.0,-55.0,-59.0,-64.0,-3.035597510624094,-1.452585397067059,-2.6342950870238693,-2.522587996152169,-2.1297358527597514,-2.6206133111603007,-1.308869088077317,0.7955977374773155,1.1111226718432874,0.5432031033306991,1.0240833103055276,0.5021740093075155,0.2283475083923598,0.842652244816672,-6.92777395248413,3.8268208503723145,0.616999864578247,-7.14,6.84,1.65
1743700671.33675,2c08d2cc-7a1c-9d34-25ea-6265acb43d72,269f91b6-eb6c-b370-0c08-c4be673ce408,13,-72.0,-54.0,-79.0,-80.0,-49.0,-64.0,-56.0,-3.065840367963034,-1.5155632978930345,-2.6862056893078026,-2.4889338957729463,-2.2146052884670335,-2.620911155573369,1.5707963259743458,0.6351605910325357,1.0796677433132253,0.5537680298226116,1.1321432020643647,0.4524415002630904,0.3371066596490073,1.4486232791552935,-6.870594024658203,3.8978590965271,0.60968279838562,-7.14,6.84,1.65
1743700672.329448,2c08d2cc-7a1c-9d34-25ea-6265acb43d72,68278303-2415-f6b9-9815-f10968e3a170,1,-90.0,-51.0,-71.0,-77.0,-54.0,-60.0,-64.0,-3.137622146720594,-1.5463035005655468,-2.932467130042994,-2.403676788215695,-2.164932446543902,-2.620911155573369,-0.421401510193254,0.7377726538864795,1.0429583313734097,0.33772810784812607,1.171611515735448,0.4256043851637395,0.3371066596490073,0.9884930078356109,-6.744999885559082,4.031829357147217,0.648664951324463,-7.14,6.84,1.65
1743700673.328706,2c08d2cc-7a1c-9d34-25ea-6265acb43d72,dd6bd659-cde4-e891-4fc6-4529a5d128c8,26,-78.0,-57.0,-79.0,-82.0,-48.0,-60.0,-54.0,-3.1407223325455553,-1.5210783050364254,-2.734607576855557,-2.3048242432935884,-2.207711895253969,-2.5602937253173708,-1.9296394281133493,0.6441773221142443,1.1346039629115978,0.3493736119523382,0.973920274328904,0.4628698298942607,0.26515750705817454,1.0265295327213035,-6.727519989013672,4.16428565979004,0.645804762840271,-7.14,6.84,1.65
1743700674.339339,2c08d2cc-7a1c-9d34-25ea-6265acb43d72,de9fbd3d-0b7e-6eec-7937-be5e6f0b6052,32,-82.0,-55.0,-75.0,-74.0,-53.0,-56.0,-59.0,-3.131017240901089,-1.4793732023657844,-2.8829115611110177,-2.3197517938357004,-2.24487092905112,-2.4742208300241515,-2.2845207056253765,0.6732034477301541,1.2127243313796552,0.3138481415646308,0.9807470880462403,0.5424452603509033,0.23567401882138966,0.8480620790305801,-6.730377674102783,4.219369411468506,0.62164568901062,-7.14,6.84,1.65
1743700675.340982,2c08d2cc-7a1c-9d34-25ea-6265acb43d72,8354e68e-b72f-1a88-8168-c92c928c8b48,31,-81.0,-55.0,-76.0,-75.0,-50.0,-57.0,-59.0,-3.095033939832483,-1.4560907828518757,-2.9118843569260986,-2.3155687667115132,-2.252962620623791,-2.441516907407209,-2.415473454655029,0.746989654682162,1.1782402568467096,0.3270431393700783,0.9682283001310776,0.5314960207492968,0.21588345326478597,0.6089078645884499,-6.7320294380188,4.185755252838135,0.5634528994560242,-7.14,6.84,1.65
1743700676.328204,2c08d2cc-7a1c-9d34-25ea-6265acb43d72,83adbc69-c438-1cd7-34fd-a8597f719837,2,-79.0,-52.0,-70.0,-75.0,-54.0,-59.0,-65.0,-3.056961655204819,-1.4295547794342172,-2.9589717081597895,-2.348105937329556,-2.1456089156522875,-2.5474457706781024,-1.2014111945912964,0.7232260019592759,1.2242748605014924,0.32189178687353803,0.9914963385750999,0.5127650549941498,0.233278993250513,0.9664213797616239,-6.725451946258545,4.190725803375244,0.5621400475502014,-7.14,6.84,1.65
1743700677.329134,2c08d2cc-7a1c-9d34-25ea-6265acb43d72,ecdcefba-0b59-41ac-6852-3219df9fdca3,17,-75.0,-57.0,nan,nan,-49.0,-62.0,nan,-3.0697472252821805,-1.4335155657654373,nan,nan,-2.2358786432519135,-2.585112678520535,nan,0.6917530970918558,1.2620185110506403,nan,nan,0.5221929494500035,0.22371259448487515,nan,nan,nan,nan,-7.14,6.84,1.65
1743700678.328063,2c08d2cc-7a1c-9d34-25ea-6265acb43d72,240c7ea2-960c-53d9-aba0-9741be748afa,10,-69.0,-55.0,-77.0,-80.0,nan,-63.0,nan,-3.005268366865836,-1.4245086218007355,-2.996956641103699,-2.3750059948682285,nan,-2.6028535343036556,nan,0.7079687520742121,1.1530853687703662,0.26149355703746746,0.9586668860274207,nan,0.2260644632711081,nan,nan,nan,nan,-7.14,6.84,1.65
1743700679.340695,2c08d2cc-7a1c-9d34-25ea-6265acb43d72,91811fa1-d624-8429-ef98-86136be027d7,6,-68.0,-53.0,-72.0,-74.0,-51.0,-58.0,-62.0,-2.990461191204995,-1.4516237295974312,-2.9528307250021757,-2.367694019779307,-2.1531922210957783,-2.5673910720732493,-1.8495134588834123,0.7428026328163395,1.1477918034716155,0.32838420742650126,0.9131848882988294,0.5329088446222398,0.22129271582874568,0.9129944561209076,-6.725985527038574,4.246573448181152,0.63759583234787,-7.14,6.84,1.65
1743700680.32939,2c08d2cc-7a1c-9d34-25ea-6265acb43d72,a751d1dd-6b75-a6bb-2e9c-1652039ff154,33,-84.0,-56.0,-76.0,-74.0,-52.0,-57.0,-62.0,-2.946714242926591,-1.4378747609957339,-3.0342978880121354,-2.4046557662324077,-2.2536748018201487,-2.4790814618576147,-2.176389796168481,0.779626427524974,1.1814476349055467,0.3538884356588359,0.8615746240068294,0.5629227755153587,0.20820303828000894,0.798695348377506,-6.69469928741455,4.319133281707764,0.765329122543335,-7.14,6.84,1.65
1743700681.266193,2c08d2cc-7a1c-9d34-25ea-6265acb43d72,630c9b67-fd66-dd5c-cb44-de60bb313e9c,0,-86.0,-52.0,-71.0,-75.0,-55.0,-60.0,-61.0,-2.8980215381878005,-1.4790091482447707,3.062194766746825,-2.38315819728107,-2.160502795360659,-2.5632858257576556,-1.4872363131135198,0.8632488202261078,1.1566342972390058,0.2695216394987545,0.840374064096063,0.46423150130386065,0.34152239141031165,1.0101015970174538,-6.651967525482178,4.449548244476318,0.9007304310798645,-7.14,6.84,1.65
1743700682.328508,2c08d2cc-7a1c-9d34-25ea-6265acb43d72,da4683d2-a379-17ae-5523-fa654a360416,9,-68.0,-54.0,-75.0,-77.0,-51.0,-62.0,-61.0,-2.9599402998482516,-1.4736484712865499,3.085601822199749,-2.316680103834403,-2.1693382088360313,-2.5754907646135936,-1.4329619294443279,0.7684153182840673,1.1450716507342087,0.23863458013688132,0.8825616649771989,0.48377215338577373,0.28282172212628337,0.9177894823243794,-6.756587505340576,4.625901222229004,1.0484288930892944,-7.14,6.84,1.65
1743700683.328949,2c08d2cc-7a1c-9d34-25ea-6265acb43d72,a80f7f21-f0f0-e59d-c7af-2fc79fdd57f6,27,nan,-56.0,-76.0,-81.0,-48.0,nan,-56.0,nan,-1.500437741323875,-3.0779188687709795,-2.1649996307908856,-2.2045189771755713,nan,-2.037868701989465,nan,1.200483111429106,0.21255469299016927,0.9129208358767481,0.43331322463890287,nan,0.7454853117691808,nan,nan,nan,-7.14,6.84,1.65
1743700684.341098,2c08d2cc-7a1c-9d34-25ea-6265acb43d72,802cb155-c16d-3461-a5fb-c1d14d297d46,2,nan,-52.0,-70.0,-78.0,-56.0,-59.0,-69.0,nan,-1.5096639966043457,-3.05532940377271,-2.135035340101968,-2.1219390210442874,-2.6318107758643747,-2.1592256369014917,nan,1.1402168412250488,0.18344609260425102,0.9210912809430566,0.4823967906553766,0.2763498422419288,0.7860707428652766,-6.879453659057617,4.852540969848633,1.1437376737594604,-7.14,6.84,1.65
1743700685.344247,2c08d2cc-7a1c-9d34-25ea-6265acb43d72,308729d6-c38b-f5e3-eead-b8594c3d4fc7,31,nan,-55.0,-75.0,-75.0,-51.0,-57.0,-60.0,nan,-1.4607931263886287,-2.978507592652175,-2.252077142111261,-2.1943844439805593,-2.5474457706781024,-2.3785425399203275,nan,1.2236719208306985,0.2390930932528089,0.9935955753043548,0.5134641669963593,0.233278993250513,0.5140284874076165,-7.014781951904297,5.00756025314331,1.2112382650375366,-7.14,6.84,1.65
1743700686.340496,2c08d2cc-7a1c-9d34-25ea-6265acb43d72,b4057994-87f2-f348-7113-5dde51893906,11,nan,-54.0,-78.0,-81.0,-50.0,-72.0,-59.0,nan,-1.4058919273585906,-2.8916166357661597,-2.2534140489784806,-2.217304759402123,-2.105606085905985,-1.7996586520023268,nan,1.2458628437718382,0.19278689710110855,1.182561901505636,0.48239679065902946,0.9506573207043199,0.7766629697831168,-7.020195484161377,5.163638591766357,1.2867600917816162,-7.14,6.84,1.65
1743700687.298951,2c08d2cc-7a1c-9d34-25ea-6265acb43d72,1bcd5ef9-09dd-51ed-1c4f-d340ca3ab58b,11,nan,-54.0,-79.0,-82.0,-50.0,-70.0,-59.0,nan,-1.395205727168539,-2.9375873235547805,-2.3513499338533816,-2.2244870500958513,-2.540573427032718,-1.5202990472895657,nan,1.2025561160216236,0.1888506784309442,1.2559873832879924,0.47183267373534676,0.6387591929678783,0.7666222722083771,-7.021843433380127,5.386993408203125,1.3468713760375977,-7.14,6.84,1.65
1743700688.337774,2c08d2cc-7a1c-9d34-25ea-6265acb43d72,49633604-c476-6baf-09e1-ab0bdae4a1af,20,-77.0,-57.0,-87.0,-77.0,-54.0,-64.0,-57.0,-3.121087644776728,-1.402071889090981,-2.881525918395849,-2.381074540044192,-2.1932070829755586,-2.576710587501078,-1.9582810832977473,0.6340894676421058,1.187583158582926,0.18405126267245792,1.2278177968576793,0.5746031554511063,0.4378839886243441,0.6810051590530213,-7.024423122406006,5.667093753814697,1.39694607257843,-7.14,6.84,1.65
1743700689.326956,2c08d2cc-7a1c-9d34-25ea-6265acb43d72,7cdcf380-c905-bd01-fd3c-4b5b2b9acb14,18,-75.0,-57.0,-90.0,-82.0,-51.0,-62.0,-60.0,-3.0821732686123813,-1.3993754384872756,-2.8212820187449488,-2.349183718622711,-2.2365227465996376,-2.5665901474628825,-2.091560102517749,0.6368985699599216,1.1648895639860335,0.16211916569976023,1.1970259288600196,0.5532824127904231,0.3268913179587944,0.6177812823176116,-7.03254508972168,5.909454345703125,1.399296760559082,-7.14,6.84,1.65
1743700690.328972,2c08d2cc-7a1c-9d34-25ea-6265acb43d72,15aedba0-ec74-8e6b-1700-b3552dfe83a1,30,-82.0,-56.0,-76.0,-79.0,-50.0,-57.0,-57.0,-2.996525209007106,-1.3894952440011363,-2.7607369155747605,-2.380203420051627,-2.2266918480002578,-2.5069551123275153,-2.282851226567148,0.6557505546843744,1.2285051587350289,0.17832633185614183,1.1210589924494003,0.502174009311346,0.2559162278369668,0.4866599042370066,-7.048572540283203,6.10858154296875,1.37520956993103,-7.14,6.84,1.65
1743700691.329412,2c08d2cc-7a1c-9d34-25ea-6265acb43d72,7ffc9b17-b457-da88-7a09-c14ddfd27db6,18,-77.0,-57.0,-91.0,-82.0,-50.0,-62.0,-60.0,-3.0713531114194983,-1.3964124054584535,-2.742517964241419,-2.3919074804103073,-2.2584995389297746,-2.527299796473606,-2.200600322102512,0.6327335191730921,1.2275351023079673,0.15608024819092378,1.1236819398070195,0.4894098502433027,0.24482559921158753,0.4731999053728592,-7.067037105560303,6.290246963500977,1.321090817451477,-7.14,6.84,1.65
1743700692.325866,2c08d2cc-7a1c-9d34-25ea-6265acb43d72,2dd721b7-030b-e126-71c7-6faab73ba3e8,34,-84.0,-56.0,-76.0,-77.0,-52.0,-57.0,-65.0,-3.0515192192011327,-1.366968629604592,-2.9378946523445753,-2.3854330694842156,-2.287693664962738,-2.476732636366056,-1.102958865766843,0.632860352220007,1.194677819726897,0.25570803930635205,1.0964230213114587,0.5497112655780257,0.22195161283894818,1.097633316569985,-7.046266078948975,6.431846618652344,1.2741873264312744,-7.14,6.84,1.65
1743700693.337808,2c08d2cc-7a1c-9d34-25ea-6265acb43d72,85196038-e708-42e2-e0f1-df6a9a5b549b,22,-78.0,-57.0,-80.0,-77.0,-49.0,nan,-54.0,-3.047078398083426,-1.3757396174967136,-2.7972326088370973,-2.3837193253227498,-2.2532779015903985,nan,-2.025165663816731,0.6502981318266006,1.222545936321813,0.4026182914948333,1.0179919951022438,0.5946869064889153,nan,0.8784511939799479,-7.018958568572998,6.446717739105225,1.2067527770996094,-7.14,6.84,1.65
1743700694.329881,2c08d2cc-7a1c-9d34-25ea-6265acb43d72,88f1f904-733e-485c-768d-7e4910cdd651,12,-70.0,-54.0,-77.0,-79.0,-50.0,nan,-58.0,-3.0086351351159144,-1.3782323362770277,-2.8657517489432007,-2.3079880786686027,-2.2956239313068205,nan,-1.588866855367479,0.6447095548580966,1.1086127756739423,0.3197371896831231,0.9577741278509988,0.5381912637974579,nan,0.8026937525125517,-6.93380069732666,6.360656261444092,1.17305326461792,-7.14,6.84,1.65
1743700695.265182,2c08d2cc-7a1c-9d34-25ea-6265acb43d72,a51a345d-402f-438c-2a31-831fb7fd8d6c,13,-72.0,-54.0,-78.0,-77.0,nan,nan,nan,-3.0501583438841027,-1.3718627207398306,-2.923541811965703,-2.2904407765621793,nan,nan,nan,0.6241245180542746,1.0876975734739778,0.24288057437609234,1.1160152316608993,nan,nan,nan,nan,nan,nan,-7.14,6.84,1.65
1743700696.337859,2c08d2cc-7a1c-9d34-25ea-6265acb43d72,84ee28a4-d473-072f-c397-20ea56cd71e8,5,-69.0,-53.0,-72.0,-75.0,-52.0,-60.0,-61.0,-3.0504158715615133,-1.394855920959357,-2.934343327030955,-2.3042607184069275,-2.1616714198946156,-1.805401432532109,-2.023864827140992,0.7808065407830155,1.1189500351821666,0.2257112247626219,1.079917348086393,0.5232471051354491,0.9218585765353317,0.7097457278587515,-6.92461633682251,6.32651662826538,1.1384121179580688,-7.14,6.84,1.65
1743700697.328705,2c08d2cc-7a1c-9d34-25ea-6265acb43d72,10c4081c-27e6-6a00-34ab-025dd9397a26,23,-76.0,-56.0,-80.0,-79.0,nan,-65.0,-54.0,-3.076480761782337,-1.3723090665385276,-2.8544873764804928,-2.341084779431671,nan,-2.499945918909499,-2.1943844439805593,0.7530645914447417,1.1383425084498509,0.2868769443353397,1.0178170254186256,nan,0.7097457278824312,0.5134641669963593,-6.9047722816467285,6.14246654510498,1.0683835744857788,-7.14,6.84,1.65
1743700698.337884,2c08d2cc-7a1c-9d34-25ea-6265acb43d72,400f3495-6378-b043-f9d5-e646301024b1,19,-76.0,-57.0,nan,-78.0,-51.0,-62.0,-58.0,-3.0583518252938404,-1.4191764406661782,nan,-2.3242325623697586,-2.2028276286165465,-2.5302065479616473,-2.1840534100338913,0.6711922284749263,1.1704592990898253,nan,1.0216038407516366,0.5336161290234964,0.45724053735874914,0.46389089278929657,-6.881206035614014,5.9068121910095215,1.0123649835586548,-7.14,6.84,1.65
1743700699.330826,2c08d2cc-7a1c-9d34-25ea-6265acb43d72,8670580e-6d4d-f2d0-69d3-32ca1ff87716,34,-91.0,-56.0,-76.0,-75.0,-53.0,-58.0,-66.0,-3.0237658848491993,-1.3960394297477878,-2.894253165245338,-2.338134263259972,-2.2710353416802773,-2.4734182410594987,-1.1992643494978568,0.6917383831268332,1.2013443777256374,0.27436351603187076,0.985752499315044,0.5724287480122062,0.321624442447525,1.004379625388041,-6.879998207092285,5.78199863433838,0.9882618188858032,-7.14,6.84,1.65
1743700700.2658,2c08d2cc-7a1c-9d34-25ea-6265acb43d72,873a9f41-c08f-6064-7f72-fcb3f76f5c34,34,-86.0,-56.0,-76.0,-75.0,-53.0,-57.0,-66.0,-3.0316696143323365,-1.4050710079525737,-2.90391111893851,-2.358482678200941,-2.314937908042101,-2.451017300631591,-0.48262801645698233,0.6800493696283118,1.2197849040616733,0.2783339063877722,0.9022861678537891,0.5792521870755518,0.2594522846818733,0.7422643083718755,-6.878012657165527,5.701523780822754,0.981888473033905,-7.14,6.84,1.65
1743700701.329264,2c08d2cc-7a1c-9d34-25ea-6265acb43d72,ff1d0a88-3d2e-1f6c-eeb8-c4463001ae40,10,-69.0,-54.0,-77.0,-80.0,-46.0,-64.0,-62.0,-3.0719845469139564,-1.4270133248059544,-2.9043603942144065,-2.323260242255771,-2.260802178661797,-2.5450452532784213,-0.9044436594543539,0.604298415582098,1.0928626412501319,0.27034921680749663,0.943407305876403,0.5204388676117685,0.24772964016290563,0.8814065244009519,-6.790597438812256,5.665632247924805,0.5877976417541504,-7.14,6.84,1.65
1743700702.341463,2c08d2cc-7a1c-9d34-25ea-6265acb43d72,3edf1782-29fc-99f9-007f-daeed4a8d259,13,-72.0,-54.0,-78.0,-79.0,-49.0,-68.0,-59.0,-3.119272167861621,-1.4145699709286683,-2.9855588442703778,-2.331811119883797,-2.274277487149777,-2.566642050188581,0.6420229663121164,0.5601010601843336,1.194556645897298,0.32352693449333303,1.108249453922228,0.42530250783504575,0.40407378589740056,1.1238460673579427,-6.716052532196045,5.60301113128662,0.5339444875717163,-7.14,6.84,1.65
1743700703.265414,2c08d2cc-7a1c-9d34-25ea-6265acb43d72,b08af58f-72ae-5cda-9ca1-9d04bbc6aee6,27,-79.0,-56.0,-78.0,-83.0,-48.0,-60.0,-55.0,-3.1310502640986058,-1.4222989970442963,-2.916637566839672,-2.394040672443461,-2.2571067363742343,-2.5517514544661077,-2.3703369496296944,0.5773009529265559,1.2428713149193522,0.510533140842802,1.1227186744407378,0.4176130410577298,0.3087975234240763,1.1903729088565311,-6.68641233444214,5.488600730895996,0.5051245093345642,-7.14,6.84,1.65
1743700704.331845,2c08d2cc-7a1c-9d34-25ea-6265acb43d72,fa8843a0-88b1-2bd8-03c4-05ffdfd9bf48,31,-82.0,-55.0,-76.0,-77.0,-50.0,-56.0,-57.0,-3.0748495756146634,-1.4019243499665905,-2.8905785355732467,-2.4155097455711347,-2.261791935925062,-2.5069551123275153,-2.398727215975545,0.6215558991828932,1.2004518192862976,0.4900669476026248,0.9924868347635276,0.44771790632629405,0.2559162278369668,0.9256384815226133,-6.659116744995117,5.4203667640686035,0.5058454275131226,-7.14,6.84,1.65
1743700705.330335,2c08d2cc-7a1c-9d34-25ea-6265acb43d72,20dbd7f5-0e47-7ada-edbd-a082787cb92c,34,-86.0,-56.0,-76.0,-76.0,-53.0,-57.0,-68.0,-3.108886105926421,-1.375676633736933,-2.9198778349379717,-2.429706524710129,-2.2956239313068205,-2.4565811054265545,-0.6330969563422713,0.5877953389390949,1.1162585780055052,0.5082643273311362,0.951905253177764,0.5381912637974579,0.2324805495292073,1.0861634738730515,-6.60932445526123,5.426039218902588,0.5132810473442078,-7.14,6.84,1.65
1743700706.266457,2c08d2cc-7a1c-9d34-25ea-6265acb43d72,f0c59bf7-cb26-8ac3-1435-66cd9af6f1e1,0,nan,-51.0,-71.0,-77.0,-54.0,-62.0,-61.0,nan,-1.4268628562043653,-3.014914070017994,-2.4358408499650177,-2.2345101571864814,-2.5485692811531395,-0.6369474538975604,nan,1.1238413299982606,0.3479031475564509,0.9942869319233394,0.3805626552743184,0.32328638399599724,0.8177220122472739,-6.604590892791748,5.40432596206665,0.5277852416038513,-7.14,6.84,1.65
1743700707.32987,2c08d2cc-7a1c-9d34-25ea-6265acb43d72,82fee867-1e93-b959-9923-801ac2a3acb8,0,-92.0,-51.0,-71.0,-80.0,-54.0,-62.0,-61.0,-2.99830393429917,-1.4510424946895215,-3.1251606833478953,-2.430815731304147,-2.182389914175086,-2.5561492452457664,-0.6810863718989234,0.6828112674158058,1.1539787261580337,0.28944652860261627,0.9241015850812275,0.320098644082161,0.37068560441699466,0.7293283753341332,-6.6226630210876465,5.547657012939453,0.6081549525260925,-7.14,6.84,1.65
1743700708.338407,2c08d2cc-7a1c-9d34-25ea-6265acb43d72,db4e68ae-e480-5dff-a575-47a20261d933,27,-83.0,-56.0,-78.0,-83.0,-49.0,-60.0,-57.0,-2.9848179528551175,-1.4242644099287747,-3.0965980143406866,-2.4294734981147474,-2.2175804376942554,-2.554764146572653,-1.881443469201422,0.7629685546436102,1.2020270790710794,0.3354257385067253,1.0048469648567488,0.37302562754152624,0.2942785936810289,0.8865768423299271,-6.64244031906128,5.745709419250488,0.6890829801559448,-7.14,6.84,1.65
