1743699314.298556,2c08d2cc-7a1c-9d34-25ea-6265acb43d72,f3a1c4c7-7391-0919-c278-0a91d3ed0b1e,5,-65.0,-69.0,-61.0,-70.0,-52.0,-44.0,-56.0,2.5998534899103105,-2.44980992883081,-2.7515982782941535,-0.05239343338956489,-0.5661018888644926,-2.4151250589625244,-0.8133943954633283,1.4021162307231307,1.291467080594464,0.5777213329046249,0.7158554373263726,0.282821722079177,0.5285947190946547,0.23229496318199747,-2.35732889175415,6.1354756355285645,1.2542476654052734,-2.34,6.84,1.65
1743699315.298432,2c08d2cc-7a1c-9d34-25ea-6265acb43d72,ba63493a-6042-1126-5d12-138b4943e5cc,21,-68.0,-77.0,-65.0,-79.0,-64.0,-50.0,-62.0,2.526108961429362,-2.647014078073979,-2.773634338417905,-0.011102718584540344,-0.6673718234383383,-2.3861876364720738,-0.9669830623141754,1.3343330551842705,1.2707731205020578,0.5985736179238362,0.7203410661294203,0.2356740187847093,0.35519894621740616,0.44461336028823584,-2.3248579502105713,6.137450218200684,1.2126319408416748,-2.34,6.84,1.65
1743699316.30523,2c08d2cc-7a1c-9d34-25ea-6265acb43d72,3e56b3b9-61a4-f08a-683d-672bd8678bde,22,-68.0,-75.0,-65.0,-77.0,-64.0,-50.0,nan,2.5557643254318307,-2.704159389796572,-2.804919024375284,0.024076307834861352,-0.7351958981070001,-2.3742823008707594,nan,1.400109006209538,1.3036451836271783,0.6366984999830294,0.7528232424709533,0.20955653111965106,0.26957238283895607,nan,-2.3581178188323975,6.15149736404419,0.9944673776626587,-2.34,6.84,1.65
1743699317.312242,2c08d2cc-7a1c-9d34-25ea-6265acb43d72,57bd5002-ff82-e8fe-3459-cb64a5d42710,24,-69.0,-76.0,-64.0,-75.0,nan,nan,nan,2.541848776103949,-2.906449377773465,-2.7790285712058607,0.06574279466969607,nan,nan,nan,1.3835779663750891,1.2687604365082306,0.5641874145609512,0.8100695545778878,nan,nan,nan,nan,nan,nan,-2.34,6.84,1.65
1743699318.303303,2c08d2cc-7a1c-9d34-25ea-6265acb43d72,2178bcb1-2110-0b16-163d-4e621c9b8046,10,-64.0,-74.0,-60.0,-75.0,-51.0,-46.0,-55.0,2.4490461342301755,-2.977194654234766,-2.7723062199822825,0.051784901080481775,-0.6905753528263952,3.0865435279703464,-0.872916463755288,1.2998509780221426,1.4219547834734034,0.5565875184686785,0.9278842059355218,0.2594522846423193,0.3137140064324021,0.3953356326761137,-2.3527231216430664,6.175588130950928,0.968552589416504,-2.34,6.84,1.65
1743699319.298319,2c08d2cc-7a1c-9d34-25ea-6265acb43d72,09a63c0c-f299-8664-655d-0efcd0d1be3f,18,-67.0,-74.0,-67.0,-85.0,-69.0,-48.0,-61.0,2.4414539945945775,-3.052248659023706,-2.8551307961998558,0.08419131048900198,-0.720210032005983,-2.743702658557895,-0.9960421674403162,1.377287047248104,1.2999376639156246,0.610373951555923,0.917019174478271,0.2258857718879086,0.2584336229520609,0.48342811481374015,-2.427445888519287,6.083499908447266,0.8702887892723083,-2.34,6.84,1.65
1743699320.28274,2c08d2cc-7a1c-9d34-25ea-6265acb43d72,bc258e9f-1ffa-16c3-e1b7-e9564c16b9fc,24,-69.0,-76.0,-64.0,-74.0,-67.0,-51.0,nan,2.4369196965226085,-3.118844464190554,-2.8038569557325603,0.03673830723764309,0.03631208839305432,-2.5474457706781024,nan,1.3823666275532667,1.2859209144663195,0.5673917965635619,0.8797084873433426,0.2790780071236759,0.233278993250513,nan,-2.440157175064087,6.0765962600708,0.8448516130447388,-2.34,6.84,1.65
1743699321.304621,2c08d2cc-7a1c-9d34-25ea-6265acb43d72,181c7bb9-03b2-3bfc-8743-25f1e54d6ea6,27,-80.0,nan,-63.0,-74.0,nan,nan,-62.0,2.4532747014090033,nan,-2.8015791540522152,0.10602283984103554,nan,nan,-1.1608743070104017,1.348455398970797,nan,0.5606900182594047,0.7874394097939668,nan,nan,0.41670069533833165,nan,nan,nan,-2.34,6.84,1.65
1743699322.306817,2c08d2cc-7a1c-9d34-25ea-6265acb43d72,07bd01f1-67ed-738c-4b94-6b52bc3d5fbb,10,-65.0,nan,-60.0,-75.0,-50.0,-46.0,-55.0,2.42372799437901,nan,-2.7775742189345682,0.04390673794380937,-0.29617307316298525,2.997107954690365,-0.9744093006412472,1.316837951035213,nan,0.5171498977291583,0.9424231346955642,0.33500179277503617,0.25919263213113913,0.3874418064942025,-2.4535064697265625,6.08120584487915,0.7707620859146118,-2.34,6.84,1.65
1743699323.311773,2c08d2cc-7a1c-9d34-25ea-6265acb43d72,82a0f2a4-3ed2-a9ec-90f1-9ba38a642ca4,32,-89.0,nan,-65.0,-75.0,-53.0,-51.0,-58.0,2.436906913349376,nan,-2.7464165657611863,0.05552078345764493,-0.45980545836959524,-1.5707963263139229,-0.9035132976061562,1.400437107655836,nan,0.4934274241346276,0.9480125771914223,0.4939359452345272,1.361356816555577,0.28094375518883785,-2.3889739513397217,6.117201805114746,0.764388680458069,-2.34,6.84,1.65
1743699324.283152,2c08d2cc-7a1c-9d34-25ea-6265acb43d72,9d7321f8-1175-2414-3288-634abe5d9181,27,-80.0,nan,-63.0,-74.0,-64.0,-51.0,-61.0,2.450784645789779,nan,-2.7285046769015313,0.05782388516834546,-0.8903940448693058,-2.354508245414005,-1.2223478211665875,1.2838095603541047,nan,0.5566179783736462,0.8047372402852766,0.5004395108068708,0.8462225914625859,0.5340655749910034,-2.462369680404663,6.09382677078247,0.7165896892547607,-2.34,6.84,1.65
1743699325.279799,2c08d2cc-7a1c-9d34-25ea-6265acb43d72,43dffbed-97d4-f832-163f-bad1c4b23790,1,-69.0,nan,-62.0,-68.0,-57.0,-46.0,-59.0,2.4845061241445805,nan,-2.7042043972189944,-0.005220594684882331,-0.7951864145957602,-2.4424378121566317,-0.9473697868797253,1.30942837109234,nan,0.49550492281148484,0.7567544677140737,0.3563814688609685,0.6034116484079771,0.4144568782174328,-2.4845404624938965,6.080809593200684,0.6880059242248535,-2.34,6.84,1.65
1743699326.304507,2c08d2cc-7a1c-9d34-25ea-6265acb43d72,e8992444-74af-de48-a514-7097154b11d7,30,-81.0,-78.0,-65.0,-74.0,-54.0,-52.0,-58.0,2.633807728544385,2.819400761750917,-2.7111730908434044,0.06186789528363078,-0.7678765533541423,-2.412251042770873,-0.8904237400968409,1.3232777408671337,1.2093840615824232,0.48465114320983965,0.7779534963072134,0.43704495402874605,0.57507482876086,0.2977056465984365,-2.5199170112609863,6.101589679718018,0.4252477288246155,-2.34,6.84,1.65
1743699327.299205,2c08d2cc-7a1c-9d34-25ea-6265acb43d72,e0721162-1455-0270-191e-9be414a73c4e,1,-69.0,-69.0,-62.0,-69.0,nan,-46.0,-60.0,2.6525212288921534,3.0143532082924236,-2.726900921293086,-0.015341938407728477,nan,-2.4402402406027117,-0.8197352236800253,1.3912719719223827,1.256721084168309,0.5461662362280622,0.728034871939632,nan,0.47581605890587403,0.25619791657002394,-2.5454092025756836,6.101566314697266,0.4307537078857422,-2.34,6.84,1.65
1743699328.299036,2c08d2cc-7a1c-9d34-25ea-6265acb43d72,5355cc6d-3b90-3f45-2b2c-705f5baa0f70,7,-63.0,-69.0,-60.0,-72.0,-53.0,-45.0,-56.0,2.605727890642807,3.048981226682288,-2.71422933451038,-0.13333488840034316,-0.689721259959668,3.0601939529191764,-0.7930319237152506,1.4498399442992962,1.3495211960390467,0.5988083755739269,0.8339256855696269,0.3308365497190138,0.5395890444312039,0.22416078622400717,-2.587087631225586,6.018259048461914,0.518125355243683,-2.34,6.84,1.65
1743699329.307995,2c08d2cc-7a1c-9d34-25ea-6265acb43d72,bc451f1d-249d-0963-0089-6b1f640183ea,28,-84.0,-80.0,-63.0,-74.0,-60.0,-51.0,-61.0,2.593050178589594,2.703195858114181,-2.7241394895587825,-0.009084841426587305,-0.8931607689300669,-2.769758155754873,-0.9457710626105023,1.3640342255574882,1.2828564149999653,0.6354499434849729,0.7889966266623634,0.46978569161618206,0.4599397102378498,0.28974251146131075,-2.667811393737793,5.90937614440918,0.555126667022705,-2.34,6.84,1.65
1743699330.280814,2c08d2cc-7a1c-9d34-25ea-6265acb43d72,7cb2854f-94b0-3e87-38ec-32d99982c9fe,21,-68.0,-75.0,-66.0,-79.0,-64.0,-50.0,-65.0,2.667704442898913,2.8705920442244195,-2.798029692951358,-2.23705531566656e-05,-0.8081570901983913,-2.5485692811531395,-1.0846460011249592,1.3730968295889736,1.1290336951755882,0.6440534185445284,0.8191180438555956,0.3384523429873006,0.32328638399599724,0.3857995085065163,-2.6373705863952637,5.929556846618652,0.6669347882270813,-2.34,6.84,1.65
1743699331.304059,2c08d2cc-7a1c-9d34-25ea-6265acb43d72,47402739-8cdd-0045-7f51-e88ea38eb3cc,25,-71.0,-77.0,-63.0,-74.0,nan,-51.0,nan,2.6900020254417107,2.626460067096856,-2.78501775418134,0.05141685221783283,nan,-2.451017300631591,nan,1.4082339112212066,1.0339953961457207,0.6315831001612051,0.7407871525033675,nan,0.2594522846818733,nan,nan,nan,nan,-2.34,6.84,1.65
1743699332.311278,2c08d2cc-7a1c-9d34-25ea-6265acb43d72,5f919bfd-6df1-2f85-dc5a-1f7faa3e61aa,12,-66.0,-87.0,-62.0,-75.0,-50.0,-47.0,-56.0,2.6392107497639374,-3.0011015850242977,-2.7878303186085724,0.046886815203608045,-0.7567891668666914,-2.403824097326796,-1.1182884917198497,1.4408614961582575,1.1478601135535762,0.5449300301395611,0.7676041859950566,0.2993388547542619,0.22248671693703098,0.45204892536580427,-2.6578879356384277,6.028899192810059,0.6607945561408997,-2.34,6.84,1.65
1743699333.304246,2c08d2cc-7a1c-9d34-25ea-6265acb43d72,d8a4850f-252b-a42d-78c5-aff9f13c4a50,36,-73.0,-80.0,-64.0,-75.0,-52.0,-51.0,-57.0,2.6548994317455943,-3.0561286184158423,-2.7582487241682996,-0.024601483201824977,-0.6799205757867095,-1.5467797685455076,-0.9304230615275775,1.5033461795503507,1.184203074527397,0.5652071389423426,0.8163120707520608,0.42198926628523703,0.94226819667386,0.34467985497750847,-2.578145742416382,6.120271682739258,0.735911726951599,-2.34,6.84,1.65
1743699334.298211,2c08d2cc-7a1c-9d34-25ea-6265acb43d72,e77a39d2-b8b3-3ac4-cc3f-3758cac24f53,26,nan,-79.0,-63.0,-74.0,-70.0,-50.0,-65.0,nan,-3.076387284828075,-2.7394958090363972,0.005390238046320378,0.04369770598812962,-2.146521379322703,-1.2736425047706514,nan,1.1298819119827783,0.5174865878699717,0.7804756430175731,0.6453128577625247,0.697702714797036,0.5215729113434548,-2.899017810821533,5.940234661102295,0.8384474515914917,-2.34,6.84,1.65
1743699335.298082,2c08d2cc-7a1c-9d34-25ea-6265acb43d72,3010fee1-3233-d655-9675-3fbe8c029e34,18,nan,-73.0,-67.0,-83.0,-70.0,-48.0,-63.0,nan,-3.027042105622215,-2.8322260129285204,0.03270654766337213,-0.3623272590396493,-2.2681423340338935,-1.2223478211665875,nan,1.0970681720855306,0.6333474443833825,0.7290625192252663,0.5118951113035451,0.4365519674136524,0.5340655749910034,-3.06142258644104,5.78299331665039,0.8860796093940735,-2.34,6.84,1.65
1743699336.304274,2c08d2cc-7a1c-9d34-25ea-6265acb43d72,046e55d4-a9f1-b733-5bb5-fea0a5f77007,35,nan,-80.0,-64.0,-74.0,-52.0,-52.0,-58.0,nan,-3.0436232128851577,-2.774202656994528,0.016556872497022625,-0.4780919663688734,-1.3520918270708646,-0.9865743025359841,nan,1.0941163243332865,0.5734381709234505,0.8182158980363312,0.5562201261281723,0.8883610026209232,0.4068730229327641,-3.166583299636841,5.720742225646973,0.9305102229118347,-2.34,6.84,1.65
1743699337.298599,2c08d2cc-7a1c-9d34-25ea-6265acb43d72,cbdd7154-1408-54dc-34bd-01546a6d3bd4,0,nan,-72.0,-61.0,-68.0,-58.0,-45.0,-61.0,nan,-3.024182403243688,-2.7259251390696804,-0.042867572486460455,-0.6217419183379462,-2.113026900226628,-0.8732286097411718,nan,1.0107135758430572,0.5402995919522403,0.7316471170631882,0.36231244304301663,0.7917578801260676,0.3036114303355136,-3.092851400375366,5.723759651184082,1.13908326625824,-2.34,6.84,1.65
1743699338.30537,2c08d2cc-7a1c-9d34-25ea-6265acb43d72,fecc97a0-cc6f-4566-eb2e-2b96dc3d0c49,18,nan,-74.0,-67.0,-81.0,-73.0,-48.0,-61.0,nan,-3.062723670539315,-2.813391871383371,0.011593272857332939,-0.6613263657295162,-2.282851226567148,-0.9995080487912572,nan,0.9347578247090162,0.5517112705127434,0.7497729909164309,0.29414926652526613,0.4866599042370066,0.4259388308179543,-3.045072317123413,5.74366855621338,1.1432629823684692,-2.34,6.84,1.65
1743699339.284426,2c08d2cc-7a1c-9d34-25ea-6265acb43d72,93f5d1bf-dd50-533c-45c6-7a4c0ca0f98a,30,-84.0,-77.0,-64.0,-74.0,-54.0,-51.0,-59.0,-2.885861278334389,-3.078826740386588,-2.765258164157388,0.06360560789490749,-0.68407155733647,-2.33149215009309,-0.8946752779564991,1.412427857305863,0.8883240132068307,0.5996423444692851,0.7740179434273218,0.3760894247320082,0.47914097483845225,0.308656538825561,-2.9805209636688232,5.82822608947754,1.1539897918701172,-2.34,6.84,1.65
1743699340.307293,2c08d2cc-7a1c-9d34-25ea-6265acb43d72,35a7005d-9eaa-9f16-0c78-068524dbf7d6,25,-71.0,-77.0,-63.0,-73.0,-70.0,-51.0,nan,-2.8414096576315497,-3.1126949589174524,-2.7185809397315692,0.07839920143418865,0.07476215106111125,-2.350948660895975,nan,1.379690683289955,0.9482346182473077,0.6099553692115898,0.8100106987177971,0.3655842370085348,0.344133056191007,nan,-3.068567991256714,5.752938270568848,1.1816116571426392,-2.34,6.84,1.65
1743699341.304476,2c08d2cc-7a1c-9d34-25ea-6265acb43d72,bf64044c-32d8-ada7-698b-d41a41217e36,10,-65.0,-75.0,-60.0,-74.0,nan,nan,nan,2.347685690509542,3.0940546954996604,-2.6850655900451397,0.014447382597570859,nan,nan,nan,1.3665642285930635,1.122653160677922,0.5260060069076214,0.8922189528800988,nan,nan,nan,nan,nan,nan,-2.34,6.84,1.65
1743699342.297802,2c08d2cc-7a1c-9d34-25ea-6265acb43d72,07c9f3ec-8b24-37e8-d7a0-b60b7a49db85,23,-69.0,-75.0,-64.0,-75.0,-62.0,-50.0,-63.0,2.3205928201079478,3.110613698525555,-2.7200020024892355,-0.021701833406946702,0.4558614806724139,-2.356765382785963,-1.1513329574236821,1.4025825502300036,1.0809007203189047,0.5431505391886837,0.8480668712208659,0.28386130601743353,0.26519113514515136,0.25856398718861123,-3.11114764213562,5.783291816711426,1.1716034412384033,-2.34,6.84,1.65
1743699343.297895,2c08d2cc-7a1c-9d34-25ea-6265acb43d72,9b28f316-5999-66e7-4f75-f13c7e14c8bb,30,nan,-77.0,-64.0,nan,-56.0,-51.0,nan,nan,3.1141770080640816,-2.720864866682421,nan,-0.1680525931357924,-1.5106632810347664,nan,nan,1.0876325257643527,0.6121186549650611,nan,0.36179740116831477,0.8536362199216175,nan,nan,nan,nan,-2.34,6.84,1.65
1743699344.278819,2c08d2cc-7a1c-9d34-25ea-6265acb43d72,3278daab-823e-0cce-02c2-1467e71e710d,23,-69.0,-75.0,-64.0,-75.0,-63.0,nan,nan,2.322248241041541,3.0094007939293124,-2.751112251395214,-0.09264178694393241,-0.5097818776239716,nan,nan,1.440446575660423,1.0895418125288576,0.6200405605226381,0.7927657319741253,0.2763498421942981,nan,nan,nan,nan,nan,-2.34,6.84,1.65
1743699345.298907,2c08d2cc-7a1c-9d34-25ea-6265acb43d72,01287857-dd11-8efc-b4d1-28cc0d47c9ec,30,-82.0,-78.0,-65.0,-74.0,-56.0,-51.0,-59.0,2.371927380648097,2.970891484566766,-2.7482075415942644,-0.04696830793296446,-0.6216772593296588,-2.004079378902633,-1.6924131594564977,1.3559794948405435,1.0565702137579953,0.6480737931051391,0.8617311512998991,0.4857217718907823,0.8046055484474056,0.653641921976618,-3.1909406185150146,5.847936153411865,1.1845873594284058,-2.34,6.84,1.65
1743699346.299337,2c08d2cc-7a1c-9d34-25ea-6265acb43d72,62482c88-f6d8-ce39-0b6d-bc411c8b13d1,17,-67.0,-75.0,-66.0,-84.0,-63.0,-48.0,-61.0,2.3785751633611527,3.072526233879678,-2.7767052294708754,-0.012176771452169301,-0.6980374593419439,-2.243659612113966,-1.3979624300853866,1.399676508848509,1.0478047519251357,0.6801803305749164,0.9023649308430283,0.41644133155681906,0.5113685064354669,0.5706021093474067,-3.3746280670166016,5.813241958618164,1.170035719871521,-2.34,6.84,1.65
1743699347.299663,2c08d2cc-7a1c-9d34-25ea-6265acb43d72,b0cf6878-82c0-17a3-2522-c60a8b6f83de,1,-69.0,-69.0,-62.0,-69.0,nan,-46.0,-60.0,2.419682120050962,-3.0524697013941826,-2.7970746833844555,-0.03943715468632939,nan,-2.3614983416541273,-1.0196536323531722,1.3981662301943252,0.9109739319618455,0.6688634938387337,0.780950151744798,nan,0.4180090237563268,0.4823967906067909,-3.2271127700805664,5.97967529296875,1.1442049741744995,-2.34,6.84,1.65
1743699348.298111,2c08d2cc-7a1c-9d34-25ea-6265acb43d72,10a012eb-a776-ab73-bbe3-73599f16eb24,28,-87.0,-80.0,-63.0,-74.0,-62.0,-51.0,-61.0,2.4324093669004503,-3.0387576175735824,-2.767572451144667,0.004389954740886616,-0.9436845847282452,-2.3491747619468515,-1.1983824250948312,1.3738968431804333,0.9122749527333766,0.6533583702352106,0.7611064058303996,0.4436018497247506,0.39922474622009196,0.5623531901577566,-3.0770065784454346,6.1157426834106445,1.158469319343567,-2.34,6.84,1.65
1743699349.299687,2c08d2cc-7a1c-9d34-25ea-6265acb43d72,f9c7ff27-db5f-a433-7229-b1da7ab83ace,30,-81.0,-77.0,-64.0,-74.0,nan,nan,nan,2.6578219847258473,-3.0260370286268192,-2.7832866994727885,0.024074709938207307,nan,nan,nan,1.299266147846761,0.7135389532311944,0.5890849746969657,0.8338852055210577,nan,nan,nan,nan,nan,nan,-2.34,6.84,1.65
1743699350.306569,2c08d2cc-7a1c-9d34-25ea-6265acb43d72,3880469d-0307-b1b8-f2c3-ad78e6560d09,28,nan,-80.0,-63.0,-74.0,-62.0,-51.0,-61.0,nan,-3.0071557491303755,-2.775887372700112,0.03839106501014626,-1.0587792864358263,-2.3614983416541273,-1.230764935536803,nan,0.7292964779270297,0.57294102532696,0.7780889846276712,0.4419184457738704,0.4180090237563268,0.5602182822580368,-3.0135984420776367,6.169498443603516,1.130065679550171,-2.34,6.84,1.65
1743699351.304894,2c08d2cc-7a1c-9d34-25ea-6265acb43d72,f20f6c13-6a9c-d1fc-df47-6a9e9cced59e,35,-75.0,-79.0,-64.0,-75.0,nan,-52.0,-58.0,2.680032748217108,-2.965346783177221,-2.7482410974239997,0.00010785802414820913,nan,-1.381533660760718,-0.9929442207848254,1.47867505468602,0.6946195905311625,0.5287675717999791,0.8463418752037943,nan,0.9292038086213348,0.41645319851443946,-3.076897144317627,6.173919200897217,1.1432795524597168,-2.34,6.84,1.65
1743699352.311936,2c08d2cc-7a1c-9d34-25ea-6265acb43d72,c2f10573-cfc3-f9f5-def6-689710b607b3,28,-92.0,-81.0,-63.0,-74.0,-62.0,-51.0,-62.0,2.7078276278820472,-3.003021990486354,-2.723555192015619,0.05754159009279706,-1.1116580808496026,-2.0666468003112426,-1.1450561285023906,1.4519539615726011,0.6427479369781715,0.557671491611368,0.796286164619101,0.4714690599492576,0.7954523165461647,0.34467985498374265,-3.0704145431518555,6.197204113006592,1.1450676918029785,-2.34,6.84,1.65
1743699353.304653,2c08d2cc-7a1c-9d34-25ea-6265acb43d72,149cf7f5-8834-cba8-85c4-bfe79aa5a57f,7,-64.0,-70.0,-60.0,-72.0,-52.0,-45.0,-55.0,2.724463329947336,-3.062571604041071,-2.704402270087987,-0.02506434059928075,-0.8501683769784573,3.091364513784008,-0.9500761034283888,1.4280177360110775,0.6804879922598478,0.5933328497936967,0.9049007928330016,0.39108532475348934,0.8022208447592608,0.29992444719111727,-3.004971504211426,6.258605480194092,1.2181147336959839,-2.34,6.84,1.65
1743699354.299069,2c08d2cc-7a1c-9d34-25ea-6265acb43d72,7b2e99ce-861b-03ac-eff6-d3d53fb9f95b,8,-64.0,-70.0,-59.0,-73.0,-52.0,-46.0,-56.0,2.573756641756406,-3.091201917339968,-2.7042043972189944,-0.09889169339013036,-0.7252609053126876,2.618715907630904,-0.8717850628143047,1.3946587138806363,0.8432167222436135,0.545102536399171,0.9706789409661686,0.32160928139075057,0.5618046739197455,0.24215464686612853,-2.794184923171997,6.497714519500732,1.2313966751098633,-2.34,6.84,1.65
1743699355.299702,2c08d2cc-7a1c-9d34-25ea-6265acb43d72,e2dd53a1-ac3f-b83f-2c1f-6c49b9215706,27,-81.0,-80.0,-63.0,-74.0,-68.0,-51.0,-62.0,2.5754386943009,-3.1036716365120456,-2.7127193221723047,-0.1400806754415139,-0.954552835728877,-2.9343650344095686,-1.1803543503000395,1.369620072785875,0.8397378349116431,0.5893359110506785,0.7853026224933417,0.3100440430067001,0.5661239397356649,0.48254274768365796,-2.8335204124450684,6.413917064666748,1.2444658279418945,-2.34,6.84,1.65
1743699356.309258,2c08d2cc-7a1c-9d34-25ea-6265acb43d72,c90b05d0-37a5-f36d-ff17-ce866ba95cd8,21,-68.0,-76.0,-65.0,-79.0,-62.0,-48.0,-64.0,2.6043100236784493,3.080688289988553,-2.749313019762756,-0.12424418801935769,-0.857879638896294,-2.632822606391757,-1.2016493015777854,1.3678944775575583,0.9344326527399176,0.5946916611608823,0.7222101391614653,0.2583452660579568,0.3708470206189812,0.4758160588543515,-2.916217088699341,6.3598370552063,1.2268952131271362,-2.34,6.84,1.65
1743699357.297811,2c08d2cc-7a1c-9d34-25ea-6265acb43d72,5c3ed4e1-ca3b-7962-7468-9c2141507b83,7,-64.0,-70.0,-60.0,-72.0,-55.0,-46.0,-56.0,2.64971425710321,-2.9767909190135096,-2.733472803915074,-0.1435403880136358,-0.758046870233508,2.9864826729134233,-0.9686107234174017,1.3817485078642593,1.1051217043799846,0.563141790937959,0.8673944965160069,0.23171228239050845,0.44904448943577757,0.37759700748377106,-2.868959903717041,6.3515777587890625,1.2498283386230469,-2.34,6.84,1.65
1743699358.304144,2c08d2cc-7a1c-9d34-25ea-6265acb43d72,a6872e58-0cfb-b41b-90fe-7f8865bca7b9,13,-66.0,-82.0,-63.0,-76.0,-51.0,-47.0,-56.0,2.7218177457204513,-3.0043402552259435,-2.7656384635610514,-0.1642123770270489,-0.7434173246519734,-2.8086890962440574,-1.0430545237665798,1.4248989080584864,1.0738723718860768,0.5235879897958841,0.8855980680940528,0.24825146555028327,0.3313083297448314,0.4806805475616472,-2.8933069705963135,6.280133247375488,1.2703808546066284,-2.34,6.84,1.65
1743699359.299782,2c08d2cc-7a1c-9d34-25ea-6265acb43d72,db31f475-2a22-587c-6638-507b51fc92e3,9,-64.0,-72.0,-60.0,-73.0,-51.0,-45.0,-55.0,2.646284638251406,-3.139305797161742,-2.7817159670618596,-0.1743869839716966,-0.6877093209885959,2.862093229840318,-0.9070824962336304,1.3149765345913018,1.291531529092844,0.46467630319078207,0.926803362007113,0.24598182684716197,0.3534715966932229,0.3805626552285532,-2.957578420639038,6.07927703857422,1.2849560976028442,-2.34,6.84,1.65
1743699360.299586,2c08d2cc-7a1c-9d34-25ea-6265acb43d72,f1de7e8f-3627-8281-92fe-a4c5d3b05cfb,13,-66.0,-82.0,-63.0,-76.0,-51.0,-47.0,-56.0,2.556807751946924,-2.9430252321846133,-2.800544782284829,-0.1395839958982141,-0.7026243291755837,-2.866972611449167,-1.027545395968302,1.3987599819593584,1.1345847881517492,0.44929008972993106,0.8822149879822979,0.22921742780146856,0.303107513081985,0.4914778970990351,-3.0224363803863525,5.99001932144165,1.3594471216201782,-2.34,6.84,1.65
1743699361.304286,2c08d2cc-7a1c-9d34-25ea-6265acb43d72,f9b65aa4-0702-62dc-93c4-ac92d6bd5bf9,12,-66.0,-91.0,-62.0,-75.0,-50.0,-47.0,-56.0,2.5039796906674576,-2.8597865344175326,-2.8199712108564117,-0.18132664914022506,-0.6905753528263952,-2.5984347132229733,-1.0761565004416123,1.3496138740449817,1.1341646744897893,0.47414081152027376,0.7950264894234935,0.2594522846423193,0.2559879865182337,0.514849513881366,-3.0809481143951416,5.943127632141113,1.4128433465957642,-2.34,6.84,1.65
1743699362.298175,2c08d2cc-7a1c-9d34-25ea-6265acb43d72,4d429857-99d5-c934-30ff-006f751ee173,21,-68.0,-75.0,-65.0,-79.0,-61.0,-48.0,-63.0,2.572753695289882,-2.898020739239473,-2.7798219268945954,-0.12341647755256105,-0.7377685561250699,-2.476732636366056,-1.1671897614766722,1.383179424317959,1.03540014704171,0.5250255308627951,0.7448473413222749,0.22248671690437516,0.22195161283894818,0.49556443206406275,-3.179924488067627,5.90614414215088,1.4122613668441772,-2.34,6.84,1.65
1743699363.304868,2c08d2cc-7a1c-9d34-25ea-6265acb43d72,10d44688-6bd8-aee1-8077-7c2183f010ce,17,-67.0,-74.0,-66.0,-81.0,-63.0,nan,nan,2.568717408341758,-2.8432243355983298,-2.863860371937027,-0.09843309705041872,-0.7321502672860618,nan,nan,1.476464764139309,1.0797451747219193,0.6221577070102238,0.7299747184776458,0.27809649619451277,nan,nan,-3.407399892807007,5.754316329956055,1.4964919090270996,-2.34,6.84,1.65
1743699364.279443,2c08d2cc-7a1c-9d34-25ea-6265acb43d72,849bffdd-c948-fe20-c870-75877c4eeff1,27,-80.0,nan,-63.0,-74.0,nan,-50.0,-63.0,2.6198746023533084,nan,-2.8428821193982543,-0.031039941453200545,nan,-2.4094423861646956,-1.278944799609774,1.466531040115259,nan,0.5381964270603774,0.6869354386799025,nan,0.2780964962353479,0.4623315133322594,-3.699049234390259,5.550012111663818,1.4707895517349243,-2.34,6.84,1.65
1743699365.277799,2c08d2cc-7a1c-9d34-25ea-6265acb43d72,42c6a3ed-3e36-a7b5-d0a8-de3a3eca80e1,18,-67.0,nan,-67.0,-81.0,nan,-48.0,-62.0,2.6263056037536314,nan,-2.879338131560349,-0.03283384676347792,nan,-2.3485607297283893,-1.2032797492207732,1.4399203350290235,nan,0.5463126102194756,0.7030600801320053,nan,0.2241607862552026,0.5218331722923593,-3.7417900562286377,5.6132354736328125,1.481249213218689,-2.34,6.84,1.65
1743699366.304655,2c08d2cc-7a1c-9d34-25ea-6265acb43d72,3c5e2b7b-cf57-fe32-bfd2-e3ff3abd13a3,8,-64.0,nan,-60.0,-73.0,-52.0,nan,-55.0,2.675635869257387,nan,-2.841441615564631,-0.05441876739857014,-0.6936120520324123,nan,-0.9639444061275984,1.3938773424168072,nan,0.5557508864122301,0.8754839814851771,0.2728899315175513,nan,0.40587865240382154,-3.618102788925171,5.709131717681885,1.4915225505828857,-2.34,6.84,1.65
1743699367.278959,2c08d2cc-7a1c-9d34-25ea-6265acb43d72,6c379f89-c003-6927-5b5f-621b44844fe0,16,-66.0,nan,-65.0,-80.0,-57.0,-47.0,-62.0,2.6608249651710207,nan,-2.815739980516494,-0.016523316667287624,-0.7292111011844178,-2.3338626014578723,-1.0129348722165696,1.4284691418158464,nan,0.6434060706625573,0.9454183919735761,0.33464732055105695,0.20823976654476112,0.5314960206905129,-3.592725992202759,5.73987102508545,1.488757610321045,-2.34,6.84,1.65
1743699368.279105,2c08d2cc-7a1c-9d34-25ea-6265acb43d72,f1e3f413-06e5-745e-42ec-41fe1f48ab30,1,-69.0,nan,-62.0,-68.0,-57.0,-48.0,-58.0,2.6796391330079943,nan,-2.796956971664274,-0.04568759376474536,-0.6936120520324123,-2.3981753287981773,-0.8621559637629105,1.4144204344334603,nan,0.5667108262728285,0.793175991940052,0.2728899315175513,0.24825146558645955,0.372759613952717,-3.47488784790039,5.827031135559082,1.480831503868103,-2.34,6.84,1.65
1743699369.278962,2c08d2cc-7a1c-9d34-25ea-6265acb43d72,629349cc-13b7-490e-7f6e-5128f3741d7e,14,-66.0,-78.0,-63.0,-76.0,-52.0,-48.0,nan,2.7308964618765317,-2.977817034981517,-2.770680892769007,-0.055969259785214276,-0.7075188215836107,-2.368788815670728,nan,1.4447297376415977,1.096409306031845,0.45319092164711094,0.7663157486596762,0.3262708489436845,0.2154910312616108,nan,-3.271435499191284,6.091310501098633,1.4791858196258545,-2.34,6.84,1.65
1743699370.298919,2c08d2cc-7a1c-9d34-25ea-6265acb43d72,e4a9bcec-18a8-d8bb-6257-ac7763e5c588,33,-82.0,-81.0,-64.0,-76.0,-53.0,-51.0,nan,2.7830901581843404,-3.001576426646659,-2.783250746798072,-0.02746784348307726,-0.6719088622556804,-1.5476403406734094,nan,1.4332978523463236,1.065212837285575,0.4850691596324412,0.9007866084229926,0.4548448913217516,0.9248224152977836,nan,-2.992427349090576,6.271794319152832,1.4414515495300293,-2.34,6.84,1.65
1743699371.303703,2c08d2cc-7a1c-9d34-25ea-6265acb43d72,2dab67a5-4758-35e2-73cf-08c6a0db7bdf,19,-68.0,-75.0,-66.0,-82.0,-64.0,-48.0,-62.0,2.677408469278944,-3.0457406922678794,-2.831534656309536,0.005943110288620828,-0.7075188215836107,-2.1763418672828605,-0.9960421674403162,1.410769373737016,1.007303198330129,0.5771669293446977,0.8839376537334158,0.3262708489436845,0.6469278571798626,0.48342811481374015,-2.7450754642486572,6.378587245941162,1.3712158203125,-2.34,6.84,1.65
1743699372.299516,2c08d2cc-7a1c-9d34-25ea-6265acb43d72,607436e0-72dc-83e9-f4eb-a78951eea9ba,28,-84.0,-81.0,-63.0,-74.0,-63.0,-51.0,-61.0,2.664643938174194,-3.081297088613745,-2.7567043570521625,0.00931627012531519,-0.9436845847282452,-2.260802178661797,-1.0712690418528705,1.3684984824927882,1.039426047661583,0.5753178965998557,0.8146229608306781,0.4436018497247506,0.5204388676117685,0.33491123905975023,-2.616386651992798,6.414759635925293,1.4301400184631348,-2.34,6.84,1.65
1743699373.299446,2c08d2cc-7a1c-9d34-25ea-6265acb43d72,987bdd26-da8b-c828-4d70-4f8a8311601f,36,-73.0,-81.0,-64.0,-75.0,-52.0,-51.0,-57.0,2.646695830323714,-3.044547329783415,-2.717291969763971,-0.041612158348597106,-0.785871994721283,-1.2806977618022315,-0.9246268135101892,1.48737799881229,0.841659239059108,0.5448569263676384,0.8138035061632607,0.47438892243630865,0.8917412516048911,0.28564830079931347,-2.411043882369995,6.5431694984436035,1.3570497035980225,-2.34,6.84,1.65
1743699374.307489,2c08d2cc-7a1c-9d34-25ea-6265acb43d72,9d6f6d72-23af-129d-b5bb-17d2a1d42ad6,16,-66.0,-74.0,-64.0,-80.0,-57.0,-48.0,-60.0,2.6202469122737013,-3.1009653322123074,-2.8007567699075993,-0.05251567248359952,-0.7856538975213185,-2.090378929678167,-0.9722544445671115,1.457207712613055,1.0685688197332384,0.6372698811949057,0.8572383985409353,0.43038168016373846,0.6905995185702289,0.4837721533333602,-2.156156539916992,6.729042053222656,1.3000659942626953,-2.34,6.84,1.65
1743699375.308713,2c08d2cc-7a1c-9d34-25ea-6265acb43d72,16a25e98-2caa-15b6-aa89-2ce5e2a4b087,23,-69.0,-74.0,-64.0,-75.0,-61.0,-50.0,nan,2.7428109119613278,3.103069495789579,-2.813753794975513,0.016484967147590485,0.05730464787010728,-2.279012511856237,nan,1.354294379660796,1.0182138364210473,0.6064318739313604,0.8387935445681283,0.4182689328193516,0.455754186274931,nan,-2.0916500091552734,6.5950751304626465,1.2952146530151367,-2.34,6.84,1.65
1743699376.27882,2c08d2cc-7a1c-9d34-25ea-6265acb43d72,316bfd0c-eeb4-737d-60db-d685369a07a2,31,-85.0,-78.0,-66.0,-75.0,-54.0,-51.0,-57.0,2.7866848930237293,3.058049290194007,-2.8157266647110433,0.06835242622186471,-0.30603383665532297,-1.3312608874974023,-0.8694395170925473,1.26585599302339,0.9393542410134113,0.5945473178298001,0.8425181085106586,0.5373516786572229,0.884396690251861,0.34349190367294263,-2.109955072402954,6.480016231536865,1.1892770528793335,-2.34,6.84,1.65
1743699377.298551,2c08d2cc-7a1c-9d34-25ea-6265acb43d72,402c0489-a1a7-a198-d3ef-1a1210e86093,34,-76.0,-82.0,-64.0,-75.0,-52.0,-51.0,-57.0,2.8402985868247685,-3.1168952965887256,-2.778800870932659,0.10205792561012557,-0.4631705991015606,-0.7798768001393857,-0.857879638896294,1.4870256626000724,0.8279721889527547,0.5588271370768942,0.9224957655229371,0.5763712194230438,0.6514243550513187,0.2583452660579568,-2.100965738296509,6.42776107788086,1.1565935611724854,-2.34,6.84,1.65
1743699378.313002,2c08d2cc-7a1c-9d34-25ea-6265acb43d72,2e1dc566-37be-2f24-308f-1522988f2f2d,1,-69.0,-69.0,-62.0,-69.0,-57.0,-46.0,-57.0,2.768490176456308,3.1380921946529927,-2.766168166301868,0.034550520402142994,-0.5526268475241207,-1.8710539655281766,-0.8133943954633283,1.4678185453442574,0.838827300134945,0.5470066965785775,0.8443382459576733,0.3934835231961737,0.9080118170168614,0.23229496318199747,-2.0867366790771484,6.44349765777588,1.1540626287460327,-2.34,6.84,1.65
1743699379.306126,2c08d2cc-7a1c-9d34-25ea-6265acb43d72,52a5fdc3-064e-bb28-dcf0-ecaaabac4543,24,-69.0,-75.0,-64.0,-74.0,nan,nan,nan,2.8276080915983233,3.1313485381406942,-2.782699472452426,-0.04181908596529626,nan,nan,nan,1.4381465365849766,0.850877238540199,0.6054742012033679,0.8414086356005315,nan,nan,nan,nan,nan,nan,-2.34,6.84,1.65
1743699380.30727,2c08d2cc-7a1c-9d34-25ea-6265acb43d72,c0465da0-e293-8d71-3aac-009b5fcb5b3f,25,-70.0,-76.0,-63.0,-74.0,-66.0,-51.0,nan,2.8584581496658013,3.0707104906484624,-2.7751840318562224,-0.02321797101552881,0.12992850384787719,-2.2532779015903985,nan,1.4149677140374715,0.9404968037000826,0.6203448932562069,0.7667004422791383,0.34635420624704943,0.5946869064889153,nan,-2.1358654499053955,6.229502201080322,1.1923810243606567,-2.34,6.84,1.65
1743699381.30836,2c08d2cc-7a1c-9d34-25ea-6265acb43d72,03a433ea-4437-0756-4eb3-a9f81616cd94,26,-74.0,-78.0,-63.0,-74.0,-80.0,-51.0,nan,2.711433015365796,3.046061336863125,-2.755791958062701,0.07639277586892294,0.4898182865230477,-2.308977879802006,nan,1.2668207231282713,0.9053805613033794,0.5867496487370754,0.7725344961211204,0.4549158616222582,0.44034365320335905,nan,-2.27039647102356,6.141480445861816,1.1939549446105957,-2.34,6.84,1.65
1743699382.298705,2c08d2cc-7a1c-9d34-25ea-6265acb43d72,7a3e9d0f-c0e9-3cec-cb0c-f68e9253d728,22,-68.0,-74.0,-64.0,-76.0,nan,nan,nan,2.850371727331884,2.9885258720408348,-2.7327710609678384,0.02116866855671284,nan,nan,nan,1.3205919429077886,0.8974690420740538,0.5807672568223758,0.8319241202733506,nan,nan,nan,-2.404432535171509,6.049918174743652,1.2101449966430664,-2.34,6.84,1.65
1743699383.304112,2c08d2cc-7a1c-9d34-25ea-6265acb43d72,dd9f92f1-0182-da8d-014b-f75f1483a4dd,20,-68.0,-76.0,-66.0,-80.0,nan,-50.0,nan,2.947848216918747,2.9878126775009117,-2.7365655328889833,0.053259493376058654,nan,-2.3244844514369345,nan,1.395344211545223,0.9545593595201369,0.6500493260017598,0.8245913059488992,nan,0.3088950149254828,nan,-2.446516513824463,6.011245250701904,1.2200562953948975,-2.34,6.84,1.65
1743699384.300615,2c08d2cc-7a1c-9d34-25ea-6265acb43d72,8942d8d0-ee15-6724-3c21-6f9a546aa78e,0,-69.0,-72.0,-61.0,-68.0,nan,-45.0,nan,2.992830072994621,2.993802659424718,-2.7308123059860847,0.017025056216658556,nan,-2.388411596444874,nan,1.4100055791363815,0.9816250656786123,0.6076985399248294,0.8270397496760908,nan,0.2866277682421222,nan,-2.5037660598754883,5.966439723968506,1.271125078201294,-2.34,6.84,1.65
1743699385.299239,2c08d2cc-7a1c-9d34-25ea-6265acb43d72,3f31aa4d-1fe7-3d77-a8f2-ce1589ba1b6e,2,-71.0,-69.0,-63.0,-69.0,nan,-45.0,nan,2.9814945941308078,2.995651958485669,-2.7506965319490524,0.006882673521200784,nan,-2.430142509700154,nan,1.3677868858495188,0.994658842369569,0.5407102513923305,0.7121000472942248,nan,0.3395127919812495,nan,nan,nan,nan,-2.34,6.84,1.65
1743699386.298181,2c08d2cc-7a1c-9d34-25ea-6265acb43d72,e00507e9-cdd5-f5dd-db89-9e6c65088d2b,13,-66.0,-79.0,-63.0,-77.0,-51.0,-47.0,-55.0,2.932578716492668,2.94600850523772,-2.8056364799729514,-0.05172471363984599,-0.11741862617233931,-2.395095080674081,-0.9795090837858679,1.4287329279218186,1.0557714651680534,0.5209747962657574,0.7509830647367358,0.46844964269080247,0.26108183817190533,0.27673704580744757,-2.543837070465088,5.8892560005188,1.3659874200820923,-2.34,6.84,1.65
1743699387.29909,2c08d2cc-7a1c-9d34-25ea-6265acb43d72,b94fdee8-033a-12d2-deee-0537d2906ef0,15,-66.0,-75.0,-63.0,-78.0,-54.0,-47.0,nan,2.928463599976278,-3.0649812321953744,-2.810711932378424,-0.06297550398099473,-0.436514353136588,-2.368788815670728,nan,1.4592347776767687,1.1012874182005432,0.5575478210682475,0.8673651351649888,0.4820447900088445,0.2154910312616108,nan,-2.4601058959960938,6.025763034820557,1.3956407308578491,-2.34,6.84,1.65
1743699388.30456,2c08d2cc-7a1c-9d34-25ea-6265acb43d72,9840844f-c093-bf35-525d-0467e591db15,15,-66.0,-75.0,-63.0,-78.0,-54.0,-47.0,-58.0,2.9198434801599094,-3.0702526932570775,-2.7992206585908415,-0.06152488013522857,-0.6065622640632694,-2.336445331883765,-1.0222173230885552,1.5000192255585694,1.1473533139981342,0.571245257502852,0.9313620945820834,0.4429245711130637,0.19616063601947495,0.42560438511909704,-2.4599976539611816,6.116286754608154,1.4922444820404053,-2.34,6.84,1.65
1743699389.299925,2c08d2cc-7a1c-9d34-25ea-6265acb43d72,a551f563-9067-811a-86c5-1ba6f5ff44ff,25,nan,-77.0,-63.0,-74.0,nan,-52.0,nan,nan,-3.1204008155315965,-2.7363056083665915,-0.006367351850270451,nan,-2.353897040783973,nan,nan,1.0997845298183841,0.5812104068277649,0.8578432024244923,nan,0.19959962478258686,nan,-2.52147126197815,6.1692657470703125,1.534882664680481,-2.34,6.84,1.65
1743699390.306579,2c08d2cc-7a1c-9d34-25ea-6265acb43d72,3225a0e6-7061-9d7f-9f4c-4ac7a864beb0,21,nan,-76.0,-65.0,-78.0,-64.0,nan,-63.0,nan,-3.1281649953736133,-2.7433621863069746,-0.037736726330313795,-0.7037724306797466,nan,-1.1480386466231363,nan,1.0534204265577312,0.6139469150534005,0.7614562120395814,0.3129853596078507,nan,0.21478321493092867,-2.6725847721099854,6.10982847213745,1.5535074472427368,-2.34,6.84,1.65
1743699391.3035,2c08d2cc-7a1c-9d34-25ea-6265acb43d72,fddcff1a-d45d-f91c-ae9a-a754df77305e,28,nan,nan,-63.0,-74.0,-61.0,-51.0,nan,nan,nan,-2.728232768154234,0.015983227598219556,-0.903408774472184,-2.3634390046047336,nan,nan,nan,0.6216125579350846,0.7089585824723672,0.4504141357025876,0.3070671024916124,nan,-2.7491888999938965,6.263397216796875,1.5387976169586182,-2.34,6.84,1.65
1743699392.30559,2c08d2cc-7a1c-9d34-25ea-6265acb43d72,70793b6a-46a2-adf8-d194-37199de6d667,35,nan,nan,-64.0,-74.0,nan,-52.0,-58.0,nan,nan,-2.7299323975619227,-0.02434209131165126,nan,-1.4597013785616448,-0.9747927289078915,nan,nan,0.5766688516418256,0.7444448711025369,nan,0.9027157154325137,0.21223307598710572,-2.7863454818725586,6.268897533416748,1.5479329824447632,-2.34,6.84,1.65
1743699393.303509,2c08d2cc-7a1c-9d34-25ea-6265acb43d72,f0d06e99-135f-6678-7019-f76bf5e2ae9a,24,nan,nan,-64.0,-74.0,-64.0,-51.0,nan,nan,nan,-2.7350398079004767,0.04770254144549931,nan,-2.154046874291188,nan,nan,nan,0.6064729531911749,0.7992506623865226,0.47123889799306995,0.6664784760479144,nan,-2.8955776691436768,6.111960411071777,1.60123348236084,-2.34,6.84,1.65
1743699394.306975,2c08d2cc-7a1c-9d34-25ea-6265acb43d72,c092402e-ec40-0da7-fa6c-2a3dc1a5e462,17,-66.0,nan,-66.0,-84.0,-62.0,-48.0,-61.0,-2.736292026245032,nan,-2.79648292899024,0.04995690730825139,-0.3878067141754209,-2.2571067363742343,-1.0660165799521235,1.512901335225446,nan,0.6889942619396155,0.8028109758688223,0.4407429386979034,0.4176130410577298,0.32651052673757697,-2.9888346195220947,6.01527500152588,1.5676987171173096,-2.34,6.84,1.65
1743699395.307898,2c08d2cc-7a1c-9d34-25ea-6265acb43d72,244bb3b6-aea6-0d17-ecc5-57fb2d2d005d,35,-74.0,nan,-64.0,-74.0,-52.0,nan,-59.0,-2.663354701890487,nan,-2.7654363296343143,0.05199928554823315,-0.5027356573473276,nan,-0.9376702712557806,1.5185870509947108,nan,0.6069479945506178,0.860048033490969,0.5009624612597897,nan,0.26920202807200816,nan,nan,nan,-2.34,6.84,1.65
1743699396.304043,2c08d2cc-7a1c-9d34-25ea-6265acb43d72,a10c96f3-6992-ae19-963e-6fb4354fafa3,35,-73.0,-81.0,-64.0,-75.0,-52.0,-52.0,-60.0,-2.9216941108014054,-3.136347291506773,-2.7426588454630845,6.737797557900472e-05,-0.5370388093539151,-1.3520918270708646,-0.8685690059156632,1.4909488983599228,0.9342000921977263,0.529982439310246,0.8737964028814212,0.54162266269239,0.8883610026209232,0.23090248087566428,-3.0628364086151123,5.9369964599609375,1.4903517961502075,-2.34,6.84,1.65
1743699397.300095,2c08d2cc-7a1c-9d34-25ea-6265acb43d72,65c1cb90-024d-6ce9-46ec-a318e468f4f4,23,-69.0,-75.0,-64.0,-75.0,-62.0,-50.0,nan,-3.1067875349874385,3.127103459363108,-2.74886374448686,-0.026521089715554093,0.17301074511141754,-2.1304990880385386,nan,1.427214260310201,0.9773488944952992,0.5088353090688492,0.8150218357829446,0.43059892463280264,0.6853612282955813,nan,-3.163290023803711,5.7961201667785645,1.4922499656677246,-2.34,6.84,1.65
1743699398.304363,2c08d2cc-7a1c-9d34-25ea-6265acb43d72,b6cadc04-c8b4-b474-9a66-488f08daeea9,1,-69.0,-70.0,-62.0,-68.0,-57.0,-46.0,-58.0,3.1137269338398577,-3.1264544470054556,-2.707159973396764,-0.03705895183288863,-0.25935341512607574,-2.3463448201495227,-0.8251523672194002,1.3450486833043678,0.9092714396559851,0.501138973255602,0.8121169262449135,0.338275358682895,0.5311480444972199,0.20452129167878974,-3.280318021774292,5.701956748962402,1.202758550643921,-2.34,6.84,1.65
1743699399.276699,2c08d2cc-7a1c-9d34-25ea-6265acb43d72,cc3cfce0-63ea-50c0-e194-3b2aad45c454,10,-65.0,-75.0,-60.0,-74.0,-50.0,-45.0,-54.0,2.6547966337275173,-3.0683442720199263,-2.737622541525636,-0.09803388920301585,-0.447678127555163,3.0231122687242187,-0.7990408603878832,1.3739029684509403,1.0124614750455034,0.5676683658427665,0.8292011046377719,0.3492787032066267,0.48578167867016525,0.24858087380815613,-3.2774009704589844,5.594666957855225,1.2103548049926758,-2.34,6.84,1.65
1743699400.298431,2c08d2cc-7a1c-9d34-25ea-6265acb43d72,832c6dd5-160d-b587-faee-314549db263e,21,-68.0,-75.0,-66.0,-79.0,-62.0,-50.0,-64.0,2.801314702155971,-3.0290818207011063,-2.811242966699786,-0.0067433901961896385,-0.6168872681467341,-2.769853854168027,-1.0516322442071733,1.3877785703624712,1.062148138082139,0.5582272267518403,0.7994854866156405,0.2590751733522988,0.3434692366317282,0.15983520860402173,-3.295236587524414,5.491647243499756,1.21519410610199,-2.34,6.84,1.65
1743699401.303844,2c08d2cc-7a1c-9d34-25ea-6265acb43d72,8c7ac8c3-bf4f-cce1-7435-ee6d4ac1df30,21,-68.0,-75.0,-66.0,-79.0,-62.0,-50.0,-63.0,2.758735017383348,-3.0501237227899316,-2.793065294363341,0.0626415435802988,-0.7026243291755837,-2.5602937253173708,-1.1664032197776553,1.3733005614123643,1.0025680979119682,0.6199540077872105,0.8043635987843386,0.22921742780146856,0.26515750705817454,0.11234800785513457,-3.301179885864258,5.480502605438232,1.2249796390533447,-2.34,6.84,1.65
1743699402.279124,2c08d2cc-7a1c-9d34-25ea-6265acb43d72,f49afcef-1241-1b1e-9d0a-6306affa15d7,27,-79.0,nan,-63.0,-74.0,-65.0,-50.0,-66.0,2.6752577003825957,nan,-2.7891792097006975,0.13849502932848068,-0.9611466737923047,-2.4591350295939476,-1.332899311202656,1.286457408267916,nan,0.6221216877564805,0.8048078140541638,0.16273287058677402,0.30382702245076876,0.3481060317774987,-3.306461811065674,5.46931552886963,1.208667278289795,-2.34,6.84,1.65
1743699403.278842,2c08d2cc-7a1c-9d34-25ea-6265acb43d72,896e329c-25c8-ed8f-1189-1badfb0f0aae,3,-69.0,nan,-63.0,-69.0,-54.0,-45.0,-57.0,2.620208562754004,nan,-2.76242828918307,0.060702229674503096,-0.7678009385834459,-2.457521096117435,-1.0394066750426758,1.3152156864571911,nan,0.633800448084805,0.7514189576281546,0.19043725856586516,0.376089424788938,0.3527624892558046,-3.2942748069763184,5.441834926605225,1.1826192140579224,-2.34,6.84,1.65
1743699404.276393,2c08d2cc-7a1c-9d34-25ea-6265acb43d72,306b9b37-b9aa-432d-175e-0bdb17e2b437,20,-68.0,nan,-67.0,-81.0,-62.0,-48.0,-63.0,2.7064230767231394,nan,-2.8539765821834155,0.07250109856799015,-0.7678009385834459,-2.4094423861646956,-1.1249867324908445,1.3731154717166039,nan,0.6603294607046021,0.6486402474689991,0.19043725856586516,0.2780964962353479,0.2072839847486464,-3.222402572631836,5.598228454589844,1.1804765462875366,-2.34,6.84,1.65
1743699405.305984,2c08d2cc-7a1c-9d34-25ea-6265acb43d72,936bbe36-6105-d7ca-d0bb-94492fe518a2,30,-83.0,nan,-65.0,-74.0,-56.0,-51.0,-61.0,2.7666057236689676,nan,-2.8038239325350434,0.0956599474073192,-0.8126943356077836,-2.389742618151856,-1.6340342483947372,1.287070467950852,nan,0.6463669731625074,0.7896755330032518,0.35048116948319036,0.39908236509574974,0.6255565846989715,-3.1550745964050293,5.683954238891602,1.19732940196991,-2.34,6.84,1.65
1743699406.303635,2c08d2cc-7a1c-9d34-25ea-6265acb43d72,d50e8d81-0fa1-0f3a-7fc5-8fbe168f6149,36,-73.0,nan,-64.0,-74.0,-52.0,-51.0,-57.0,2.7485260556606383,nan,-2.783824658012984,0.013241769572091987,-0.7160646865896807,-1.4046047121754204,-1.1222302453125743,1.420814018420468,nan,0.6346524598965486,0.8575626384036523,0.4107725765508037,0.9322897093128162,0.5545264661353999,-3.1083168983459473,5.74034547805786,1.2435851097106934,-2.34,6.84,1.65
1743699407.279291,2c08d2cc-7a1c-9d34-25ea-6265acb43d72,fccedc5a-2700-9510-8ca1-cdb56f1b1d4b,1,-69.0,-70.0,-62.0,-68.0,-59.0,-46.0,-57.0,2.7442900316307584,-3.0959777641228072,-2.7901589866657375,-0.03178056655235158,-0.6859986729999404,-2.1444759223179557,-0.9184763186614033,1.4340941375122573,0.8226545220461391,0.5966149961001376,0.8292678168230783,0.3173518618595028,0.7956513840631436,0.40191144680946783,-3.001514196395874,5.936695098876953,1.1276057958602905,-2.34,6.84,1.65
1743699408.304521,2c08d2cc-7a1c-9d34-25ea-6265acb43d72,fd92a257-d722-e9a0-3008-2ac5fa470b63,33,-80.0,-80.0,-64.0,-76.0,nan,nan,nan,2.771421784184267,-3.0626586894087167,-2.7697866032749587,0.024265924904474993,nan,nan,nan,1.4945026205185246,0.79447175296843,0.5583266292395275,0.9030877127628757,nan,nan,nan,nan,nan,nan,-2.34,6.84,1.65
1743699409.299276,2c08d2cc-7a1c-9d34-25ea-6265acb43d72,19d7fcd8-812b-3f94-e10d-d29b188851ce,20,-68.0,-76.0,-66.0,-80.0,-61.0,-49.0,-62.0,2.783310135290381,-3.1389590535878136,-2.7512280989026325,0.06965524462713148,-0.7258374826500794,-2.3178814062171336,-1.0978007563960532,1.4426968136234857,0.7996167804573814,0.5791952594099292,0.760435688709863,0.2520602923070089,0.5030356836821548,0.34193773307325137,-2.932474374771118,6.085827350616455,1.3127410411834717,-2.34,6.84,1.65
1743699410.30138,2c08d2cc-7a1c-9d34-25ea-6265acb43d72,d4b38ba1-be1c-f9d4-f2cc-471654dc0bd5,29,-84.0,-79.0,-63.0,-74.0,-58.0,-51.0,-61.0,2.900843956311066,3.137586194045878,-2.7187391315003198,0.06026573757183911,-0.7678765533541423,-2.34416578234579,-1.2346360701268575,1.3347475762079415,0.7124011176554581,0.5700455034317713,0.7641957392739188,0.43704495402874605,0.45491397780903625,0.45484489134164285,-2.9859836101531982,6.195126056671143,1.2605953216552734,-2.34,6.84,1.65
1743699411.300481,2c08d2cc-7a1c-9d34-25ea-6265acb43d72,2225f1fd-3ba6-4402-e372-bcb17dfb8b1f,29,-83.0,-78.0,-63.0,-74.0,-58.0,-51.0,-62.0,2.745460757245957,-3.1192668415394404,-2.722370085330534,0.11467784706768405,-0.7923528400166341,-2.34416578234579,-1.4224646210012966,1.2499613155314153,0.7477674308785197,0.524064362735872,0.7473909264794097,0.563787623106586,0.45491397780903625,0.5040352755899709,-3.129023313522339,6.221213340759277,1.1555063724517822,-2.34,6.84,1.65
1743699412.299709,2c08d2cc-7a1c-9d34-25ea-6265acb43d72,c7154b28-e66f-f59b-497c-e5706a03ed18,31,-83.0,-77.0,-65.0,-75.0,nan,nan,nan,2.7623270890616465,-3.1091452315004857,-2.729539847617245,0.05793840109521886,nan,nan,nan,1.2565888582201872,0.6856153097275501,0.5104082385876773,0.802404444328422,nan,nan,nan,nan,nan,nan,-2.34,6.84,1.65
1743699413.304925,2c08d2cc-7a1c-9d34-25ea-6265acb43d72,e937b9fa-4760-127c-ce00-27cb21cacbf0,10,-65.0,-75.0,-60.0,-73.0,-50.0,-45.0,-55.0,2.7239093924405995,-3.1278640581704344,-2.748654686341289,-0.02890595047172005,-0.6956631947667434,3.064589511482967,-1.0812206862939489,1.3309536369190145,0.8743380898471433,0.45967002639462384,0.8847005828066963,0.46245008705605173,0.43519671145085526,0.4395667968851596,-3.240278720855713,6.1152520179748535,1.0996880531311035,-2.34,6.84,1.65
1743699414.276536,2c08d2cc-7a1c-9d34-25ea-6265acb43d72,f8c19021-1278-b03f-dfec-5d4dcf33cb20,15,-66.0,-75.0,-63.0,nan,-54.0,-48.0,-59.0,2.7435097254313647,3.1183826720575345,-2.7659380691836852,nan,-0.7499892080286366,-2.7537806001722043,-1.0849515616849028,1.445725360415124,1.0956006371668423,0.5274585282556643,nan,0.44358628506941855,0.3249942230329209,0.523067458014796,-3.346060037612915,6.059016704559326,1.031225562095642,-2.34,6.84,1.65
1743699415.300835,2c08d2cc-7a1c-9d34-25ea-6265acb43d72,3d0f07e1-0ab9-cda9-db03-cc37f5d8719e,4,-68.0,-69.0,-62.0,-69.0,nan,nan,nan,2.787006602883411,3.1169211292512995,-2.738373552953038,-0.012549081372562377,nan,nan,nan,1.464705043713846,1.1083027171440298,0.5402515218945644,0.6272940792256324,nan,nan,nan,nan,nan,nan,-2.34,6.84,1.65
1743699416.304249,2c08d2cc-7a1c-9d34-25ea-6265acb43d72,6192907f-4b5b-fd1a-b6ab-ca122083b7ff,34,-75.0,-81.0,-64.0,-75.0,-52.0,-52.0,-58.0,2.731420571979059,-3.11348218933568,-2.7529397125352264,-0.031010646681209675,-0.6956631947667434,-1.49936350177369,-0.9408417230613358,1.5053153208603556,1.153178579408519,0.5354074648983056,0.7564906150290742,0.46245008705605173,1.115763326373595,0.36539190672840555,-3.411407709121704,6.02826690673828,1.0625028610229492,-2.34,6.84,1.65
1743699417.300489,2c08d2cc-7a1c-9d34-25ea-6265acb43d72,0959c1d7-75a1-4182-6637-6effe3cd05f0,16,-66.0,-74.0,-64.0,-81.0,-57.0,-47.0,-60.0,2.721103485916092,-3.1234733044812213,-2.8032241886575577,-0.00298620253030585,-0.7444457530804557,-2.2332334232685627,-1.0290640282233405,1.4877955824712144,1.148816987333242,0.6066455926088392,0.8123787149800683,0.43078265220756734,0.7024763146084056,0.43465503165150654,-3.45559811592102,5.988473892211914,1.0839223861694336,-2.34,6.84,1.65
1743699418.27519,2c08d2cc-7a1c-9d34-25ea-6265acb43d72,81bbf0f7-bd99-8a3c-2f1b-bf2cde302175,27,-81.0,nan,-63.0,-75.0,-63.0,-50.0,-64.0,2.677037757255205,nan,-2.7909313033818606,0.031645544285084565,-1.023544881661129,-2.3178814062171336,-1.3406846848764635,1.4362013637247828,nan,0.6187679024167164,0.7256757772670127,0.32586754219952385,0.5030356836821548,0.4549158616510087,-3.631830930709839,5.857118129730225,1.0717955827713013,-2.34,6.84,1.65
1743699419.300008,2c08d2cc-7a1c-9d34-25ea-6265acb43d72,c37f9706-33b7-4ff0-f97e-a8f20a6434e0,17,-67.0,nan,-66.0,-82.0,-64.0,-48.0,-61.0,2.666216801113995,nan,-2.84492076921271,0.07151013632637168,-0.8946752779564991,-2.333435563238102,-1.2346360701268575,1.4654750967430425,nan,0.66229973385807,0.75934525740153,0.308656538825561,0.3384523430331756,0.45484489134164285,-3.801015615463257,5.721348762512207,1.0534600019454956,-2.34,6.84,1.65
1743699420.301409,2c08d2cc-7a1c-9d34-25ea-6265acb43d72,d25423f0-2642-bb32-57f7-d606cdaca733,30,-80.0,nan,-64.0,-74.0,-55.0,-51.0,-57.0,2.3573662810719798,nan,-2.8222543388589365,0.07695683338780172,-0.8208811525955748,-2.3614983416541273,-1.1285851227663501,1.3273498473319192,nan,0.6511544712751155,0.8182037806533714,0.4167006953268758,0.4180090237563268,0.32265861878034996,-4.004738807678223,5.54709005355835,1.1352458000183105,-2.34,6.84,1.65
1743699421.303578,2c08d2cc-7a1c-9d34-25ea-6265acb43d72,1be8fa07-c1d3-2e6e-bb5e-e36343fcbc02,4,-68.0,nan,-62.0,-69.0,-53.0,-45.0,nan,2.3436925467710767,nan,-2.790087081316306,-0.047166979750284374,-0.671868393828081,-2.4096012620099234,nan,1.403366851171032,nan,0.6380622381982316,0.600297814992581,0.33530463649335407,0.45000282019956356,nan,-4.07618522644043,5.499256134033203,1.176414132118225,-2.34,6.84,1.65
1743699422.300884,2c08d2cc-7a1c-9d34-25ea-6265acb43d72,b25344f5-9333-d6c1-70cf-57e6f1ddcf62,5,-66.0,nan,-61.0,-70.0,-52.0,-44.0,-56.0,2.458772531163363,nan,-2.7812794749591956,-0.02662601826250322,-0.6196456269362102,-2.4332083180257937,-0.9246268135101892,1.4325885193899808,nan,0.6127881736631071,0.7314103620422802,0.27329772551232867,0.44306850499061984,0.28564830079931347,-4.066161155700684,5.471253395080566,1.2038267850875854,-2.34,6.84,1.65
1743699423.274495,2c08d2cc-7a1c-9d34-25ea-6265acb43d72,76648124-53b4-b17c-c325-5ed83d298e0c,11,-66.0,-86.0,-62.0,-74.0,-50.0,-44.0,-55.0,2.62443499940396,-2.349173864926678,-2.782072564331821,-0.03550552996904541,-0.6256652203729616,-2.398645242297628,-0.9795643556258375,1.413513228608125,1.3585587663562853,0.5171623147177408,0.7528159853569829,0.30165459348322604,0.316853611697513,0.3596124464220347,-3.8563966751098633,5.515423774719238,1.27962601184845,-2.34,6.84,1.65
1743699424.306928,2c08d2cc-7a1c-9d34-25ea-6265acb43d72,569627cd-32d4-211a-c4b2-1f840aaf5662,28,-83.0,nan,-63.0,-73.0,-61.0,-51.0,-63.0,2.547071235001594,nan,-2.742880420465779,-0.0075500616903746405,-0.890581349828499,-2.3861876364720738,-1.2657819313999417,1.3699698789950567,nan,0.5622285930001708,0.7405811569930498,0.4286319891737352,0.35519894621740616,0.4965010962221767,-3.6850271224975586,5.662320137023926,1.3280130624771118,-2.34,6.84,1.65
1743699425.301445,2c08d2cc-7a1c-9d34-25ea-6265acb43d72,dd1ac36e-d5e6-624c-6fe8-f47e5757f4e5,8,-63.0,nan,-60.0,-72.0,-52.0,-46.0,-55.0,2.568708353594052,nan,-2.7414529661214964,-0.035951076819415666,-0.7469253908507205,3.0838313905079886,-1.0028190331879654,1.4065554539441838,nan,0.4795706973773228,0.9902007107047764,0.3863045140477549,0.43569334974872365,0.3978621030568067,-3.514033079147339,5.74603271484375,1.1509946584701538,-2.34,6.84,1.65
1743699426.31133,2c08d2cc-7a1c-9d34-25ea-6265acb43d72,bb8251cf-a983-2aa7-cdb3-1df7b72e9909,10,-65.0,nan,-60.0,-74.0,-50.0,-46.0,-54.0,2.5778749540661043,nan,-2.7476059335040155,-0.040127712356986936,-0.6618367824960055,2.6447378148315477,-0.8964692780209399,1.3052462760745343,nan,0.4508377192184034,0.9773337810561131,0.36729548690165503,0.3096677209686998,0.3589113091885462,-3.397922992706299,5.809442520141602,1.1014870405197144,-2.34,6.84,1.65
1743699427.275777,2c08d2cc-7a1c-9d34-25ea-6265acb43d72,13770a93-143e-d55b-e208-759209e98a3f,24,-69.0,nan,-64.0,-74.0,-65.0,-51.0,nan,2.5617974505652965,nan,-2.7292807220431805,-0.010954380511822931,0.09344014693784927,-2.9774612582629105,nan,1.386426749793147,nan,0.4757983296932255,0.8256071687467099,0.36505883311505577,0.2929440753031934,nan,-3.2463364601135254,5.706982135772705,1.0973799228668213,-2.34,6.84,1.65
1743699428.303667,2c08d2cc-7a1c-9d34-25ea-6265acb43d72,ae181a9b-8d74-8550-f79f-490322d89580,36,-73.0,nan,-65.0,-75.0,-52.0,-51.0,-57.0,2.5633522040096843,nan,-2.7061644837812926,-0.06430069293941816,-0.25142876496223543,-1.5253625410986704,-0.8441359343604156,1.4554500262936025,nan,0.49344093967715974,0.8342707646678741,0.4413226065630322,1.203880621019749,0.2748729399664786,-2.92943525314331,5.748727321624756,1.0781278610229492,-2.34,6.84,1.65
1743699429.275543,2c08d2cc-7a1c-9d34-25ea-6265acb43d72,c02dbb28-84bf-5a4d-2379-4deaafec131c,14,-66.0,-79.0,-63.0,-77.0,nan,nan,nan,2.5321873603013594,3.1341427267564055,-2.7771704837133124,-0.07599809539537321,nan,nan,nan,1.4993429157997438,1.2237926951861335,0.5554249820738316,0.8612587065225189,nan,nan,nan,nan,nan,nan,-2.34,6.84,1.65
1743699430.301486,2c08d2cc-7a1c-9d34-25ea-6265acb43d72,66483d98-9411-0e0c-b3e3-c9d5c872e238,33,-81.0,-79.0,-65.0,-75.0,nan,nan,-60.0,2.502426535119724,-3.0760517265307254,-2.745458626717085,-0.06165723924140551,nan,nan,-0.8481783976768161,1.5055310369086514,1.221709703739528,0.5436787106118736,0.882791029726082,nan,nan,0.22390307019966338,nan,nan,nan,-2.34,6.84,1.65
1743699431.303427,2c08d2cc-7a1c-9d34-25ea-6265acb43d72,eec7488c-ebc9-c27d-ec3f-7e5a1e8953a0,21,-68.0,-75.0,-66.0,-79.0,-62.0,-52.0,-63.0,2.505595696816918,-3.1272153121288917,-2.8175040584225624,-0.04333202778057028,-0.5329475925700558,-2.3181759656650027,-1.066324781610637,1.4105280913422553,1.1917936162663407,0.5913962656280183,0.7978714112579706,0.3037886970559251,0.7339287661689758,0.14671159677831205,-2.6756534576416016,5.868109226226807,1.1155357360839844,-2.34,6.84,1.65
1743699432.273639,2c08d2cc-7a1c-9d34-25ea-6265acb43d72,28b4600a-2164-96e3-7505-63fa42f56601,6,-64.0,-70.0,-60.0,-72.0,nan,-45.0,-55.0,2.5403749827566986,3.1035525932113193,-2.7649052953129525,-0.04373496405349927,nan,-2.3569606226810844,-0.9266427717711606,1.4469173913190434,1.2198241856877519,0.5233325593578319,0.8356071389028756,nan,0.5514842793772273,0.17052453667658965,-2.444347620010376,5.981164455413818,1.118056058883667,-2.34,6.84,1.65
1743699433.30169,2c08d2cc-7a1c-9d34-25ea-6265acb43d72,d74cde77-ba05-5d6b-3a98-14fdee6d328d,0,-68.0,-71.0,-61.0,-68.0,-60.0,-46.0,-58.0,2.6346998875095613,3.0751744812676525,-2.7623015227151817,-0.04246836463905758,-0.6523581397216711,-2.397146900360199,-0.8549626016658073,1.3768754557016323,1.1812678715319662,0.4882788679572319,0.7974907123801439,0.2526802551222123,0.4307826522689906,0.17406134706777193,-2.3422656059265137,5.98381519317627,1.1099590063095093,-2.34,6.84,1.65
1743699434.302213,2c08d2cc-7a1c-9d34-25ea-6265acb43d72,f4c0ab58-48f3-c0bb-f054-aa25bc70017f,27,-79.0,-81.0,-63.0,-74.0,-67.0,-51.0,-66.0,2.6743634108885477,3.0141087301043537,-2.7047503452424606,0.04155862881068651,-0.9291235368659739,-2.3719842617376594,-1.2142325029222611,1.3529235174896774,1.188078373387626,0.4780495330521831,0.7824411224810788,0.180988479436617,0.39306581237008714,0.46245008707472596,-2.3407232761383057,6.00044822692871,1.0995854139328,-2.34,6.84,1.65
1743699435.30047,2c08d2cc-7a1c-9d34-25ea-6265acb43d72,022972dd-25d6-c2a9-d5b5-9fb2bcd9b77b,22,-68.0,-74.0,-65.0,-76.0,-62.0,-49.0,-64.0,2.7415096914527153,3.0258953484568267,-2.747662925151343,0.009539443024663832,-0.8573585818326787,-2.3533277804323736,-1.2361635745761936,1.330199429698304,1.12433002005829,0.4904409552882128,0.7314769410695321,0.18549940212452934,0.27751847681231684,0.22603398815060755,-2.4151394367218018,6.044422149658203,1.083185076713562,-2.34,6.84,1.65
1743699436.304127,2c08d2cc-7a1c-9d34-25ea-6265acb43d72,13cd2898-1667-4e6d-bcdb-c4c498e23a72,0,-69.0,-72.0,-61.0,-68.0,nan,nan,nan,2.7904436785862674,3.1071089785310115,-2.7731413873001314,-0.025436384203564817,nan,nan,nan,1.256456765430119,1.1802196513269112,0.4963373603892164,0.7310072926112966,nan,nan,nan,nan,nan,nan,-2.34,6.84,1.65
1743699437.276211,2c08d2cc-7a1c-9d34-25ea-6265acb43d72,6d1f03b8-ca40-2f2d-1337-86da636a35a7,14,-66.0,-79.0,-63.0,-77.0,-53.0,-47.0,-57.0,2.8146539434239597,-3.0807420858425725,-2.8163362622845627,-0.03863873899152363,-0.7882648730099512,-2.345641239365875,-1.1771608636347883,1.4999176259629827,1.1467449148471056,0.47719778755654846,0.7874788245780999,0.2775184767736829,0.23638956404204692,0.35472146588077635,-2.47944164276123,6.0699052810668945,1.0788494348526,-2.34,6.84,1.65
1743699438.275268,2c08d2cc-7a1c-9d34-25ea-6265acb43d72,286bc49c-9106-4f19-65f6-e3b4065eb154,14,-66.0,-79.0,-63.0,-78.0,-53.0,-47.0,-58.0,2.9411668783759555,-3.0371104524393684,-2.805566172520173,-0.031626369525235995,-0.7469114648089293,-2.3513120885253005,-1.1680368972740534,1.4685587709692451,1.141126044421202,0.4730417582279117,0.9186920391170041,0.32968432564166833,0.21189674982302378,0.4235993128842335,-2.57250165939331,6.094631671905518,1.3222548961639404,-2.34,6.84,1.65
1743699439.301281,2c08d2cc-7a1c-9d34-25ea-6265acb43d72,518021e7-739c-8374-f726-9b2b822d0f49,25,-71.0,-78.0,-63.0,-73.0,nan,-51.0,nan,2.9979843549683602,-3.068078488543137,-2.806531035783109,0.021457355218877427,nan,-2.353897040783973,nan,1.4427013409973386,1.1087927387846044,0.48442274385685175,0.803886293737969,nan,0.19959962478258686,nan,nan,nan,nan,-2.34,6.84,1.65
1743699440.298423,2c08d2cc-7a1c-9d34-25ea-6265acb43d72,48b0147e-0965-18a2-8485-793d2d27ddcc,12,-66.0,-85.0,-62.0,-76.0,-50.0,-46.0,-55.0,3.0122317341680658,-3.005252654215404,-2.8364953264720265,-0.008026501209389816,-0.7214955001848657,-2.3563172120550138,-1.1654961914496524,1.470669326133133,1.1387732747561712,0.49858456900653886,0.8003471523863356,0.30852658001323147,0.18727154426891499,0.34114391314191467,-2.6678922176361084,6.11453628540039,1.3399441242218018,-2.34,6.84,1.65
1743699441.30494,2c08d2cc-7a1c-9d34-25ea-6265acb43d72,466a2a39-f44a-9c37-a1e1-a9974042ed44,28,-87.0,nan,-63.0,-74.0,nan,-51.0,-63.0,2.992835399316801,nan,-2.797628088258974,0.020848822909794323,nan,-1.570796326645449,-1.3144514517116241,1.4308297678060926,nan,0.5524109495101345,0.7339169958392902,nan,0.8377580409572781,0.46173631021155526,-2.920090675354004,6.17604637145996,1.2991430759429932,-2.34,6.84,1.65
1743699442.306614,2c08d2cc-7a1c-9d34-25ea-6265acb43d72,83f35d68-c05e-7ebd-4947-2d72c5ad7aa4,21,-68.0,nan,-66.0,-78.0,-61.0,-50.0,-63.0,2.9882510338163386,nan,-2.8127913285575583,0.020278906436517367,-0.7609629289060231,-2.128098555971095,-1.2376825623870529,1.3189413156641578,nan,0.579394929912658,0.7494815745141491,0.24436917460669266,0.6119813062544948,0.25884858237082103,-3.2257304191589355,6.15626049041748,1.3281183242797852,-2.34,6.84,1.65
1743699443.310336,2c08d2cc-7a1c-9d34-25ea-6265acb43d72,2aea0732-97d2-eafd-9450-ae26d5b203f4,10,-64.0,nan,-60.0,-74.0,-50.0,-45.0,-55.0,2.9449506976527404,nan,-2.770871042470839,-0.018955315374747983,-0.6646614801134572,3.0784614543093762,-1.0091794155706255,1.3986354791783975,nan,0.49326500459764644,0.8055208754360326,0.30790528399241884,0.5924878431257264,0.2982967753381612,-3.46356987953186,6.041059970855713,1.2402507066726685,-2.34,6.84,1.65
1743699444.275975,2c08d2cc-7a1c-9d34-25ea-6265acb43d72,edde208c-2c5a-6fea-9077-18872242644b,26,-74.0,nan,-63.0,-73.0,-82.0,-51.0,nan,2.999370796631856,nan,-2.7442697916064733,0.014180800172453928,-0.7959514140769243,-2.7472445380460107,nan,1.3127236334671495,nan,0.5770049425713937,0.725851346161876,0.23638956400927819,0.4730146870261785,nan,-3.6525070667266846,5.977810859680176,1.198724389076233,-2.34,6.84,1.65
1743699445.274619,2c08d2cc-7a1c-9d34-25ea-6265acb43d72,6fff21f9-d5ea-b55a-db55-bd48d0c62306,24,-69.0,nan,-64.0,-74.0,-63.0,-51.0,nan,2.9970799454621693,nan,-2.764605689690318,-0.029194370817775633,-0.8251523672194002,-2.5485692811531395,nan,1.3446432170284033,nan,0.607816051907929,0.737110392302404,0.20452129167878974,0.32328638399599724,nan,nan,nan,nan,-2.34,6.84,1.65
1743699446.271872,2c08d2cc-7a1c-9d34-25ea-6265acb43d72,10e2dbb2-24ba-bbfc-3306-be328c64cf09,0,-67.0,-71.0,-62.0,-68.0,-62.0,-46.0,-58.0,2.9934223600210546,1.4697570603017265,-2.752033438816272,-0.07943144267270336,-0.8051473215590226,-2.498076313509185,-0.9096149414743012,1.2903528139943747,0.990056367373694,0.4988092399340006,0.7299655971509122,0.19616063599246095,0.2979465387306597,0.24318226940295284,-3.77267050743103,5.962141036987305,1.230650782585144,-2.34,6.84,1.65
1743699447.301895,2c08d2cc-7a1c-9d34-25ea-6265acb43d72,6deedc47-a4dc-c035-975b-7373fd4c0bbd,5,-65.0,-69.0,-61.0,-70.0,-53.0,-45.0,-56.0,2.937283456874402,2.15122056846887,-2.723389010763598,-0.08159606000671976,-0.6801118589498312,-2.475532529206987,-0.8308033389353303,1.480321420871907,1.1359667024413913,0.552831995278476,0.7074004334975891,0.20539328153978692,0.3810412562080409,0.22813233428270976,-3.7977137565612793,5.9363884925842285,1.2845197916030884,-2.34,6.84,1.65
1743699448.30058,2c08d2cc-7a1c-9d34-25ea-6265acb43d72,fba46c2b-c5bf-a839-f14e-d0fb3b89064a,34,-75.0,-79.0,-64.0,-75.0,-53.0,-51.0,-58.0,2.920702615927569,2.4409458634585905,-2.729054353350524,-0.08163946953248806,-0.6757468284197454,-1.4112054420058096,-0.8425476115822855,1.4838702161824924,1.098614270256376,0.562571608148573,0.7948222915469116,0.34894369884056164,0.9864561218547022,0.20074254871643912,-3.7669565677642822,5.901625633239746,1.3296928405761719,-2.34,6.84,1.65
1743699449.301907,2c08d2cc-7a1c-9d34-25ea-6265acb43d72,8159893d-dbc6-a387-00fe-28378b5ad176,34,-76.0,-79.0,-64.0,-75.0,-52.0,-51.0,-58.0,2.840477551250022,2.8083518390203963,-2.712393351254879,-0.1032486249335,-0.6704789777915499,-0.780303143545467,-0.8399787111130029,1.475258085849394,1.0701660505970132,0.5811482885953388,0.8122147974149739,0.3947404264625609,0.6853612282169917,0.1891093769948237,-3.7093961238861084,5.872769355773926,1.3178064823150635,-2.34,6.84,1.65
1743699450.306265,2c08d2cc-7a1c-9d34-25ea-6265acb43d72,c8a1be22-4686-e5e1-4905-dc788d63c011,25,-71.0,-78.0,-64.0,-73.0,nan,-51.0,nan,2.8473517026557342,1.978722830974476,-2.709054279880138,-0.03661713340804448,nan,-1.8906916805517293,nan,1.4833957740342947,0.9951200352913435,0.5742609545422305,0.7873317515069003,nan,0.8650997139533645,nan,nan,nan,nan,-2.34,6.84,1.65
1743699451.303685,2c08d2cc-7a1c-9d34-25ea-6265acb43d72,0bd87da9-5be1-4cf8-a30a-96e417deebc4,15,-66.0,-76.0,-63.0,-78.0,-54.0,-47.0,-59.0,2.7099965062738076,3.0064542724992482,-2.7857802172014297,-0.040107472332702336,-0.7031041972621606,-2.2536748018201487,-0.9352994119318997,1.4611768879017089,1.083306553468655,0.5921017370007803,0.8222449944495122,0.42978410914561704,0.5629227755153587,0.393905294073701,-3.6278300285339355,5.864101886749268,1.3201813697814941,-2.34,6.84,1.65
1743699452.306515,2c08d2cc-7a1c-9d34-25ea-6265acb43d72,04a4e0fd-d7cb-2d02-cc2c-7ba7ac640b22,34,-75.0,-79.0,-64.0,-75.0,nan,nan,nan,2.9197731727071314,3.12238913160145,-2.7315089889272497,-0.04411845925047067,nan,nan,nan,1.512239939168725,1.0404973707890945,0.4879473044015171,0.8641051596746228,nan,nan,nan,nan,nan,nan,-2.34,6.84,1.65
1743699453.305107,2c08d2cc-7a1c-9d34-25ea-6265acb43d72,8f640ca6-f303-f1d0-d232-95939047263b,5,-65.0,-69.0,-61.0,-71.0,nan,nan,nan,2.77542078687713,3.0383360391730228,-2.7067967182240773,-0.08015342564422384,nan,nan,nan,1.4782027430666944,1.1168774966428396,0.5362098420452328,0.7860708778888024,nan,nan,nan,nan,nan,nan,-2.34,6.84,1.65
1743699454.301455,2c08d2cc-7a1c-9d34-25ea-6265acb43d72,12786cfd-4ca1-dc0b-7453-8b0c5b56cef0,30,-81.0,-77.0,-64.0,-74.0,-56.0,-51.0,-61.0,-2.9416995105939714,3.0186110702432423,-2.7004900864466608,-0.046841008832858674,-0.7255552026937158,-2.310712711566713,-1.748712924448876,1.271468072388514,1.065672299152641,0.5832268858261458,0.7908110383130343,0.4825427476666032,0.5148495139379403,0.787244896860969,-3.547696352005005,5.865075588226318,1.3132836818695068,-2.34,6.84,1.65
1743699455.27475,2c08d2cc-7a1c-9d34-25ea-6265acb43d72,22cb442b-7149-7555-219c-05c9cbc0d4d3,11,-66.0,-82.0,-62.0,-74.0,-49.0,-45.0,-55.0,-3.12924517351175,3.0120714118704432,-2.741949379348687,-0.10749849740104846,-0.6704789777915499,-2.333435563238102,0.1452108106338347,1.3360573188320422,1.107721748552229,0.5120796051982973,0.8195885578411853,0.3947404264625609,0.3384523430331756,1.200723442200165,-3.392686367034912,5.980863571166992,1.3759005069732666,-2.34,6.84,1.65
1743699456.303735,2c08d2cc-7a1c-9d34-25ea-6265acb43d72,10c17f51-857d-d33e-777f-f46c21121556,26,-73.0,-79.0,-63.0,-73.0,nan,-51.0,nan,-3.1400144643278125,3.0186094723465877,-2.722614563518603,-0.03481417335006084,nan,-2.3594621510830667,nan,1.2550637990219533,1.047120252945958,0.5101922562232719,0.6961833321442298,nan,0.3194733207224177,nan,-3.21039080619812,6.107933044433594,1.4096488952636719,-2.34,6.84,1.65
1743699457.301114,2c08d2cc-7a1c-9d34-25ea-6265acb43d72,0904da72-0cfb-bac9-0132-f3232f910043,26,-74.0,-79.0,-63.0,-73.0,nan,-51.0,nan,2.980864490216895,2.96173127568133,-2.706324007130588,0.03246739579748301,nan,-2.345919117010725,nan,1.1594936001433696,1.0605481774782466,0.5345021565752468,0.6910102748848054,nan,0.3020398666518934,nan,-3.020625591278076,6.268648147583008,1.5044490098953247,-2.34,6.84,1.65
1743699458.301636,2c08d2cc-7a1c-9d34-25ea-6265acb43d72,30fd9659-3b6d-a795-27b9-af74f96113e8,18,-68.0,-75.0,-67.0,-82.0,-65.0,nan,-62.0,2.7298226753250114,3.0130844783491093,-2.759674846932037,0.054227019800084444,-0.6824576238636508,nan,-0.7810121622833238,1.4066494635306637,1.0465506027887903,0.5888929607823711,0.7748977186934294,0.30382702240433546,nan,0.811168848859285,-2.870732545852661,6.377138137817383,1.556826114654541,-2.34,6.84,1.65
1743699459.300548,2c08d2cc-7a1c-9d34-25ea-6265acb43d72,bcacb6ea-3234-f115-9105-9690b967de2b,6,-64.0,-70.0,-60.0,-72.0,-51.0,-45.0,-56.0,2.732523120670352,3.0819378451720185,-2.741977875172351,0.025484321103186245,-0.6168872681467341,3.104204876699945,-0.7255552026937158,1.4634167395365205,1.0841619608107884,0.5685078607973868,0.7771659329938498,0.2590751733522988,0.3662853138480687,0.4825427476666032,-2.796024799346924,6.238248348236084,1.5521537065505981,-2.34,6.84,1.65
1743699460.27404,2c08d2cc-7a1c-9d34-25ea-6265acb43d72,85b751ca-4064-94e8-8415-1d0ae58e4d81,6,-64.0,-70.0,-60.0,-72.0,-52.0,-46.0,-55.0,2.8260565339472428,3.0760266928164786,-2.7013843759407092,-0.005616873055086121,-0.6142928569973679,2.7173120653541014,-0.7292111011844178,1.4523804668211773,1.0817704421518972,0.5899020990984294,0.8540695697388772,0.24482559917197272,0.32027880707508505,0.33464732055105695,-2.704450845718384,6.131985664367676,1.5579867362976074,-2.34,6.84,1.65
1743699461.303853,2c08d2cc-7a1c-9d34-25ea-6265acb43d72,4373f74d-c9bf-60f2-021c-928a4335ce64,24,-69.0,-75.0,-64.0,-74.0,-63.0,-51.0,nan,2.710978680083829,2.8815573436967123,-2.700504201200438,-0.011548265434910599,-0.7176478216000378,-2.958273031188171,nan,1.4013021023778935,1.1055587291148665,0.5841416150815606,0.8811810156890747,0.2127518123527144,0.3092269374060464,nan,-2.783949613571167,6.02518129348755,1.5306265354156494,-2.34,6.84,1.65
1743699462.275556,2c08d2cc-7a1c-9d34-25ea-6265acb43d72,cd67beb8-6e93-6949-b4cb-90180a965597,33,-80.0,-79.0,-64.0,-75.0,-53.0,-51.0,-60.0,2.7826017344404197,3.0959279630104226,-2.6970274443973397,0.020836039736561944,-0.7114501437511467,-1.5228829324211695,-0.7815644543520484,1.4348286373409012,0.9924422268152688,0.596087224151111,0.9436809456784083,0.33951279193080147,1.2213122625314394,0.2528224714633967,-2.7928080558776855,5.935433387756348,1.5497512817382812,-2.34,6.84,1.65
1743699463.303697,2c08d2cc-7a1c-9d34-25ea-6265acb43d72,f18feffb-aeb9-5969-1c37-2d36a10fdef7,12,-67.0,-86.0,-62.0,-76.0,-50.0,-47.0,-56.0,2.813088537335211,-2.5552830922228535,-2.7609662137446165,0.00030706247368613614,-0.6824576238636508,-2.2993005754990423,-0.954552835728877,1.467319468955977,1.038935160493654,0.5952217633758626,0.9059344988101159,0.30382702240433546,0.7236159465559135,0.3100440430067001,-2.8179385662078857,5.906976222991943,1.496708869934082,-2.34,6.84,1.65
1743699464.302189,2c08d2cc-7a1c-9d34-25ea-6265acb43d72,fe3ab830-7d65-5fd9-d201-34657764b52b,1,-69.0,-69.0,-62.0,-69.0,-58.0,nan,nan,2.7918626108150617,-2.577561233689693,-2.719445934453627,-0.008543953409192211,-0.6905753528263952,nan,nan,1.4629211252576564,1.1753945360639053,0.5592055722677945,0.7751920645729103,0.2594522846423193,nan,nan,-2.79551362991333,5.917788982391357,1.5321660041809082,-2.34,6.84,1.65
1743699465.274673,2c08d2cc-7a1c-9d34-25ea-6265acb43d72,77de25a0-9ccd-b5ae-b843-8a746c178625,26,-73.0,-79.0,-64.0,-73.0,-78.0,nan,nan,2.830910411350021,-2.63468683802022,-2.712736366403281,0.02532559670221752,-0.8077300519841852,nan,nan,1.450402403921521,1.1947340124258974,0.5946284776640203,0.6985594044687986,0.20823976651618412,nan,nan,nan,nan,nan,-2.34,6.84,1.65
1743699466.30431,2c08d2cc-7a1c-9d34-25ea-6265acb43d72,9e9f7be3-cf32-c840-453e-85b3542aa7ea,10,-64.0,-75.0,-60.0,-74.0,-50.0,-46.0,-56.0,2.583205004671789,-2.70409281076932,-2.7410731993500512,-0.04436480165130301,-0.7053395057319415,2.9736662540913823,-0.821261216717667,1.3607490831948208,1.2454998549152605,0.5406088182443121,0.8251963761485652,0.242521718698813,0.586862096713708,0.3208126082301309,-2.728461980819702,5.93215560913086,1.5459719896316528,-2.34,6.84,1.65
1743699467.274186,2c08d2cc-7a1c-9d34-25ea-6265acb43d72,6b1d21eb-0e59-5e50-670f-431a75a99db2,21,-68.0,-75.0,-65.0,-78.0,-61.0,-50.0,-64.0,2.6568264951103755,-2.8097486670121423,-2.8122736100416468,-0.007544202735976466,-0.7377685561250699,-2.7785125053237265,-0.10412602201739023,1.3200850101942923,1.1919008085002167,0.5438311432947671,0.8142194919255311,0.22248671690437516,0.41107327045525377,0.8350566935525396,-2.7952957153320312,5.866432189941406,1.5528240203857422,-2.34,6.84,1.65
1743699468.304232,2c08d2cc-7a1c-9d34-25ea-6265acb43d72,69a9e987-3660-80dc-40af-d98498a52706,25,-70.0,-76.0,-64.0,-73.0,-65.0,-51.0,nan,2.6710658848268114,-2.9251463665224753,-2.8124983808376496,-0.006384662397355966,0.03631208839305432,-2.569723465977294,nan,1.3261333153459711,1.1323928734165596,0.5947667623036226,0.7974267299349546,0.2790780071236759,0.31222969312602256,nan,-2.982652187347412,5.687541484832764,1.5593156814575195,-2.34,6.84,1.65
1743699469.300383,2c08d2cc-7a1c-9d34-25ea-6265acb43d72,407b8fe5-0012-36f8-b680-19176918af6d,11,-66.0,-82.0,-62.0,-75.0,-49.0,-45.0,-56.0,2.807608284444046,-2.9302681579309158,-2.8173533235048636,-0.08572316074801556,-0.2928341518213396,-2.436253147724284,0.4973493445422896,1.3801450185719228,1.2113627902723523,0.550205485942899,0.778381666031471,0.3015977315415592,0.2425217187353828,0.721006526623162,-3.058760643005371,5.672493934631348,1.582634449005127,-2.34,6.84,1.65
1743699470.305966,2c08d2cc-7a1c-9d34-25ea-6265acb43d72,9b8b6bff-bb49-7fe8-f475-6874e7c3dbe8,13,-66.0,-83.0,-63.0,-77.0,-51.0,-49.0,-57.0,2.8111513539582873,-2.9847708149038232,-2.8067885634605196,-0.1405493917933678,-0.4995941516477507,-2.3862928180409146,-0.45543037694845845,1.4073530706906625,1.1631565119066645,0.5228327838897648,0.8160687244074549,0.32499936181273387,0.21902141434409605,0.6799795121503024,-3.0654993057250977,5.8564863204956055,1.647131323814392,-2.34,6.84,1.65
1743699471.303271,2c08d2cc-7a1c-9d34-25ea-6265acb43d72,ed2f419e-c225-21e7-3e8a-92e7e460d0bd,12,-66.0,-86.0,-62.0,-76.0,-50.0,-47.0,-56.0,2.7249395031502424,-2.9466034554252434,-2.814430770524611,-0.14088361851017275,-0.571869187498759,-2.3713728376801697,0.33223776599425275,1.4027752299348706,1.1376695276423883,0.5136556639314063,0.8125166667245345,0.31222969307436127,0.20297934429046777,0.8097257782858449,-3.0713462829589844,6.007502555847168,1.6770527362823486,-2.34,6.84,1.65
1743699472.30514,2c08d2cc-7a1c-9d34-25ea-6265acb43d72,e98128d1-eebb-c121-fdf6-0ddac4eab77e,27,-78.0,nan,-63.0,-74.0,-69.0,-50.0,-66.0,2.6998844836147766,nan,-2.7623894070311548,-0.01152882435895302,-0.9338807581561291,-2.3775426119685887,-0.9213817280421909,1.3471359358087174,nan,0.5785614270704904,0.7149163401469835,0.46286982984115016,0.25698993990212693,0.8920787801725638,-2.95474624633789,6.125064373016357,1.6964590549468994,-2.34,6.84,1.65
1743699473.302857,2c08d2cc-7a1c-9d34-25ea-6265acb43d72,188c825b-507f-8a78-dee7-3b95d2ce8980,29,-88.0,nan,-63.0,-74.0,-59.0,-51.0,-62.0,2.568833522165286,nan,-2.7472301614742056,0.041975413521283915,-0.9483855704206516,-2.3770414151922665,-1.1709447613442925,1.2402377149173727,nan,0.64110143763423,0.6760104195190977,0.5746031553877347,0.32462569272385783,0.6956133203683725,-2.959507942199707,6.225148677825928,1.6576855182647705,-2.34,6.84,1.65
1743699474.305004,2c08d2cc-7a1c-9d34-25ea-6265acb43d72,04ae7cb3-ded6-afb0-294a-fbdb0ebe9cf0,6,-64.0,nan,-61.0,-73.0,-52.0,-45.0,-56.0,2.568273193071933,nan,-2.727112908915856,-0.03771728525435622,-0.7264667793789538,3.08587917614895,-0.9001772974345872,1.354280664381182,nan,0.5510539690661983,0.748497603070392,0.4369879081266198,0.34856708712735424,0.48068054755619627,-2.896340847015381,6.228604316711426,1.7051783800125122,-2.34,6.84,1.65
1743699475.30226,2c08d2cc-7a1c-9d34-25ea-6265acb43d72,01286886-9a4f-de9a-016a-31caff3a95e1,1,-69.0,nan,-62.0,-68.0,nan,nan,-59.0,2.5848652192953447,nan,-2.774131550593423,-0.07653498867113318,nan,nan,-0.8301262659412234,1.3516330827834797,nan,0.5565151803555692,0.7782358579617892,nan,nan,0.3444824519579614,nan,nan,nan,-2.34,6.84,1.65
1743699476.274787,2c08d2cc-7a1c-9d34-25ea-6265acb43d72,d2bfd34b-7c53-97cd-ce67-17d138c9a62c,18,-68.0,nan,-67.0,-85.0,-66.0,-48.0,-62.0,2.5669575914934337,nan,-2.8328617094807225,-0.012890498624310536,-0.7252609053126876,-2.7398759057929616,-0.9702036084822931,1.3652600786072517,nan,0.5073732336303958,0.8189352844257889,0.32160928139075057,0.29058794254987147,0.4157872926045881,-2.8719305992126465,6.21230697631836,1.6835761070251465,-2.34,6.84,1.65
1743699477.301002,2c08d2cc-7a1c-9d34-25ea-6265acb43d72,1d9b16b5-99cf-500f-9e9b-6e7f103b679e,6,-64.0,-70.0,-60.0,-72.0,-52.0,-45.0,-56.0,2.5727707395208586,-2.325514874434632,-2.806834369831269,-0.01703570886101887,-0.6435163399550751,2.938836902508694,-0.8559701904116415,1.3683790397178979,1.3199089752462378,0.5761715728872806,0.8237427562465726,0.297946538683691,0.325293123158801,0.309432550831364,-2.847593069076538,6.1985015869140625,1.6701719760894775,-2.34,6.84,1.65
1743699478.30337,2c08d2cc-7a1c-9d34-25ea-6265acb43d72,3039199a-8a71-8dac-a7b8-c125533a3685,29,-82.0,-80.0,-63.0,-74.0,-58.0,-51.0,-61.0,2.5744453352143006,-2.5820673022541074,-2.740040958111537,0.06445702049540582,-0.7952478332746439,-2.8709939354141714,-1.0251192706078478,1.4098945253189252,1.29804775164805,0.6181694235407484,0.7781766692065621,0.5311480444262956,0.4393481920381818,0.39786210305754016,-2.910494804382324,6.182528495788574,1.632859468460083,-2.34,6.84,1.65
1743699479.307207,2c08d2cc-7a1c-9d34-25ea-6265acb43d72,e3f1a3c6-254c-2d13-cbbd-ea6e8542c3dd,13,-66.0,-82.0,-63.0,-76.0,-51.0,-47.0,-56.0,2.576542308256629,-2.9188732905747936,-2.724249478111803,0.05811230551440104,-0.7319913914314206,-2.6057848421812997,-1.1190579995303531,1.4731009253664298,1.2987175366622048,0.5605000017156275,0.825406632716627,0.4500028201348537,0.3188088659532153,0.39894676311306854,-2.8177449703216553,6.323786735534668,1.581925630569458,-2.34,6.84,1.65
1743699480.302884,2c08d2cc-7a1c-9d34-25ea-6265acb43d72,73027421-b600-310c-c598-6579f3fbb1a8,35,-74.0,-80.0,-64.0,-75.0,-52.0,-52.0,-59.0,2.6058812887215956,-2.957016148971344,-2.7359319668656537,-0.03455877620152224,-0.6773326225629468,-1.4803948653928545,-0.9592027392421977,1.5152313348631559,1.3050687763878803,0.5160826359223091,0.8963386633493695,0.46847511861071306,1.0448286932271609,0.3200986440460271,-2.822713851928711,6.317296504974365,1.423279047012329,-2.34,6.84,1.65
1743699481.303792,2c08d2cc-7a1c-9d34-25ea-6265acb43d72,7589b364-fea9-c210-6cce-50b7c663657a,16,-67.0,-75.0,-64.0,-80.0,nan,nan,nan,2.482402759515636,-2.966252257947848,-2.7662451316573713,-0.006454170901807034,nan,nan,nan,1.511507836185062,1.2737551951326742,0.5444555214123362,0.8902111957342881,nan,nan,nan,nan,nan,nan,-2.34,6.84,1.65
1743699482.306322,2c08d2cc-7a1c-9d34-25ea-6265acb43d72,7267cf04-9331-ad6d-20ea-22f5a0dd9e2a,11,-66.0,-82.0,-61.0,-74.0,-50.0,-45.0,-55.0,2.4517188827001792,-3.0318427198031914,-2.7952477548766614,-0.007902131586483115,-0.6569329135728876,-2.2157874890483793,-0.9639444061275984,1.4298196308046256,1.2667390972408605,0.5070227283414277,0.8633121368810245,0.41361858502238574,0.6912673266957046,0.40587865240382154,-2.7919485569000244,6.348751068115234,1.315162181854248,-2.34,6.84,1.65
1743699483.301538,2c08d2cc-7a1c-9d34-25ea-6265acb43d72,1dc664b8-97a8-c40a-e4c1-64de2bbba03e,21,-68.0,-75.0,-66.0,-79.0,-63.0,-50.0,-63.0,2.606114049000869,-3.0022573969373925,-2.7902886826108246,0.043305662485778496,-0.7179118618016956,-2.314952274379042,-1.092128336429329,1.4375902022332585,1.2112970101934273,0.5675000540618734,0.8642196090224691,0.2954015192830881,0.4285598380468957,0.2209796676691784,-2.79401445388794,6.360352516174316,1.261682152748108,-2.34,6.84,1.65
1743699484.307186,2c08d2cc-7a1c-9d34-25ea-6265acb43d72,777329fe-9a07-30a5-5a3f-8d408864ffac,0,-68.0,-72.0,-61.0,-68.0,-59.0,-46.0,-60.0,2.7534305331241278,-3.008607438240577,-2.758842076459169,-0.01787833302991994,-0.7053395057319415,-2.3946672625923857,-0.954648667731773,1.4016099637999067,1.2061877356421102,0.5176292001463453,0.8342916039034037,0.242521718698813,0.3863045141030479,0.20731471579818025,-2.8114800453186035,6.380810260772705,1.2523754835128784,-2.34,6.84,1.65
1743699485.305465,2c08d2cc-7a1c-9d34-25ea-6265acb43d72,edd4adfb-50a0-d85b-8395-b58cca225281,36,-72.0,-80.0,-64.0,-74.0,-51.0,-51.0,-58.0,2.845666454317932,-3.0017239657710495,-2.719018497098669,-0.03868348009783697,-0.6618367824960055,-1.4104585227356465,-0.8799613517821566,1.5200386069468586,1.21672546460139,0.449981679375511,0.9033549609782652,0.36729548690165503,0.9151968389455838,0.20414847291735158,-2.681122064590454,6.467679977416992,1.2891197204589844,-2.34,6.84,1.65
1743699486.302322,2c08d2cc-7a1c-9d34-25ea-6265acb43d72,06c83575-4fba-9216-e474-31391f23006a,35,-74.0,-80.0,-64.0,-74.0,-60.0,-55.0,-60.0,2.8247435955298337,-2.975125111751665,-2.7059719372344797,-0.06215551668135934,-0.6434187340338614,-0.7992631532220743,-0.8399787111130029,1.502292633023115,1.0853277595779707,0.4565549934465854,0.890961807687527,0.4327129940736149,0.6760062650493096,0.1891093769948237,-2.6124417781829834,6.57494831085205,1.3047468662261963,-2.34,6.84,1.65
1743699487.301883,2c08d2cc-7a1c-9d34-25ea-6265acb43d72,8c3bdda7-2eae-4fdc-07d4-fd3b881b73c8,31,-82.0,-78.0,-66.0,-75.0,-54.0,-51.0,-60.0,2.914067616387745,-2.959194881059138,-2.674509884748502,-0.06618807520395732,-0.682981361377579,-0.6719088622556804,-1.5876483241992823,1.446828841212798,1.0912076197907021,0.5205645362998307,0.8779919468627321,0.4820447900148958,0.4548448913217516,0.7677978022438534,-2.58624815940857,6.6409759521484375,1.3286118507385254,-2.34,6.84,1.65
1743699488.303309,2c08d2cc-7a1c-9d34-25ea-6265acb43d72,4593367f-69ec-79a4-b21f-e22c81231bf1,33,-78.0,-78.0,-64.0,-77.0,nan,nan,nan,2.909509349865966,-2.9851745501250795,-2.667181398060822,0.013047092496407196,nan,nan,nan,1.4881050417898813,1.0013392488059782,0.46723633336764797,0.9707479168384014,nan,nan,nan,nan,nan,nan,-2.34,6.84,1.65
1743699489.302968,2c08d2cc-7a1c-9d34-25ea-6265acb43d72,58246226-ae58-79d4-fbb2-0aef021d5472,30,-81.0,-78.0,-64.0,-74.0,-56.0,-51.0,-61.0,-2.9522373727113065,-2.9307922680334433,-2.6469818538247885,0.04143772129719692,-0.7556586283846416,-1.4961915574065818,-2.122652096980714,1.3781424545902372,0.9901007090058439,0.5353603602365248,0.9149710704419456,0.5801144950850192,0.9579765879516029,0.5910193433167189,-3.0189406871795654,6.293689250946045,1.2668919563293457,-2.34,6.84,1.65
1743699490.302033,2c08d2cc-7a1c-9d34-25ea-6265acb43d72,d8372a5d-c36c-e695-0591-78dd395b6455,10,-65.0,-74.0,-60.0,-74.0,nan,nan,nan,2.8240618262907735,-2.9549420791143906,-2.6877694974998976,-0.026251311497129066,nan,nan,nan,1.370636867690067,1.1992816263033168,0.5624343887734066,0.8903324361429139,nan,nan,nan,nan,nan,nan,-2.34,6.84,1.65
1743699491.273973,2c08d2cc-7a1c-9d34-25ea-6265acb43d72,983bec2c-13e8-a0f8-9259-8d80184e7e8e,9,-64.0,-72.0,-60.0,-73.0,-51.0,nan,-55.0,2.789435405797563,-2.9862816261902254,-2.698437055562319,-0.05308345842800442,-0.6703231484532366,nan,-1.2768095664832981,1.3167082550901257,1.343908584041705,0.5332880880133068,0.9552225532105939,0.5018425066387275,nan,0.7586028552248392,-3.1044251918792725,6.20232105255127,1.2599737644195557,-2.34,6.84,1.65
1743699492.273825,2c08d2cc-7a1c-9d34-25ea-6265acb43d72,a580c309-a44f-64b7-2b2f-0e69a1b26bd8,21,-68.0,-75.0,-66.0,-78.0,-63.0,-52.0,-64.0,2.747154527699247,-3.015404091658569,-2.7189628370318863,0.02655411291307108,-0.7114501437511467,-2.181854553430776,-0.222539961489589,1.2967338811242592,1.3121141690516849,0.561246552348204,0.8578157052862372,0.33951279193080147,0.6684151564330582,1.2492244647655615,-3.2169909477233887,6.0867133140563965,1.2841229438781738,-2.34,6.84,1.65
1743699493.27452,2c08d2cc-7a1c-9d34-25ea-6265acb43d72,c15ac3be-d9c2-e553-54c6-a55114290d66,24,-69.0,-75.0,-64.0,-74.0,-64.0,-51.0,nan,2.7606801902435416,-3.03541082303168,-2.7238630534376322,0.052158808897528906,0.055713477428993616,-2.308977879802006,nan,1.3376058138478688,1.2219930640795125,0.5288165073850094,0.820835050389397,0.34856708705914996,0.44034365320335905,nan,-3.31940245628357,5.92565679550171,1.428622841835022,-2.34,6.84,1.65
1743699494.30224,2c08d2cc-7a1c-9d34-25ea-6265acb43d72,9e2c8285-cc77-bf2d-6f1c-3003fd7ee97f,23,-69.0,-74.0,-64.0,-75.0,-62.0,-50.0,nan,2.791645829502329,-3.020043318277487,-2.7327132703721833,0.06611244142899907,0.41774438297000666,-2.341943239906031,nan,1.365713082308674,1.2100502513291067,0.633035787956816,0.8382714318364183,0.27248914477048947,0.31422912082428944,nan,-3.5229921340942383,5.68090009689331,1.4794836044311523,-2.34,6.84,1.65
